xof 0303txt 0032

template XSkinMeshHeader {
  <3cf169ce-ff7c-44ab-93c0-f78f62d172e2>
  WORD nMaxSkinWeightsPerVertex;
  WORD nMaxSkinWeightsPerFace;
  WORD nBones;
}

template SkinWeights {
  <6f0d123b-bad2-4167-a0d0-80224f25fabb>
  STRING transformNodeName;
  DWORD nWeights;
  array DWORD vertexIndices[nWeights];
  array float weights[nWeights];
  Matrix4x4 matrixOffset;
}

Frame Root {
  FrameTransformMatrix {
     1.000000, 0.000000, 0.000000, 0.000000,
     0.000000,-0.000000, 1.000000, 0.000000,
     0.000000, 1.000000, 0.000000, 0.000000,
     0.000000, 0.000000, 0.000000, 1.000000;;
  }
  Frame Armature {
    FrameTransformMatrix {
       1.000000, 0.000000, 0.000000, 0.000000,
       0.000000, 1.000000, 0.000000, 0.000000,
       0.000000, 0.000000, 1.000000, 0.000000,
       0.129371, 0.080970, 3.001664, 1.000000;;
    }
    Frame Armature_spalla {
      FrameTransformMatrix {
        -0.773856, 0.000001,-0.633362, 0.000000,
         0.633361, 0.000000,-0.773856, 0.000000,
        -0.000001,-1.000000,-0.000001, 0.000000,
         1.764096,-0.082245,-0.810312, 1.000000;;
      }
      Frame Armature_collodietro {
        FrameTransformMatrix {
          -0.000001,-0.000000, 1.000000, 0.000000,
          -0.624297, 0.781187,-0.000001, 0.000000,
          -0.781187,-0.624297,-0.000001, 0.000000,
          -0.000000, 0.540891,-0.000000, 1.000000;;
        }
        Frame Armature_coll {
          FrameTransformMatrix {
             1.000000,-0.000000,-0.000000, 0.000000,
             0.000000, 0.992266, 0.124127, 0.000000,
             0.000000,-0.124127, 0.992266, 0.000000,
             0.000000, 0.449071,-0.000000, 1.000000;;
          }
          Frame Armature_lore {
            FrameTransformMatrix {
              -0.001939, 0.999998,-0.000578, 0.000000,
              -0.547705,-0.000578, 0.836671, 0.000000,
               0.836669, 0.001939, 0.547705, 0.000000,
              -0.182533, 0.430808, 0.200324, 1.000000;;
            }
          } // End of Armature_lore
          Frame Armature_rore {
            FrameTransformMatrix {
               0.001795, 0.999998,-0.000489, 0.000000,
               0.507213,-0.000489, 0.861821, 0.000000,
               0.861819,-0.001795,-0.507212, 0.000000,
               0.172870, 0.424088, 0.193871, 1.000000;;
            }
          } // End of Armature_rore
          Frame Armature_testa {
            FrameTransformMatrix {
               1.000000,-0.000000,-0.000000, 0.000000,
               0.000000, 0.886780,-0.462192, 0.000000,
               0.000000, 0.462192, 0.886780, 0.000000,
               0.000000, 0.308287,-0.000000, 1.000000;;
            }
            Frame Armature_p1 {
              FrameTransformMatrix {
                 1.000000, 0.000000, 0.000000, 0.000000,
                -0.000000, 0.967825, 0.251623, 0.000000,
                -0.000000,-0.251623, 0.967825, 0.000000,
                -0.000000, 0.424559,-0.000000, 1.000000;;
              }
              Frame Armature_p2 {
                FrameTransformMatrix {
                   1.000000,-0.000000, 0.000000, 0.000000,
                  -0.000000, 0.991008, 0.133804, 0.000000,
                  -0.000000,-0.133804, 0.991008, 0.000000,
                   0.000000, 0.169644, 0.000000, 1.000000;;
                }
                Frame Armature_p3 {
                  FrameTransformMatrix {
                     1.000000, 0.000000, 0.000000, 0.000000,
                    -0.000000, 0.996007, 0.089272, 0.000000,
                    -0.000000,-0.089272, 0.996007, 0.000000,
                    -0.000000, 0.139935,-0.000000, 1.000000;;
                  }
                  Frame Armature_p4 {
                    FrameTransformMatrix {
                       1.000000, 0.000000,-0.000000, 0.000000,
                      -0.000000, 0.997128, 0.075738, 0.000000,
                       0.000000,-0.075738, 0.997128, 0.000000,
                       0.000000, 0.157072,-0.000000, 1.000000;;
                    }
                    Frame Armature_p5 {
                      FrameTransformMatrix {
                         1.000000, 0.000000, 0.000000, 0.000000,
                        -0.000000, 0.999940, 0.010986, 0.000000,
                        -0.000000,-0.010986, 0.999940, 0.000000,
                         0.000000, 0.145438, 0.000000, 1.000000;;
                      }
                      Frame Armature_p6 {
                        FrameTransformMatrix {
                           1.000000,-0.000000,-0.000000, 0.000000,
                           0.000000, 1.000000, 0.000000, 0.000000,
                          -0.000000,-0.000000, 1.000000, 0.000000,
                           0.000000, 0.131880, 0.000000, 1.000000;;
                        }
                      } // End of Armature_p6
                    } // End of Armature_p5
                  } // End of Armature_p4
                } // End of Armature_p3
              } // End of Armature_p2
            } // End of Armature_p1
          } // End of Armature_testa
        } // End of Armature_coll
      } // End of Armature_collodietro
      Frame Armature_lomero {
        FrameTransformMatrix {
          -0.676764, 0.491120,-0.548446, 0.000000,
           0.733432, 0.514322,-0.444466, 0.000000,
           0.063792,-0.703046,-0.708277, 0.000000,
           0.065969, 0.265480,-0.443440, 1.000000;;
        }
        Frame Armature_lraduln {
          FrameTransformMatrix {
            -0.416633,-0.109938,-0.902403, 0.000000,
             0.314781, 0.913805,-0.256659, 0.000000,
             0.852837,-0.390992,-0.346115, 0.000000,
            -0.000000, 0.754076, 0.000000, 1.000000;;
          }
          Frame Armature_mano {
            FrameTransformMatrix {
               0.920344,-0.221640, 0.322246, 0.000000,
               0.095385, 0.926247, 0.364648, 0.000000,
              -0.379300,-0.304864, 0.873607, 0.000000,
              -0.000000, 1.036952, 0.000000, 1.000000;;
            }
            Frame Armature__1 {
              FrameTransformMatrix {
                 0.746978,-0.661080,-0.070686, 0.000000,
                 0.652921, 0.709371, 0.265492, 0.000000,
                -0.125369,-0.244469, 0.961518, 0.000000,
                 0.039421, 0.176095,-0.003052, 1.000000;;
              }
              Frame Armature__2 {
                FrameTransformMatrix {
                   0.776556, 0.078757,-0.625106, 0.000000,
                  -0.099858, 0.995001, 0.001308, 0.000000,
                   0.622084, 0.061406, 0.780539, 0.000000,
                   0.000000, 0.223120, 0.000000, 1.000000;;
                }
              } // End of Armature__2
            } // End of Armature__1
            Frame Armature__3 {
              FrameTransformMatrix {
                 0.746978,-0.661080,-0.070686, 0.000000,
                 0.652921, 0.709371, 0.265492, 0.000000,
                -0.125369,-0.244469, 0.961518, 0.000000,
                -0.038278, 0.239951, 0.003052, 1.000000;;
              }
              Frame Armature__4 {
                FrameTransformMatrix {
                   0.776556, 0.078757,-0.625106, 0.000000,
                  -0.099858, 0.995001, 0.001308, 0.000000,
                   0.622084, 0.061406, 0.780539, 0.000000,
                   0.000000, 0.223120,-0.000000, 1.000000;;
                }
              } // End of Armature__4
            } // End of Armature__3
          } // End of Armature_mano
        } // End of Armature_lraduln
      } // End of Armature_lomero
      Frame Armature_romero {
        FrameTransformMatrix {
          -0.673156, 0.482968, 0.560004, 0.000000,
           0.725833, 0.576435, 0.375353, 0.000000,
          -0.141523, 0.659140,-0.738584, 0.000000,
           0.065968, 0.265480, 0.429384, 1.000000;;
        }
        Frame Armature_radulnr {
          FrameTransformMatrix {
             0.272608,-0.557870, 0.783878, 0.000000,
             0.422240, 0.801455, 0.423537, 0.000000,
            -0.864522, 0.215525, 0.454039, 0.000000,
            -0.000000, 0.754077, 0.000000, 1.000000;;
          }
          Frame Armature_manor {
            FrameTransformMatrix {
              -0.870989,-0.472666, 0.134036, 0.000000,
              -0.307713, 0.737504, 0.601166, 0.000000,
              -0.383002, 0.482365,-0.787803, 0.000000,
               0.000000, 1.036952,-0.000000, 1.000000;;
            }
            Frame Armature_r1 {
              FrameTransformMatrix {
                 0.692095,-0.101571,-0.714625, 0.000000,
                 0.107273, 0.993529,-0.037321, 0.000000,
                 0.713791,-0.050831, 0.698512, 0.000000,
                 0.035618, 0.204804,-0.036047, 1.000000;;
              }
              Frame Armature_r2 {
                FrameTransformMatrix {
                   0.417833,-0.661784,-0.622460, 0.000000,
                   0.871362, 0.485855, 0.068362, 0.000000,
                   0.257185,-0.570952, 0.779660, 0.000000,
                  -0.000000, 0.223121, 0.000000, 1.000000;;
                }
              } // End of Armature_r2
            } // End of Armature_r1
            Frame Armature_r3 {
              FrameTransformMatrix {
                 0.692095,-0.101571,-0.714625, 0.000000,
                 0.107273, 0.993529,-0.037321, 0.000000,
                 0.713791,-0.050831, 0.698512, 0.000000,
                -0.034474, 0.211242, 0.036047, 1.000000;;
              }
              Frame Armature_r4 {
                FrameTransformMatrix {
                   0.417833,-0.661784,-0.622460, 0.000000,
                   0.871362, 0.485855, 0.068362, 0.000000,
                   0.257185,-0.570952, 0.779660, 0.000000,
                  -0.000000, 0.223120, 0.000000, 1.000000;;
                }
              } // End of Armature_r4
            } // End of Armature_r3
          } // End of Armature_manor
        } // End of Armature_radulnr
      } // End of Armature_romero
    } // End of Armature_spalla
    Frame Armature_corpo {
      FrameTransformMatrix {
        -0.000000, 1.000000, 0.000000, 0.000000,
        -0.986916, 0.000000,-0.161238, 0.000000,
        -0.161238,-0.000000, 0.986916, 0.000000,
         1.764096,-0.082245,-0.810312, 1.000000;;
      }
      Frame Armature_coda1 {
        FrameTransformMatrix {
           1.000000, 0.000000,-0.000000, 0.000000,
           0.000000, 0.945260, 0.326317, 0.000000,
           0.000000,-0.326317, 0.945260, 0.000000,
          -0.000000, 1.407023,-0.000000, 1.000000;;
        }
        Frame Armature_coda2 {
          FrameTransformMatrix {
             1.000000,-0.000000, 0.000000, 0.000000,
             0.000000, 0.995465,-0.095125, 0.000000,
            -0.000000, 0.095125, 0.995465, 0.000000,
            -0.000000, 0.525670, 0.000000, 1.000000;;
          }
        } // End of Armature_coda2
      } // End of Armature_coda1
    } // End of Armature_corpo
    Frame Armature_lcoscia {
      FrameTransformMatrix {
         0.942699, 0.000000,-0.333643, 0.000000,
        -0.333643, 0.000000,-0.942699, 0.000000,
         0.000000, 1.000000, 0.000000, 0.000000,
         1.076264, 0.712830,-0.587243, 1.000000;;
      }
      Frame Armature_lginocchio {
        FrameTransformMatrix {
           0.308658, 0.951173, 0.000000, 0.000000,
          -0.951173, 0.308658, 0.000000, 0.000000,
           0.000000, 0.000000, 1.000000, 0.000000,
          -0.000000, 1.290632, 0.000000, 1.000000;;
        }
        Frame Armature_lpolp {
          FrameTransformMatrix {
             0.781578,-0.623807, 0.000000, 0.000000,
             0.623807, 0.781578, 0.000000, 0.000000,
             0.000000, 0.000000, 1.000000, 0.000000,
             0.000000, 0.973923, 0.000000, 1.000000;;
          }
          Frame Armature_lpied {
            FrameTransformMatrix {
               0.509925,-0.860219, 0.000000, 0.000000,
               0.860219, 0.509925, 0.000000, 0.000000,
              -0.000000, 0.000000, 1.000000, 0.000000,
              -0.000000, 1.290566, 0.000000, 1.000000;;
            }
          } // End of Armature_lpied
        } // End of Armature_lpolp
      } // End of Armature_lginocchio
    } // End of Armature_lcoscia
    Frame Armature_rcoscia {
      FrameTransformMatrix {
         0.946138, 0.000000,-0.323765, 0.000000,
        -0.323765, 0.000000,-0.946138, 0.000000,
         0.000000, 1.000000, 0.000000, 0.000000,
         1.073394,-0.879699,-0.571400, 1.000000;;
      }
      Frame Armature_rgino {
        FrameTransformMatrix {
           0.416243, 0.909254, 0.000000, 0.000000,
          -0.909254, 0.416243, 0.000000, 0.000000,
           0.000000, 0.000000, 1.000000, 0.000000,
           0.000000, 1.290632, 0.000000, 1.000000;;
        }
        Frame Armature_rpolp {
          FrameTransformMatrix {
             0.873273,-0.487231, 0.000000, 0.000000,
             0.487231, 0.873273, 0.000000, 0.000000,
             0.000000, 0.000000, 1.000000, 0.000000,
             0.000000, 0.973923,-0.000000, 1.000000;;
          }
          Frame Armature_rpiede {
            FrameTransformMatrix {
               0.425178,-0.905110, 0.000000, 0.000000,
               0.905110, 0.425178,-0.000000, 0.000000,
              -0.000000, 0.000000, 1.000000, 0.000000,
               0.000000, 1.290566,-0.000000, 1.000000;;
            }
          } // End of Armature_rpiede
        } // End of Armature_rpolp
      } // End of Armature_rgino
    } // End of Armature_rcoscia
    Frame Cube_004 {
      FrameTransformMatrix {
         0.271655, 0.000000, 0.000000, 0.000000,
         0.000000, 0.379770, 0.000000, 0.000000,
        -0.000000, 0.000000, 0.388056, 0.000000,
         0.655636,-0.080970, 0.429427, 1.000000;;
      }
      Mesh { // Cube_004 mesh
        912;
         0.318433; 1.267909;-1.960460;,
         0.318433; 1.008994;-1.960460;,
        -0.318433; 1.008994;-1.960460;,
        -0.318432; 1.267909;-1.960460;,
         0.318433; 1.267909; 0.039540;,
        -0.318432; 1.267909; 0.039539;,
        -0.318433; 1.008994; 0.039539;,
         0.318433; 1.008994; 0.039540;,
         0.318433; 1.267909;-1.960460;,
         0.318433; 1.267909; 0.039540;,
         0.318433; 1.008994; 0.039540;,
         0.318433; 1.008994;-1.960460;,
         0.318433; 1.008994;-1.960460;,
         0.318433; 1.008994; 0.039540;,
        -0.318433; 1.008994; 0.039539;,
        -0.318433; 1.008994;-1.960460;,
        -0.318433; 1.008994;-1.960460;,
        -0.318433; 1.008994; 0.039539;,
        -0.318432; 1.267909; 0.039539;,
        -0.318432; 1.267909;-1.960460;,
         0.318433; 1.267909; 0.039540;,
         0.318433; 1.267909;-1.960460;,
        -0.318432; 1.267909;-1.960460;,
        -0.318432; 1.267909; 0.039539;,
         0.217399; 1.238750;-4.632375;,
         0.217399; 1.038153;-4.632375;,
        -0.217399; 1.038153;-4.632375;,
        -0.217398; 1.238750;-4.632375;,
         0.217399; 1.238750;-1.974895;,
        -0.217398; 1.238750;-1.974895;,
        -0.217399; 1.038153;-1.974895;,
         0.217399; 1.038153;-1.974895;,
         0.217399; 1.238750;-4.632375;,
         0.217399; 1.238750;-1.974895;,
         0.217399; 1.038153;-1.974895;,
         0.217399; 1.038153;-4.632375;,
         0.217399; 1.038153;-4.632375;,
         0.217399; 1.038153;-1.974895;,
        -0.217399; 1.038153;-1.974895;,
        -0.217399; 1.038153;-4.632375;,
        -0.217399; 1.038153;-4.632375;,
        -0.217399; 1.038153;-1.974895;,
        -0.217398; 1.238750;-1.974895;,
        -0.217398; 1.238750;-4.632375;,
         0.217399; 1.238750;-1.974895;,
         0.217399; 1.238750;-4.632375;,
        -0.217398; 1.238750;-4.632375;,
        -0.217398; 1.238750;-1.974895;,
         0.313075; 1.207404;-5.189886;,
         0.313075; 1.069499;-5.189886;,
        -0.313075; 1.069499;-5.189886;,
        -0.313074; 1.207404;-5.189886;,
         0.313075; 1.207404;-4.640367;,
        -0.313074; 1.207404;-4.640367;,
        -0.313075; 1.069499;-4.640367;,
         0.313075; 1.069499;-4.640367;,
         0.313075; 1.207404;-5.189886;,
         0.313075; 1.207404;-4.640367;,
         0.313075; 1.069499;-4.640367;,
         0.313075; 1.069499;-5.189886;,
         0.313075; 1.069499;-5.189886;,
         0.313075; 1.069499;-4.640367;,
        -0.313075; 1.069499;-4.640367;,
        -0.313075; 1.069499;-5.189886;,
        -0.313075; 1.069499;-5.189886;,
        -0.313075; 1.069499;-4.640367;,
        -0.313074; 1.207404;-4.640367;,
        -0.313074; 1.207404;-5.189886;,
         0.313075; 1.207404;-4.640367;,
         0.313075; 1.207404;-5.189886;,
        -0.313074; 1.207404;-5.189886;,
        -0.313074; 1.207404;-4.640367;,
        -0.103234; 1.207404;-5.742933;,
        -0.103234; 1.069499;-5.742933;,
        -0.301853; 1.069499;-5.742933;,
        -0.301853; 1.207404;-5.742933;,
        -0.103234; 1.207404;-5.193414;,
        -0.301853; 1.207404;-5.193414;,
        -0.301853; 1.069499;-5.193414;,
        -0.103234; 1.069499;-5.193414;,
        -0.103234; 1.207404;-5.742933;,
        -0.103234; 1.207404;-5.193414;,
        -0.103234; 1.069499;-5.193414;,
        -0.103234; 1.069499;-5.742933;,
        -0.103234; 1.069499;-5.742933;,
        -0.103234; 1.069499;-5.193414;,
        -0.301853; 1.069499;-5.193414;,
        -0.301853; 1.069499;-5.742933;,
        -0.301853; 1.069499;-5.742933;,
        -0.301853; 1.069499;-5.193414;,
        -0.301853; 1.207404;-5.193414;,
        -0.301853; 1.207404;-5.742933;,
        -0.103234; 1.207404;-5.193414;,
        -0.103234; 1.207404;-5.742933;,
        -0.301853; 1.207404;-5.742933;,
        -0.301853; 1.207404;-5.193414;,
        -0.150725; 1.176042;-6.298719;,
        -0.150725; 1.100861;-6.298719;,
        -0.254362; 1.100861;-6.298719;,
        -0.254362; 1.176042;-6.298719;,
        -0.150725; 1.176042;-5.749201;,
        -0.254362; 1.176042;-5.749201;,
        -0.254362; 1.100861;-5.749201;,
        -0.150725; 1.100861;-5.749201;,
        -0.150725; 1.176042;-6.298719;,
        -0.150725; 1.176042;-5.749201;,
        -0.150725; 1.100861;-5.749201;,
        -0.150725; 1.100861;-6.298719;,
        -0.150725; 1.100861;-6.298719;,
        -0.150725; 1.100861;-5.749201;,
        -0.254362; 1.100861;-5.749201;,
        -0.254362; 1.100861;-6.298719;,
        -0.254362; 1.100861;-6.298719;,
        -0.254362; 1.100861;-5.749201;,
        -0.254362; 1.176042;-5.749201;,
        -0.254362; 1.176042;-6.298719;,
        -0.150725; 1.176042;-5.749201;,
        -0.150725; 1.176042;-6.298719;,
        -0.254362; 1.176042;-6.298719;,
        -0.254362; 1.176042;-5.749201;,
         0.256508; 1.176042;-6.298719;,
         0.256508; 1.100861;-6.298719;,
         0.152872; 1.100861;-6.298719;,
         0.152872; 1.176042;-6.298719;,
         0.256508; 1.176042;-5.749201;,
         0.152872; 1.176042;-5.749201;,
         0.152872; 1.100861;-5.749201;,
         0.256508; 1.100861;-5.749201;,
         0.256508; 1.176042;-6.298719;,
         0.256508; 1.176042;-5.749201;,
         0.256508; 1.100861;-5.749201;,
         0.256508; 1.100861;-6.298719;,
         0.256508; 1.100861;-6.298719;,
         0.256508; 1.100861;-5.749201;,
         0.152872; 1.100861;-5.749201;,
         0.152872; 1.100861;-6.298719;,
         0.152872; 1.100861;-6.298719;,
         0.152872; 1.100861;-5.749201;,
         0.152872; 1.176042;-5.749201;,
         0.152872; 1.176042;-6.298719;,
         0.256508; 1.176042;-5.749201;,
         0.256508; 1.176042;-6.298719;,
         0.152872; 1.176042;-6.298719;,
         0.152872; 1.176042;-5.749201;,
         0.303999; 1.207404;-5.742933;,
         0.303999; 1.069499;-5.742933;,
         0.105380; 1.069499;-5.742933;,
         0.105380; 1.207404;-5.742933;,
         0.303999; 1.207404;-5.193414;,
         0.105380; 1.207404;-5.193414;,
         0.105380; 1.069499;-5.193414;,
         0.303999; 1.069499;-5.193414;,
         0.303999; 1.207404;-5.742933;,
         0.303999; 1.207404;-5.193414;,
         0.303999; 1.069499;-5.193414;,
         0.303999; 1.069499;-5.742933;,
         0.303999; 1.069499;-5.742933;,
         0.303999; 1.069499;-5.193414;,
         0.105380; 1.069499;-5.193414;,
         0.105380; 1.069499;-5.742933;,
         0.105380; 1.069499;-5.742933;,
         0.105380; 1.069499;-5.193414;,
         0.105380; 1.207404;-5.193414;,
         0.105380; 1.207404;-5.742933;,
         0.303999; 1.207404;-5.193414;,
         0.303999; 1.207404;-5.742933;,
         0.105380; 1.207404;-5.742933;,
         0.105380; 1.207404;-5.193414;,
         0.303999;-1.074902;-5.742933;,
         0.303999;-1.212808;-5.742933;,
         0.105380;-1.212808;-5.742933;,
         0.105380;-1.074902;-5.742933;,
         0.303999;-1.074902;-5.193414;,
         0.105380;-1.074902;-5.193414;,
         0.105380;-1.212808;-5.193414;,
         0.303999;-1.212808;-5.193414;,
         0.303999;-1.074902;-5.742933;,
         0.303999;-1.074902;-5.193414;,
         0.303999;-1.212808;-5.193414;,
         0.303999;-1.212808;-5.742933;,
         0.303999;-1.212808;-5.742933;,
         0.303999;-1.212808;-5.193414;,
         0.105380;-1.212808;-5.193414;,
         0.105380;-1.212808;-5.742933;,
         0.105380;-1.212808;-5.742933;,
         0.105380;-1.212808;-5.193414;,
         0.105380;-1.074902;-5.193414;,
         0.105380;-1.074902;-5.742933;,
         0.303999;-1.074902;-5.193414;,
         0.303999;-1.074902;-5.742933;,
         0.105380;-1.074902;-5.742933;,
         0.105380;-1.074902;-5.193414;,
         0.256508;-1.106265;-6.298719;,
         0.256508;-1.181445;-6.298719;,
         0.152872;-1.181445;-6.298719;,
         0.152872;-1.106265;-6.298719;,
         0.256508;-1.106265;-5.749201;,
         0.152872;-1.106265;-5.749201;,
         0.152872;-1.181445;-5.749201;,
         0.256508;-1.181445;-5.749201;,
         0.256508;-1.106265;-6.298719;,
         0.256508;-1.106265;-5.749201;,
         0.256508;-1.181445;-5.749201;,
         0.256508;-1.181445;-6.298719;,
         0.256508;-1.181445;-6.298719;,
         0.256508;-1.181445;-5.749201;,
         0.152872;-1.181445;-5.749201;,
         0.152872;-1.181445;-6.298719;,
         0.152872;-1.181445;-6.298719;,
         0.152872;-1.181445;-5.749201;,
         0.152872;-1.106265;-5.749201;,
         0.152872;-1.106265;-6.298719;,
         0.256508;-1.106265;-5.749201;,
         0.256508;-1.106265;-6.298719;,
         0.152872;-1.106265;-6.298719;,
         0.152872;-1.106265;-5.749201;,
        -0.150725;-1.106265;-6.298719;,
        -0.150725;-1.181445;-6.298719;,
        -0.254362;-1.181445;-6.298719;,
        -0.254362;-1.106265;-6.298719;,
        -0.150725;-1.106265;-5.749201;,
        -0.254362;-1.106265;-5.749201;,
        -0.254362;-1.181445;-5.749201;,
        -0.150725;-1.181445;-5.749201;,
        -0.150725;-1.106265;-6.298719;,
        -0.150725;-1.106265;-5.749201;,
        -0.150725;-1.181445;-5.749201;,
        -0.150725;-1.181445;-6.298719;,
        -0.150725;-1.181445;-6.298719;,
        -0.150725;-1.181445;-5.749201;,
        -0.254362;-1.181445;-5.749201;,
        -0.254362;-1.181445;-6.298719;,
        -0.254362;-1.181445;-6.298719;,
        -0.254362;-1.181445;-5.749201;,
        -0.254362;-1.106265;-5.749201;,
        -0.254362;-1.106265;-6.298719;,
        -0.150725;-1.106265;-5.749201;,
        -0.150725;-1.106265;-6.298719;,
        -0.254362;-1.106265;-6.298719;,
        -0.254362;-1.106265;-5.749201;,
        -0.103234;-1.074902;-5.742933;,
        -0.103234;-1.212808;-5.742933;,
        -0.301853;-1.212808;-5.742933;,
        -0.301853;-1.074902;-5.742933;,
        -0.103234;-1.074902;-5.193414;,
        -0.301853;-1.074902;-5.193414;,
        -0.301853;-1.212808;-5.193414;,
        -0.103234;-1.212808;-5.193414;,
        -0.103234;-1.074902;-5.742933;,
        -0.103234;-1.074902;-5.193414;,
        -0.103234;-1.212808;-5.193414;,
        -0.103234;-1.212808;-5.742933;,
        -0.103234;-1.212808;-5.742933;,
        -0.103234;-1.212808;-5.193414;,
        -0.301853;-1.212808;-5.193414;,
        -0.301853;-1.212808;-5.742933;,
        -0.301853;-1.212808;-5.742933;,
        -0.301853;-1.212808;-5.193414;,
        -0.301853;-1.074902;-5.193414;,
        -0.301853;-1.074902;-5.742933;,
        -0.103234;-1.074902;-5.193414;,
        -0.103234;-1.074902;-5.742933;,
        -0.301853;-1.074902;-5.742933;,
        -0.301853;-1.074902;-5.193414;,
         0.313075;-1.074902;-5.189886;,
         0.313075;-1.212808;-5.189886;,
        -0.313075;-1.212808;-5.189886;,
        -0.313074;-1.074902;-5.189886;,
         0.313075;-1.074902;-4.640367;,
        -0.313074;-1.074902;-4.640367;,
        -0.313075;-1.212808;-4.640367;,
         0.313075;-1.212808;-4.640367;,
         0.313075;-1.074902;-5.189886;,
         0.313075;-1.074902;-4.640367;,
         0.313075;-1.212808;-4.640367;,
         0.313075;-1.212808;-5.189886;,
         0.313075;-1.212808;-5.189886;,
         0.313075;-1.212808;-4.640367;,
        -0.313075;-1.212808;-4.640367;,
        -0.313075;-1.212808;-5.189886;,
        -0.313075;-1.212808;-5.189886;,
        -0.313075;-1.212808;-4.640367;,
        -0.313074;-1.074902;-4.640367;,
        -0.313074;-1.074902;-5.189886;,
         0.313075;-1.074902;-4.640367;,
         0.313075;-1.074902;-5.189886;,
        -0.313074;-1.074902;-5.189886;,
        -0.313074;-1.074902;-4.640367;,
         0.217399;-1.043557;-4.632375;,
         0.217399;-1.244154;-4.632375;,
        -0.217399;-1.244154;-4.632375;,
        -0.217398;-1.043557;-4.632375;,
         0.217399;-1.043557;-1.974895;,
        -0.217398;-1.043557;-1.974895;,
        -0.217399;-1.244154;-1.974895;,
         0.217399;-1.244154;-1.974895;,
         0.217399;-1.043557;-4.632375;,
         0.217399;-1.043557;-1.974895;,
         0.217399;-1.244154;-1.974895;,
         0.217399;-1.244154;-4.632375;,
         0.217399;-1.244154;-4.632375;,
         0.217399;-1.244154;-1.974895;,
        -0.217399;-1.244154;-1.974895;,
        -0.217399;-1.244154;-4.632375;,
        -0.217399;-1.244154;-4.632375;,
        -0.217399;-1.244154;-1.974895;,
        -0.217398;-1.043557;-1.974895;,
        -0.217398;-1.043557;-4.632375;,
         0.217399;-1.043557;-1.974895;,
         0.217399;-1.043557;-4.632375;,
        -0.217398;-1.043557;-4.632375;,
        -0.217398;-1.043557;-1.974895;,
         0.318433;-1.014397;-1.960460;,
         0.318433;-1.273313;-1.960460;,
        -0.318433;-1.273313;-1.960460;,
        -0.318432;-1.014397;-1.960460;,
         0.318433;-1.014398; 0.039540;,
        -0.318432;-1.014397; 0.039539;,
        -0.318433;-1.273313; 0.039539;,
         0.318433;-1.273313; 0.039540;,
         0.318433;-1.014397;-1.960460;,
         0.318433;-1.014398; 0.039540;,
         0.318433;-1.273313; 0.039540;,
         0.318433;-1.273313;-1.960460;,
         0.318433;-1.273313;-1.960460;,
         0.318433;-1.273313; 0.039540;,
        -0.318433;-1.273313; 0.039539;,
        -0.318433;-1.273313;-1.960460;,
        -0.318433;-1.273313;-1.960460;,
        -0.318433;-1.273313; 0.039539;,
        -0.318432;-1.014397; 0.039539;,
        -0.318432;-1.014397;-1.960460;,
         0.318433;-1.014398; 0.039540;,
         0.318433;-1.014397;-1.960460;,
        -0.318432;-1.014397;-1.960460;,
        -0.318432;-1.014397; 0.039539;,
        -2.594107;-1.772684;-2.517451;,
        -2.594107;-2.474132;-2.517451;,
        -4.385297;-2.474132;-2.517452;,
        -4.385296;-1.772684;-2.517452;,
        -2.594107;-1.772685; 0.840475;,
        -4.385296;-1.772684; 0.840475;,
        -4.385297;-2.474132; 0.840475;,
        -2.594108;-2.474132; 0.840475;,
        -2.594107;-1.772684;-2.517451;,
        -2.594107;-1.772685; 0.840475;,
        -2.594108;-2.474132; 0.840475;,
        -2.594107;-2.474132;-2.517451;,
        -2.594107;-2.474132;-2.517451;,
        -2.594108;-2.474132; 0.840475;,
        -4.385297;-2.474132; 0.840475;,
        -4.385297;-2.474132;-2.517452;,
        -4.385297;-2.474132;-2.517452;,
        -4.385297;-2.474132; 0.840475;,
        -4.385296;-1.772684; 0.840475;,
        -4.385296;-1.772684;-2.517452;,
        -2.594107;-1.772685; 0.840475;,
        -2.594107;-1.772684;-2.517451;,
        -4.385296;-1.772684;-2.517452;,
        -4.385296;-1.772684; 0.840475;,
        -2.959729;-1.875251;-4.996225;,
        -2.959729;-2.371565;-4.996225;,
        -4.019675;-2.371565;-4.996225;,
        -4.019675;-1.875251;-4.996225;,
        -2.959728;-1.875251;-2.557420;,
        -4.019675;-1.875251;-2.557420;,
        -4.019675;-2.371565;-2.557420;,
        -2.959729;-2.371566;-2.557420;,
        -2.959729;-1.875251;-4.996225;,
        -2.959728;-1.875251;-2.557420;,
        -2.959729;-2.371566;-2.557420;,
        -2.959729;-2.371565;-4.996225;,
        -2.959729;-2.371565;-4.996225;,
        -2.959729;-2.371566;-2.557420;,
        -4.019675;-2.371565;-2.557420;,
        -4.019675;-2.371565;-4.996225;,
        -4.019675;-2.371565;-4.996225;,
        -4.019675;-2.371565;-2.557420;,
        -4.019675;-1.875251;-2.557420;,
        -4.019675;-1.875251;-4.996225;,
        -2.959728;-1.875251;-2.557420;,
        -2.959729;-1.875251;-4.996225;,
        -4.019675;-1.875251;-4.996225;,
        -4.019675;-1.875251;-2.557420;,
        -2.832926;-1.887760;-8.381602;,
        -2.832926;-2.359056;-8.381602;,
        -4.146478;-2.359056;-8.381603;,
        -4.146478;-1.887760;-8.381603;,
        -2.832925;-1.887760;-5.013286;,
        -4.146478;-1.887760;-5.013286;,
        -4.146479;-2.359056;-5.013286;,
        -2.832926;-2.359056;-5.013286;,
        -2.832926;-1.887760;-8.381602;,
        -2.832925;-1.887760;-5.013286;,
        -2.832926;-2.359056;-5.013286;,
        -2.832926;-2.359056;-8.381602;,
        -2.832926;-2.359056;-8.381602;,
        -2.832926;-2.359056;-5.013286;,
        -4.146479;-2.359056;-5.013286;,
        -4.146478;-2.359056;-8.381603;,
        -4.146478;-2.359056;-8.381603;,
        -4.146479;-2.359056;-5.013286;,
        -4.146478;-1.887760;-5.013286;,
        -4.146478;-1.887760;-8.381603;,
        -2.832925;-1.887760;-5.013286;,
        -2.832926;-1.887760;-8.381602;,
        -4.146478;-1.887760;-8.381603;,
        -4.146478;-1.887760;-5.013286;,
        -2.027168;-1.887760;-8.836243;,
        -2.027168;-2.359056;-8.836243;,
        -4.164275;-2.359056;-8.836243;,
        -4.164274;-1.887760;-8.836243;,
        -2.027167;-1.887760;-8.397009;,
        -4.164274;-1.887760;-8.397009;,
        -4.164275;-2.359056;-8.397009;,
        -2.027168;-2.359056;-8.397009;,
        -2.027168;-1.887760;-8.836243;,
        -2.027167;-1.887760;-8.397009;,
        -2.027168;-2.359056;-8.397009;,
        -2.027168;-2.359056;-8.836243;,
        -2.027168;-2.359056;-8.836243;,
        -2.027168;-2.359056;-8.397009;,
        -4.164275;-2.359056;-8.397009;,
        -4.164275;-2.359056;-8.836243;,
        -4.164275;-2.359056;-8.836243;,
        -4.164275;-2.359056;-8.397009;,
        -4.164274;-1.887760;-8.397009;,
        -4.164274;-1.887760;-8.836243;,
        -2.027167;-1.887760;-8.397009;,
        -2.027168;-1.887760;-8.836243;,
        -4.164274;-1.887760;-8.836243;,
        -4.164274;-1.887760;-8.397009;,
        -2.027168; 2.347549;-8.836243;,
        -2.027168; 1.876252;-8.836243;,
        -4.164275; 1.876252;-8.836243;,
        -4.164274; 2.347549;-8.836243;,
        -2.027167; 2.347548;-8.397009;,
        -4.164274; 2.347549;-8.397009;,
        -4.164275; 1.876252;-8.397009;,
        -2.027168; 1.876252;-8.397009;,
        -2.027168; 2.347549;-8.836243;,
        -2.027167; 2.347548;-8.397009;,
        -2.027168; 1.876252;-8.397009;,
        -2.027168; 1.876252;-8.836243;,
        -2.027168; 1.876252;-8.836243;,
        -2.027168; 1.876252;-8.397009;,
        -4.164275; 1.876252;-8.397009;,
        -4.164275; 1.876252;-8.836243;,
        -4.164275; 1.876252;-8.836243;,
        -4.164275; 1.876252;-8.397009;,
        -4.164274; 2.347549;-8.397009;,
        -4.164274; 2.347549;-8.836243;,
        -2.027167; 2.347548;-8.397009;,
        -2.027168; 2.347549;-8.836243;,
        -4.164274; 2.347549;-8.836243;,
        -4.164274; 2.347549;-8.397009;,
        -2.832926; 2.347549;-8.381602;,
        -2.832926; 1.876252;-8.381602;,
        -4.146478; 1.876252;-8.381603;,
        -4.146478; 2.347549;-8.381603;,
        -2.832925; 2.347548;-5.013286;,
        -4.146478; 2.347549;-5.013286;,
        -4.146479; 1.876252;-5.013286;,
        -2.832926; 1.876252;-5.013286;,
        -2.832926; 2.347549;-8.381602;,
        -2.832925; 2.347548;-5.013286;,
        -2.832926; 1.876252;-5.013286;,
        -2.832926; 1.876252;-8.381602;,
        -2.832926; 1.876252;-8.381602;,
        -2.832926; 1.876252;-5.013286;,
        -4.146479; 1.876252;-5.013286;,
        -4.146478; 1.876252;-8.381603;,
        -4.146478; 1.876252;-8.381603;,
        -4.146479; 1.876252;-5.013286;,
        -4.146478; 2.347549;-5.013286;,
        -4.146478; 2.347549;-8.381603;,
        -2.832925; 2.347548;-5.013286;,
        -2.832926; 2.347549;-8.381602;,
        -4.146478; 2.347549;-8.381603;,
        -4.146478; 2.347549;-5.013286;,
        -2.959729; 2.360058;-4.996225;,
        -2.959729; 1.863743;-4.996225;,
        -4.019675; 1.863743;-4.996225;,
        -4.019675; 2.360058;-4.996225;,
        -2.959728; 2.360058;-2.557420;,
        -4.019675; 2.360058;-2.557420;,
        -4.019675; 1.863743;-2.557420;,
        -2.959729; 1.863743;-2.557420;,
        -2.959729; 2.360058;-4.996225;,
        -2.959728; 2.360058;-2.557420;,
        -2.959729; 1.863743;-2.557420;,
        -2.959729; 1.863743;-4.996225;,
        -2.959729; 1.863743;-4.996225;,
        -2.959729; 1.863743;-2.557420;,
        -4.019675; 1.863743;-2.557420;,
        -4.019675; 1.863743;-4.996225;,
        -4.019675; 1.863743;-4.996225;,
        -4.019675; 1.863743;-2.557420;,
        -4.019675; 2.360058;-2.557420;,
        -4.019675; 2.360058;-4.996225;,
        -2.959728; 2.360058;-2.557420;,
        -2.959729; 2.360058;-4.996225;,
        -4.019675; 2.360058;-4.996225;,
        -4.019675; 2.360058;-2.557420;,
        -2.594107; 2.462624;-2.517451;,
        -2.594107; 1.761177;-2.517451;,
        -4.385297; 1.761177;-2.517452;,
        -4.385296; 2.462624;-2.517452;,
        -2.594107; 2.462624; 0.840475;,
        -4.385296; 2.462624; 0.840475;,
        -4.385297; 1.761177; 0.840475;,
        -2.594108; 1.761176; 0.840475;,
        -2.594107; 2.462624;-2.517451;,
        -2.594107; 2.462624; 0.840475;,
        -2.594108; 1.761176; 0.840475;,
        -2.594107; 1.761177;-2.517451;,
        -2.594107; 1.761177;-2.517451;,
        -2.594108; 1.761176; 0.840475;,
        -4.385297; 1.761177; 0.840475;,
        -4.385297; 1.761177;-2.517452;,
        -4.385297; 1.761177;-2.517452;,
        -4.385297; 1.761177; 0.840475;,
        -4.385296; 2.462624; 0.840475;,
        -4.385296; 2.462624;-2.517452;,
        -2.594107; 2.462624; 0.840475;,
        -2.594107; 2.462624;-2.517451;,
        -4.385296; 2.462624;-2.517452;,
        -4.385296; 2.462624; 0.840475;,
         4.121248; 0.700514; 0.628059;,
         4.254450; 0.700514; 0.628059;,
         4.254450; 0.244378; 0.628059;,
         4.121248; 0.244378; 0.628059;,
         4.121248; 0.700514; 2.013633;,
         4.121248; 0.244378; 2.013633;,
         4.254450; 0.244378; 2.013633;,
         4.254450; 0.700514; 2.013633;,
         4.121248; 0.700514; 0.628059;,
         4.121248; 0.244378; 0.628059;,
         4.121248; 0.244378; 2.013633;,
         4.121248; 0.700514; 2.013633;,
         4.121248; 0.244378; 0.628059;,
         4.254450; 0.244378; 0.628059;,
         4.254450; 0.244378; 2.013633;,
         4.121248; 0.244378; 2.013633;,
         4.254450; 0.244378; 0.628059;,
         4.254450; 0.700514; 0.628059;,
         4.254450; 0.700514; 2.013633;,
         4.254450; 0.244378; 2.013633;,
         4.121248; 0.700514; 2.013633;,
         4.254450; 0.700514; 2.013633;,
         4.254450; 0.700514; 0.628059;,
         4.121248; 0.700514; 0.628059;,
         4.121248;-0.232609; 0.628059;,
         4.254450;-0.232609; 0.628059;,
         4.254450;-0.688745; 0.628059;,
         4.121248;-0.688745; 0.628059;,
         4.121248;-0.232609; 2.013633;,
         4.121248;-0.688745; 2.013633;,
         4.254450;-0.688745; 2.013633;,
         4.254450;-0.232609; 2.013633;,
         4.121248;-0.232609; 0.628059;,
         4.121248;-0.688745; 0.628059;,
         4.121248;-0.688745; 2.013633;,
         4.121248;-0.232609; 2.013633;,
         4.121248;-0.688745; 0.628059;,
         4.254450;-0.688745; 0.628059;,
         4.254450;-0.688745; 2.013633;,
         4.121248;-0.688745; 2.013633;,
         4.254450;-0.688745; 0.628059;,
         4.254450;-0.232609; 0.628059;,
         4.254450;-0.232609; 2.013633;,
         4.254450;-0.688745; 2.013633;,
         4.121248;-0.232609; 2.013633;,
         4.254450;-0.232609; 2.013633;,
         4.254450;-0.232609; 0.628059;,
         4.121248;-0.232609; 0.628059;,
         8.453888; 0.199912;-0.644083;,
         8.453888;-0.199912;-0.644083;,
         7.928592;-0.199912;-0.644083;,
         7.928593; 0.199912;-0.644083;,
         8.453888; 0.199912;-0.313112;,
         7.928592; 0.199912;-0.313113;,
         7.928592;-0.199912;-0.313113;,
         8.453888;-0.199912;-0.313112;,
         8.453888; 0.199912;-0.644083;,
         8.453888; 0.199912;-0.313112;,
         8.453888;-0.199912;-0.313112;,
         8.453888;-0.199912;-0.644083;,
         8.453888;-0.199912;-0.644083;,
         8.453888;-0.199912;-0.313112;,
         7.928592;-0.199912;-0.313113;,
         7.928592;-0.199912;-0.644083;,
         7.928592;-0.199912;-0.644083;,
         7.928592;-0.199912;-0.313113;,
         7.928592; 0.199912;-0.313113;,
         7.928593; 0.199912;-0.644083;,
         8.453888; 0.199912;-0.313112;,
         8.453888; 0.199912;-0.644083;,
         7.928593; 0.199912;-0.644083;,
         7.928592; 0.199912;-0.313113;,
         7.924999; 0.097110;-0.550190;,
         7.924999;-0.097110;-0.550190;,
         7.399703;-0.097110;-0.550190;,
         7.399703; 0.097111;-0.550190;,
         7.924999; 0.097110;-0.407006;,
         7.399703; 0.097110;-0.407006;,
         7.399703;-0.097110;-0.407006;,
         7.924998;-0.097111;-0.407006;,
         7.924999; 0.097110;-0.550190;,
         7.924999; 0.097110;-0.407006;,
         7.924998;-0.097111;-0.407006;,
         7.924999;-0.097110;-0.550190;,
         7.924999;-0.097110;-0.550190;,
         7.924998;-0.097111;-0.407006;,
         7.399703;-0.097110;-0.407006;,
         7.399703;-0.097110;-0.550190;,
         7.399703;-0.097110;-0.550190;,
         7.399703;-0.097110;-0.407006;,
         7.399703; 0.097110;-0.407006;,
         7.399703; 0.097111;-0.550190;,
         7.924999; 0.097110;-0.407006;,
         7.924999; 0.097110;-0.550190;,
         7.399703; 0.097111;-0.550190;,
         7.399703; 0.097110;-0.407006;,
         7.395731; 0.130157;-0.577958;,
         7.395731;-0.130157;-0.577958;,
         6.870435;-0.130157;-0.577958;,
         6.870436; 0.130158;-0.577958;,
         7.395731; 0.130157;-0.379239;,
         6.870435; 0.130157;-0.379239;,
         6.870435;-0.130157;-0.379239;,
         7.395731;-0.130158;-0.379239;,
         7.395731; 0.130157;-0.577958;,
         7.395731; 0.130157;-0.379239;,
         7.395731;-0.130158;-0.379239;,
         7.395731;-0.130157;-0.577958;,
         7.395731;-0.130157;-0.577958;,
         7.395731;-0.130158;-0.379239;,
         6.870435;-0.130157;-0.379239;,
         6.870435;-0.130157;-0.577958;,
         6.870435;-0.130157;-0.577958;,
         6.870435;-0.130157;-0.379239;,
         6.870435; 0.130157;-0.379239;,
         6.870436; 0.130158;-0.577958;,
         7.395731; 0.130157;-0.379239;,
         7.395731; 0.130157;-0.577958;,
         6.870436; 0.130158;-0.577958;,
         6.870435; 0.130157;-0.379239;,
         6.864802; 0.199912;-0.644083;,
         6.864802;-0.199912;-0.644083;,
         6.339506;-0.199912;-0.644083;,
         6.339506; 0.199912;-0.644083;,
         6.864802; 0.199912;-0.313113;,
         6.339506; 0.199912;-0.313113;,
         6.339506;-0.199912;-0.313113;,
         6.864801;-0.199912;-0.313113;,
