xof 0303txt 0032

template XSkinMeshHeader {
  <3cf169ce-ff7c-44ab-93c0-f78f62d172e2>
  WORD nMaxSkinWeightsPerVertex;
  WORD nMaxSkinWeightsPerFace;
  WORD nBones;
}

template SkinWeights {
  <6f0d123b-bad2-4167-a0d0-80224f25fabb>
  STRING transformNodeName;
  DWORD nWeights;
  array DWORD vertexIndices[nWeights];
  array float weights[nWeights];
  Matrix4x4 matrixOffset;
}

Frame Root {
  FrameTransformMatrix {
     1.000000, 0.000000, 0.000000, 0.000000,
     0.000000,-0.000000, 1.000000, 0.000000,
     0.000000, 1.000000, 0.000000, 0.000000,
     0.000000, 0.000000, 0.000000, 1.000000;;
  }
  Frame Armature {
    FrameTransformMatrix {
       1.000000, 0.000000, 0.000000, 0.000000,
       0.000000, 1.000000, 0.000000, 0.000000,
       0.000000, 0.000000, 1.000000, 0.000000,
       0.000000, 0.000000, 0.000000, 1.000000;;
    }
    Frame Armature_Bone {
      FrameTransformMatrix {
         0.000000,-0.057819, 0.998327, 0.000000,
         0.000000,-0.998327,-0.057819, 0.000000,
         0.999966, 0.000002, 0.000000, 0.000000,
        -0.000102, 0.334069, 0.374227, 1.000000;;
      }
      Frame Armature_Bone_001 {
        FrameTransformMatrix {
          -0.000051, 0.000003,-1.000000, 0.000000,
           0.153658, 0.988124,-0.000005, 0.000000,
           0.988124,-0.153658,-0.000051, 0.000000,
          -0.000000, 0.299591,-0.000000, 1.000000;;
        }
      } // End of Armature_Bone_001
    } // End of Armature_Bone
    Frame Armature_Bone_002 {
      FrameTransformMatrix {
         1.000000, 0.000000, 0.000000, 0.000000,
        -0.000000, 1.000000, 0.000000, 0.000000,
         0.000000, 0.000000, 1.000000, 0.000000,
        -0.000102, 0.333491, 0.374228, 1.000000;;
      }
      Frame Armature__1 {
        FrameTransformMatrix {
           0.858353,-0.479098, 0.183563, 0.000000,
           0.512447, 0.818053,-0.261127, 0.000000,
          -0.025059, 0.318205, 0.947691, 0.000000,
           0.332167, 1.147420,-0.136314, 1.000000;;
        }
        Frame Armature__2 {
          FrameTransformMatrix {
             0.877281, 0.479977,-0.000001, 0.000000,
            -0.479977, 0.877281, 0.000000, 0.000000,
             0.000001, 0.000000, 1.000000, 0.000000,
             0.000000, 0.380438,-0.000000, 1.000000;;
          }
          Frame Armature__3 {
            FrameTransformMatrix {
               0.155670, 0.000450,-0.987809, 0.000000,
              -0.945387,-0.289840,-0.149117, 0.000000,
              -0.286373, 0.957075,-0.044694, 0.000000,
              -0.000000, 0.313104,-0.000000, 1.000000;;
            }
          } // End of Armature__3
        } // End of Armature__2
      } // End of Armature__1
      Frame Armature__10 {
        FrameTransformMatrix {
          -0.830567,-0.451603, 0.325905, 0.000000,
          -0.517253, 0.842429,-0.150874, 0.000000,
          -0.206417,-0.293886,-0.933286, 0.000000,
          -0.349336, 1.147420,-0.136314, 1.000000;;
        }
        Frame Armature__11 {
          FrameTransformMatrix {
             0.900702, 0.434438,-0.000001, 0.000000,
            -0.434438, 0.900702, 0.000000, 0.000000,
             0.000001, 0.000000, 1.000000, 0.000000,
            -0.000000, 0.380438, 0.000000, 1.000000;;
          }
          Frame Armature__12 {
            FrameTransformMatrix {
               0.000000,-0.000000,-1.000000, 0.000000,
              -0.979211,-0.202843,-0.000000, 0.000000,
              -0.202843, 0.979211,-0.000000, 0.000000,
               0.000000, 0.313104,-0.000000, 1.000000;;
            }
          } // End of Armature__12
        } // End of Armature__11
      } // End of Armature__10
      Frame Armature__4 {
        FrameTransformMatrix {
           0.000000, 0.345997, 0.938236, 0.000000,
           0.000000, 0.938236,-0.345996, 0.000000,
          -1.000000, 0.000000, 0.000000, 0.000000,
           0.180245, 1.331345, 0.073671, 1.000000;;
        }
        Frame Armature__5 {
          FrameTransformMatrix {
             0.836609, 0.547801, 0.000001, 0.000000,
            -0.547801, 0.836609,-0.000000, 0.000000,
            -0.000001,-0.000000, 1.000000, 0.000000,
             0.000000, 0.208343,-0.000000, 1.000000;;
          }
          Frame Armature__6 {
            FrameTransformMatrix {
              -0.000001,-0.000000,-1.000000, 0.000000,
              -0.945688,-0.325075, 0.000001, 0.000000,
              -0.325075, 0.945688, 0.000000, 0.000000,
               0.000000, 0.326668,-0.000000, 1.000000;;
            }
          } // End of Armature__6
        } // End of Armature__5
      } // End of Armature__4
      Frame Armature__7 {
        FrameTransformMatrix {
          -0.000001, 0.330836, 0.943688, 0.000000,
          -0.000000, 0.943688,-0.330836, 0.000000,
          -1.000000,-0.000000,-0.000001, 0.000000,
          -0.183890, 1.318054, 0.080440, 1.000000;;
        }
        Frame Armature__8 {
          FrameTransformMatrix {
             0.858315, 0.513123,-0.000001, 0.000000,
            -0.513123, 0.858315, 0.000000, 0.000000,
             0.000001, 0.000000, 1.000000, 0.000000,
             0.000000, 0.221300,-0.000000, 1.000000;;
          }
          Frame Armature__9 {
            FrameTransformMatrix {
               0.000000,-0.000000,-1.000000, 0.000000,
              -0.972666,-0.232209,-0.000000, 0.000000,
              -0.232209, 0.972666,-0.000000, 0.000000,
              -0.000000, 0.313105, 0.000000, 1.000000;;
            }
          } // End of Armature__9
        } // End of Armature__8
      } // End of Armature__7
      Frame Armature_Bone_017 {
        FrameTransformMatrix {
          -0.820578, 0.162686,-0.547892, 0.000000,
          -0.565720,-0.367592, 0.738131, 0.000000,
          -0.081317, 0.915647, 0.393672, 0.000000,
          -0.403954, 0.020403, 0.000000, 1.000000;;
        }
        Frame Armature_Bone_020 {
          FrameTransformMatrix {
             0.723518, 0.607652, 0.327538, 0.000000,
             0.465586,-0.079244,-0.881448, 0.000000,
            -0.509658, 0.790241,-0.340249, 0.000000,
            -0.000000, 0.986077,-0.000000, 1.000000;;
          }
          Frame Armature_Bone_023 {
            FrameTransformMatrix {
               0.998634,-0.051533,-0.008621, 0.000000,
               0.013767, 0.418688,-0.908026, 0.000000,
               0.050403, 0.906667, 0.418825, 0.000000,
               0.000000, 0.980906,-0.000000, 1.000000;;
            }
          } // End of Armature_Bone_023
        } // End of Armature_Bone_020
      } // End of Armature_Bone_017
      Frame Armature_Bone_018 {
        FrameTransformMatrix {
          -0.438763, 0.867645,-0.233839, 0.000000,
          -0.878412,-0.468981,-0.091922, 0.000000,
          -0.189421, 0.165075, 0.967920, 0.000000,
          -0.403108, 0.276046, 0.000000, 1.000000;;
        }
        Frame Armature_Bone_021 {
          FrameTransformMatrix {
             0.998631, 0.039148,-0.034682, 0.000000,
            -0.041342, 0.997030,-0.064971, 0.000000,
             0.032036, 0.066315, 0.997284, 0.000000,
            -0.000000, 0.998018, 0.000000, 1.000000;;
          }
          Frame Armature_Bone_024 {
            FrameTransformMatrix {
               0.999616,-0.026933,-0.006458, 0.000000,
               0.024914, 0.976264,-0.215147, 0.000000,
               0.012099, 0.214903, 0.976560, 0.000000,
              -0.000000, 0.945654,-0.000000, 1.000000;;
            }
          } // End of Armature_Bone_024
        } // End of Armature_Bone_021
      } // End of Armature_Bone_018
      Frame Armature_Bone_019 {
        FrameTransformMatrix {
           0.714139, 0.537221, 0.448776, 0.000000,
          -0.682414, 0.391476, 0.617299, 0.000000,
           0.155941,-0.747088, 0.646175, 0.000000,
          -0.382165, 0.586353,-0.014768, 1.000000;;
        }
        Frame Armature_Bone_022 {
          FrameTransformMatrix {
             0.925483,-0.184800,-0.330651, 0.000000,
            -0.295868, 0.192393,-0.935653, 0.000000,
             0.236524, 0.963760, 0.123380, 0.000000,
             0.000000, 0.999074, 0.000000, 1.000000;;
          }
          Frame Armature_Bone_025 {
            FrameTransformMatrix {
               0.935268,-0.340866, 0.095314, 0.000000,
               0.108688, 0.020308,-0.993868, 0.000000,
               0.336840, 0.939893, 0.056042, 0.000000,
               0.000000, 0.966433, 0.000000, 1.000000;;
            }
          } // End of Armature_Bone_025
        } // End of Armature_Bone_022
      } // End of Armature_Bone_019
      Frame Armature_Bone_028 {
        FrameTransformMatrix {
          -0.789076,-0.536379,-0.299427, 0.000000,
           0.584103,-0.806060,-0.095343, 0.000000,
          -0.190217,-0.250129, 0.949343, 0.000000,
           0.394984,-0.007842, 0.000000, 1.000000;;
        }
        Frame Armature_Bone_032 {
          FrameTransformMatrix {
             0.952725,-0.021855, 0.303047, 0.000000,
             0.032561, 0.999010,-0.030319, 0.000000,
            -0.302084, 0.038753, 0.952493, 0.000000,
            -0.000000, 1.031419,-0.000000, 1.000000;;
          }
          Frame Armature_Bone_036 {
            FrameTransformMatrix {
               0.914077,-0.030492, 0.404392, 0.000000,
               0.073120, 0.993219,-0.090390, 0.000000,
              -0.398894, 0.112192, 0.910108, 0.000000,
               0.000000, 0.887444, 0.000000, 1.000000;;
            }
          } // End of Armature_Bone_036
        } // End of Armature_Bone_032
      } // End of Armature_Bone_028
      Frame Armature_Bone_030 {
        FrameTransformMatrix {
          -0.715636, 0.638781,-0.282531, 0.000000,
           0.681841, 0.726640,-0.084189, 0.000000,
           0.151520,-0.252890,-0.955557, 0.000000,
           0.392509, 0.559340, 0.000000, 1.000000;;
        }
        Frame Armature_Bone_034 {
          FrameTransformMatrix {
            -0.920166, 0.022864, 0.390861, 0.000000,
             0.056716, 0.995548, 0.075285, 0.000000,
            -0.387400, 0.091442,-0.917366, 0.000000,
            -0.000000, 1.015841, 0.000000, 1.000000;;
          }
          Frame Armature_Bone_038 {
            FrameTransformMatrix {
               0.960194,-0.054366,-0.273994, 0.000000,
               0.003493, 0.983138,-0.182831, 0.000000,
               0.279314, 0.174596, 0.944193, 0.000000,
              -0.000000, 0.958031,-0.000000, 1.000000;;
            }
          } // End of Armature_Bone_038
        } // End of Armature_Bone_034
      } // End of Armature_Bone_030
      Frame Armature_Bone_031 {
        FrameTransformMatrix {
          -0.371752,-0.843616,-0.387442, 0.000000,
           0.382537,-0.519481, 0.764072, 0.000000,
          -0.845852, 0.135834, 0.515832, 0.000000,
           0.423864, 0.276554, 0.000000, 1.000000;;
        }
        Frame Armature_Bone_035 {
          FrameTransformMatrix {
             0.936161,-0.052697, 0.347601, 0.000000,
             0.287421,-0.454664,-0.843012, 0.000000,
             0.202466, 0.889103,-0.410492, 0.000000,
            -0.000000, 0.995989,-0.000000, 1.000000;;
          }
          Frame Armature_Bone_039 {
            FrameTransformMatrix {
              -0.977220, 0.196529,-0.080113, 0.000000,
               0.150339, 0.374587,-0.914922, 0.000000,
              -0.149800,-0.906124,-0.395599, 0.000000,
               0.000000, 0.919158,-0.000000, 1.000000;;
            }
          } // End of Armature_Bone_039
        } // End of Armature_Bone_035
      } // End of Armature_Bone_031
      Frame Armature_Bone_033 {
        FrameTransformMatrix {
           0.963440, 0.204404,-0.173211, 0.000000,
          -0.203188, 0.978823, 0.024914, 0.000000,
           0.174636, 0.011191, 0.984570, 0.000000,
          -0.380255, 0.849404, 0.000000, 1.000000;;
        }
        Frame Armature_Bone_037 {
          FrameTransformMatrix {
             0.998728, 0.019977, 0.046304, 0.000000,
            -0.011094, 0.982732,-0.184702, 0.000000,
            -0.049194, 0.183953, 0.981703, 0.000000,
             0.000000, 1.510900, 0.000000, 1.000000;;
          }
          Frame Armature_Bone_040 {
            FrameTransformMatrix {
               0.975061,-0.016125, 0.221350, 0.000000,
               0.026301, 0.998724,-0.043100, 0.000000,
              -0.220373, 0.047847, 0.974241, 0.000000,
              -0.000000, 0.925802,-0.000000, 1.000000;;
            }
          } // End of Armature_Bone_040
        } // End of Armature_Bone_037
      } // End of Armature_Bone_033
      Frame Armature_Bone_041 {
        FrameTransformMatrix {
           0.945884, 0.089725,-0.311854, 0.000000,
           0.173901, 0.671213, 0.720577, 0.000000,
           0.273975,-0.735814, 0.619286, 0.000000,
           0.402772, 0.824066, 0.000000, 1.000000;;
        }
        Frame Armature_Bone_042 {
          FrameTransformMatrix {
             0.962078,-0.085998, 0.258863, 0.000000,
             0.243946,-0.153354,-0.957587, 0.000000,
             0.122048, 0.984422,-0.126560, 0.000000,
             0.000000, 1.512290,-0.000000, 1.000000;;
          }
          Frame Armature_Bone_043 {
            FrameTransformMatrix {
               0.967042,-0.217906,-0.131707, 0.000000,
               0.000981, 0.520460,-0.853885, 0.000000,
               0.254616, 0.825614, 0.503521, 0.000000,
              -0.000000, 0.902138,-0.000000, 1.000000;;
            }
          } // End of Armature_Bone_043
        } // End of Armature_Bone_042
      } // End of Armature_Bone_041
    } // End of Armature_Bone_002
    Frame Cube_001 {
      FrameTransformMatrix {
         1.000000, 0.000000, 0.000000, 0.000000,
         0.000000, 1.000000, 0.000000, 0.000000,
         0.000000, 0.000000, 1.000000, 0.000000,
         0.000000, 0.000000, 0.000000, 1.000000;;
      }
      Mesh { // Cube_001 mesh
        1128;
         3.582814; 1.167906; 0.242903;,
         2.832805; 1.167906; 0.242903;,
         2.832805; 1.215767; 0.242903;,
         3.582814; 1.215768; 0.242903;,
         3.582813; 1.167906; 0.302730;,
         3.582813; 1.215768; 0.302730;,
         2.832805; 1.215767; 0.302730;,
         2.832805; 1.167906; 0.302730;,
         3.582814; 1.167906; 0.242903;,
         3.582813; 1.167906; 0.302730;,
         2.832805; 1.167906; 0.302730;,
         2.832805; 1.167906; 0.242903;,
         2.832805; 1.167906; 0.242903;,
         2.832805; 1.167906; 0.302730;,
         2.832805; 1.215767; 0.302730;,
         2.832805; 1.215767; 0.242903;,
         2.832805; 1.215767; 0.242903;,
         2.832805; 1.215767; 0.302730;,
         3.582813; 1.215768; 0.302730;,
         3.582814; 1.215768; 0.242903;,
         3.582813; 1.167906; 0.302730;,
         3.582814; 1.167906; 0.242903;,
         3.582814; 1.215768; 0.242903;,
         3.582813; 1.215768; 0.302730;,
         2.831405; 1.143975; 0.224955;,
         1.923605; 1.143974; 0.224955;,
         1.923605; 1.239697; 0.224955;,
         2.831405; 1.239698; 0.224955;,
         2.831404; 1.143975; 0.320678;,
         2.831404; 1.239698; 0.320678;,
         1.923605; 1.239697; 0.320678;,
         1.923605; 1.143974; 0.320678;,
         2.831405; 1.143975; 0.224955;,
         2.831404; 1.143975; 0.320678;,
         1.923605; 1.143974; 0.320678;,
         1.923605; 1.143974; 0.224955;,
         1.923605; 1.143974; 0.224955;,
         1.923605; 1.143974; 0.320678;,
         1.923605; 1.239697; 0.320678;,
         1.923605; 1.239697; 0.224955;,
         1.923605; 1.239697; 0.224955;,
         1.923605; 1.239697; 0.320678;,
         2.831404; 1.239698; 0.320678;,
         2.831405; 1.239698; 0.224955;,
         2.831404; 1.143975; 0.320678;,
         2.831405; 1.143975; 0.224955;,
         2.831405; 1.239698; 0.224955;,
         2.831404; 1.239698; 0.320678;,
         1.920753; 1.137991; 0.218973;,
         0.423247; 1.137990; 0.218973;,
         0.423248; 1.245679; 0.218973;,
         1.920753; 1.245680; 0.218973;,
         1.920753; 1.137991; 0.326661;,
         1.920753; 1.245680; 0.326661;,
         0.423248; 1.245679; 0.326661;,
         0.423247; 1.137990; 0.326661;,
         1.920753; 1.137991; 0.218973;,
         1.920753; 1.137991; 0.326661;,
         0.423247; 1.137990; 0.326661;,
         0.423247; 1.137990; 0.218973;,
         0.423247; 1.137990; 0.218973;,
         0.423247; 1.137990; 0.326661;,
         0.423248; 1.245679; 0.326661;,
         0.423248; 1.245679; 0.218973;,
         0.423248; 1.245679; 0.218973;,
         0.423248; 1.245679; 0.326661;,
         1.920753; 1.245680; 0.326661;,
         1.920753; 1.245680; 0.218973;,
         1.920753; 1.137991; 0.326661;,
         1.920753; 1.137991; 0.218973;,
         1.920753; 1.245680; 0.218973;,
         1.920753; 1.245680; 0.326661;,
         2.869937; 0.877738; 0.241036;,
         2.399183; 0.877738; 0.241036;,
         2.399183; 0.925409; 0.241036;,
         2.869937; 0.925410; 0.241036;,
         2.869937; 0.877738; 0.304598;,
         2.869937; 0.925410; 0.304598;,
         2.399183; 0.925409; 0.304598;,
         2.399183; 0.877738; 0.304598;,
         2.869937; 0.877738; 0.241036;,
         2.869937; 0.877738; 0.304598;,
         2.399183; 0.877738; 0.304598;,
         2.399183; 0.877738; 0.241036;,
         2.399183; 0.877738; 0.241036;,
         2.399183; 0.877738; 0.304598;,
         2.399183; 0.925409; 0.304598;,
         2.399183; 0.925409; 0.241036;,
         2.399183; 0.925409; 0.241036;,
         2.399183; 0.925409; 0.304598;,
         2.869937; 0.925410; 0.304598;,
         2.869937; 0.925410; 0.241036;,
         2.869937; 0.877738; 0.304598;,
         2.869937; 0.877738; 0.241036;,
         2.869937; 0.925410; 0.241036;,
         2.869937; 0.925410; 0.304598;,
         1.409544; 0.838011; 0.209255;,
         0.432282; 0.838010; 0.209255;,
         0.432281; 0.965134; 0.209255;,
         1.409544; 0.965135; 0.209255;,
         1.409543; 0.838011; 0.336378;,
         1.409544; 0.965135; 0.336378;,
         0.432282; 0.965134; 0.336378;,
         0.432281; 0.838010; 0.336378;,
         1.409544; 0.838011; 0.209255;,
         1.409543; 0.838011; 0.336378;,
         0.432281; 0.838010; 0.336378;,
         0.432282; 0.838010; 0.209255;,
         0.432282; 0.838010; 0.209255;,
         0.432281; 0.838010; 0.336378;,
         0.432282; 0.965134; 0.336378;,
         0.432281; 0.965134; 0.209255;,
         0.432281; 0.965134; 0.209255;,
         0.432282; 0.965134; 0.336378;,
         1.409544; 0.965135; 0.336378;,
         1.409544; 0.965135; 0.209255;,
         1.409543; 0.838011; 0.336378;,
         1.409544; 0.838011; 0.209255;,
         1.409544; 0.965135; 0.209255;,
         1.409544; 0.965135; 0.336378;,
         2.393399; 0.845957; 0.217200;,
         1.416138; 0.845956; 0.217200;,
         1.416138; 0.957190; 0.217200;,
         2.393399; 0.957190; 0.217200;,
         2.393399; 0.845957; 0.328433;,
         2.393399; 0.957190; 0.328433;,
         1.416138; 0.957190; 0.328433;,
         1.416137; 0.845956; 0.328433;,
         2.393399; 0.845957; 0.217200;,
         2.393399; 0.845957; 0.328433;,
         1.416137; 0.845956; 0.328433;,
         1.416138; 0.845956; 0.217200;,
         1.416138; 0.845956; 0.217200;,
         1.416137; 0.845956; 0.328433;,
         1.416138; 0.957190; 0.328433;,
         1.416138; 0.957190; 0.217200;,
         1.416138; 0.957190; 0.217200;,
         1.416138; 0.957190; 0.328433;,
         2.393399; 0.957190; 0.328433;,
         2.393399; 0.957190; 0.217200;,
         2.393399; 0.845957; 0.328433;,
         2.393399; 0.845957; 0.217200;,
         2.393399; 0.957190; 0.217200;,
         2.393399; 0.957190; 0.328433;,
         2.393400; 0.561309; 0.217200;,
         1.416138; 0.561309; 0.217200;,
         1.416138; 0.672542; 0.217200;,
         2.393400; 0.672542; 0.217200;,
         2.393400; 0.561309; 0.328433;,
         2.393399; 0.672542; 0.328433;,
         1.416138; 0.672542; 0.328433;,
         1.416137; 0.561309; 0.328433;,
         2.393400; 0.561309; 0.217200;,
         2.393400; 0.561309; 0.328433;,
         1.416137; 0.561309; 0.328433;,
         1.416138; 0.561309; 0.217200;,
         1.416138; 0.561309; 0.217200;,
         1.416137; 0.561309; 0.328433;,
         1.416138; 0.672542; 0.328433;,
         1.416138; 0.672542; 0.217200;,
         1.416138; 0.672542; 0.217200;,
         1.416138; 0.672542; 0.328433;,
         2.393399; 0.672542; 0.328433;,
         2.393400; 0.672542; 0.217200;,
         2.393400; 0.561309; 0.328433;,
         2.393400; 0.561309; 0.217200;,
         2.393400; 0.672542; 0.217200;,
         2.393399; 0.672542; 0.328433;,
         1.409544; 0.553363; 0.209255;,
         0.432282; 0.553362; 0.209255;,
         0.432282; 0.680486; 0.209255;,
         1.409544; 0.680487; 0.209255;,
         1.409544; 0.553363; 0.336378;,
         1.409544; 0.680487; 0.336378;,
         0.432282; 0.680486; 0.336378;,
         0.432281; 0.553363; 0.336378;,
         1.409544; 0.553363; 0.209255;,
         1.409544; 0.553363; 0.336378;,
         0.432281; 0.553363; 0.336378;,
         0.432282; 0.553362; 0.209255;,
         0.432282; 0.553362; 0.209255;,
         0.432281; 0.553363; 0.336378;,
         0.432282; 0.680486; 0.336378;,
         0.432282; 0.680486; 0.209255;,
         0.432282; 0.680486; 0.209255;,
         0.432282; 0.680486; 0.336378;,
         1.409544; 0.680487; 0.336378;,
         1.409544; 0.680487; 0.209255;,
         1.409544; 0.553363; 0.336378;,
         1.409544; 0.553363; 0.209255;,
         1.409544; 0.680487; 0.209255;,
         1.409544; 0.680487; 0.336378;,
         2.869938; 0.593090; 0.241036;,
         2.399183; 0.593090; 0.241036;,
         2.399183; 0.640761; 0.241036;,
         2.869938; 0.640762; 0.241036;,
         2.869938; 0.593090; 0.304598;,
         2.869938; 0.640762; 0.304598;,
         2.399183; 0.640761; 0.304598;,
         2.399183; 0.593090; 0.304598;,
         2.869938; 0.593090; 0.241036;,
         2.869938; 0.593090; 0.304598;,
         2.399183; 0.593090; 0.304598;,
         2.399183; 0.593090; 0.241036;,
         2.399183; 0.593090; 0.241036;,
         2.399183; 0.593090; 0.304598;,
         2.399183; 0.640761; 0.304598;,
         2.399183; 0.640761; 0.241036;,
         2.399183; 0.640761; 0.241036;,
         2.399183; 0.640761; 0.304598;,
         2.869938; 0.640762; 0.304598;,
         2.869938; 0.640762; 0.241036;,
         2.869938; 0.593090; 0.304598;,
         2.869938; 0.593090; 0.241036;,
         2.869938; 0.640762; 0.241036;,
         2.869938; 0.640762; 0.304598;,
         2.869938; 0.338081; 0.241036;,
         2.399183; 0.338081; 0.241036;,
         2.399183; 0.385752; 0.241036;,
         2.869938; 0.385752; 0.241036;,
         2.869938; 0.338081; 0.304598;,
         2.869938; 0.385752; 0.304598;,
         2.399183; 0.385752; 0.304598;,
         2.399183; 0.338081; 0.304598;,
         2.869938; 0.338081; 0.241036;,
         2.869938; 0.338081; 0.304598;,
         2.399183; 0.338081; 0.304598;,
         2.399183; 0.338081; 0.241036;,
         2.399183; 0.338081; 0.241036;,
         2.399183; 0.338081; 0.304598;,
         2.399183; 0.385752; 0.304598;,
         2.399183; 0.385752; 0.241036;,
         2.399183; 0.385752; 0.241036;,
         2.399183; 0.385752; 0.304598;,
         2.869938; 0.385752; 0.304598;,
         2.869938; 0.385752; 0.241036;,
         2.869938; 0.338081; 0.304598;,
         2.869938; 0.338081; 0.241036;,
         2.869938; 0.385752; 0.241036;,
         2.869938; 0.385752; 0.304598;,
         1.409544; 0.298354; 0.209255;,
         0.432282; 0.298353; 0.209255;,
         0.432282; 0.425477; 0.209255;,
         1.409544; 0.425477; 0.209255;,
         1.409544; 0.298354; 0.336378;,
         1.409544; 0.425477; 0.336378;,
         0.432282; 0.425477; 0.336378;,
         0.432282; 0.298353; 0.336378;,
         1.409544; 0.298354; 0.209255;,
         1.409544; 0.298354; 0.336378;,
         0.432282; 0.298353; 0.336378;,
         0.432282; 0.298353; 0.209255;,
         0.432282; 0.298353; 0.209255;,
         0.432282; 0.298353; 0.336378;,
         0.432282; 0.425477; 0.336378;,
         0.432282; 0.425477; 0.209255;,
         0.432282; 0.425477; 0.209255;,
         0.432282; 0.425477; 0.336378;,
         1.409544; 0.425477; 0.336378;,
         1.409544; 0.425477; 0.209255;,
         1.409544; 0.298354; 0.336378;,
         1.409544; 0.298354; 0.209255;,
         1.409544; 0.425477; 0.209255;,
         1.409544; 0.425477; 0.336378;,
         2.393400; 0.306300; 0.217200;,
         1.416138; 0.306299; 0.217200;,
         1.416138; 0.417532; 0.217200;,
         2.393400; 0.417533; 0.217200;,
         2.393400; 0.306300; 0.328433;,
         2.393400; 0.417533; 0.328433;,
         1.416138; 0.417532; 0.328433;,
         1.416138; 0.306299; 0.328433;,
         2.393400; 0.306300; 0.217200;,
         2.393400; 0.306300; 0.328433;,
         1.416138; 0.306299; 0.328433;,
         1.416138; 0.306299; 0.217200;,
         1.416138; 0.306299; 0.217200;,
         1.416138; 0.306299; 0.328433;,
         1.416138; 0.417532; 0.328433;,
         1.416138; 0.417532; 0.217200;,
         1.416138; 0.417532; 0.217200;,
         1.416138; 0.417532; 0.328433;,
         2.393400; 0.417533; 0.328433;,
         2.393400; 0.417533; 0.217200;,
         2.393400; 0.306300; 0.328433;,
         2.393400; 0.306300; 0.217200;,
         2.393400; 0.417533; 0.217200;,
         2.393400; 0.417533; 0.328433;,
        -0.416900; 0.298352; 0.209255;,
        -1.394162; 0.298352; 0.209255;,
        -1.394161; 0.425475; 0.209255;,
        -0.416900; 0.425476; 0.209255;,
        -0.416900; 0.298352; 0.336378;,
        -0.416900; 0.425476; 0.336378;,
        -1.394161; 0.425475; 0.336378;,
        -1.394162; 0.298352; 0.336378;,
        -0.416900; 0.298352; 0.209255;,
        -0.416900; 0.298352; 0.336378;,
        -1.394162; 0.298352; 0.336378;,
        -1.394162; 0.298352; 0.209255;,
        -1.394162; 0.298352; 0.209255;,
        -1.394162; 0.298352; 0.336378;,
        -1.394161; 0.425475; 0.336378;,
        -1.394161; 0.425475; 0.209255;,
        -1.394161; 0.425475; 0.209255;,
        -1.394161; 0.425475; 0.336378;,
        -0.416900; 0.425476; 0.336378;,
        -0.416900; 0.425476; 0.209255;,
        -0.416900; 0.298352; 0.336378;,
        -0.416900; 0.298352; 0.209255;,
        -0.416900; 0.425476; 0.209255;,
        -0.416900; 0.425476; 0.336378;,
        -1.400756; 0.306297; 0.217200;,
        -2.378018; 0.306296; 0.217200;,
        -2.378018; 0.417529; 0.217200;,
        -1.400756; 0.417530; 0.217200;,
        -1.400756; 0.306297; 0.328433;,
        -1.400756; 0.417530; 0.328433;,
        -2.378018; 0.417529; 0.328433;,
        -2.378018; 0.306296; 0.328433;,
        -1.400756; 0.306297; 0.217200;,
        -1.400756; 0.306297; 0.328433;,
        -2.378018; 0.306296; 0.328433;,
        -2.378018; 0.306296; 0.217200;,
        -2.378018; 0.306296; 0.217200;,
        -2.378018; 0.306296; 0.328433;,
        -2.378018; 0.417529; 0.328433;,
        -2.378018; 0.417529; 0.217200;,
        -2.378018; 0.417529; 0.217200;,
        -2.378018; 0.417529; 0.328433;,
        -1.400756; 0.417530; 0.328433;,
        -1.400756; 0.417530; 0.217200;,
        -1.400756; 0.306297; 0.328433;,
        -1.400756; 0.306297; 0.217200;,
        -1.400756; 0.417530; 0.217200;,
        -1.400756; 0.417530; 0.328433;,
        -2.383627; 0.338077; 0.248981;,
        -2.854382; 0.338077; 0.248981;,
        -2.854382; 0.385748; 0.248981;,
        -2.383627; 0.385748; 0.248981;,
        -2.383627; 0.338077; 0.296652;,
        -2.383627; 0.385748; 0.296652;,
        -2.854382; 0.385748; 0.296652;,
        -2.854382; 0.338077; 0.296652;,
        -2.383627; 0.338077; 0.248981;,
        -2.383627; 0.338077; 0.296652;,
        -2.854382; 0.338077; 0.296652;,
        -2.854382; 0.338077; 0.248981;,
        -2.854382; 0.338077; 0.248981;,
        -2.854382; 0.338077; 0.296652;,
        -2.854382; 0.385748; 0.296652;,
        -2.854382; 0.385748; 0.248981;,
        -2.854382; 0.385748; 0.248981;,
        -2.854382; 0.385748; 0.296652;,
        -2.383627; 0.385748; 0.296652;,
        -2.383627; 0.385748; 0.248981;,
        -2.383627; 0.338077; 0.296652;,
        -2.383627; 0.338077; 0.248981;,
        -2.383627; 0.385748; 0.248981;,
        -2.383627; 0.385748; 0.296652;,
        -2.383627; 0.591240; 0.241036;,
        -2.854382; 0.591239; 0.241036;,
        -2.854382; 0.638911; 0.241036;,
        -2.383627; 0.638911; 0.241036;,
        -2.383627; 0.591240; 0.304598;,
        -2.383627; 0.638911; 0.304598;,
        -2.854382; 0.638911; 0.304598;,
        -2.854382; 0.591239; 0.304598;,
        -2.383627; 0.591240; 0.241036;,
        -2.383627; 0.591240; 0.304598;,
        -2.854382; 0.591239; 0.304598;,
        -2.854382; 0.591239; 0.241036;,
        -2.854382; 0.591239; 0.241036;,
        -2.854382; 0.591239; 0.304598;,
        -2.854382; 0.638911; 0.304598;,
        -2.854382; 0.638911; 0.241036;,
        -2.854382; 0.638911; 0.241036;,
        -2.854382; 0.638911; 0.304598;,
        -2.383627; 0.638911; 0.304598;,
        -2.383627; 0.638911; 0.241036;,
        -2.383627; 0.591240; 0.304598;,
        -2.383627; 0.591240; 0.241036;,
        -2.383627; 0.638911; 0.241036;,
        -2.383627; 0.638911; 0.304598;,
        -1.400756; 0.559460; 0.217200;,
        -2.378018; 0.559459; 0.217200;,
        -2.378018; 0.670692; 0.217200;,
        -1.400756; 0.670693; 0.217200;,
        -1.400756; 0.559460; 0.328433;,
        -1.400756; 0.670693; 0.328433;,
        -2.378018; 0.670692; 0.328433;,
        -2.378018; 0.559459; 0.328433;,
        -1.400756; 0.559460; 0.217200;,
        -1.400756; 0.559460; 0.328433;,
        -2.378018; 0.559459; 0.328433;,
        -2.378018; 0.559459; 0.217200;,
        -2.378018; 0.559459; 0.217200;,
        -2.378018; 0.559459; 0.328433;,
        -2.378018; 0.670692; 0.328433;,
        -2.378018; 0.670692; 0.217200;,
        -2.378018; 0.670692; 0.217200;,
        -2.378018; 0.670692; 0.328433;,
        -1.400756; 0.670693; 0.328433;,
        -1.400756; 0.670693; 0.217200;,
        -1.400756; 0.559460; 0.328433;,
        -1.400756; 0.559460; 0.217200;,
        -1.400756; 0.670693; 0.217200;,
        -1.400756; 0.670693; 0.328433;,
        -0.416900; 0.551515; 0.209255;,
        -1.394162; 0.551514; 0.209255;,
        -1.394162; 0.678638; 0.209255;,
        -0.416900; 0.678639; 0.209255;,
        -0.416900; 0.551515; 0.336378;,
        -0.416900; 0.678639; 0.336378;,
        -1.394162; 0.678638; 0.336378;,
        -1.394162; 0.551514; 0.336378;,
        -0.416900; 0.551515; 0.209255;,
        -0.416900; 0.551515; 0.336378;,
        -1.394162; 0.551514; 0.336378;,
        -1.394162; 0.551514; 0.209255;,
        -1.394162; 0.551514; 0.209255;,
        -1.394162; 0.551514; 0.336378;,
        -1.394162; 0.678638; 0.336378;,
        -1.394162; 0.678638; 0.209255;,
        -1.394162; 0.678638; 0.209255;,
        -1.394162; 0.678638; 0.336378;,
        -0.416900; 0.678639; 0.336378;,
        -0.416900; 0.678639; 0.209255;,
        -0.416900; 0.551515; 0.336378;,
        -0.416900; 0.551515; 0.209255;,
        -0.416900; 0.678639; 0.209255;,
        -0.416900; 0.678639; 0.336378;,
        -0.416900; 0.858456; 0.209255;,
        -1.394162; 0.858456; 0.209255;,
        -1.394162; 0.985579; 0.209255;,
        -0.416900; 0.985580; 0.209255;,
        -0.416900; 0.858456; 0.336378;,
        -0.416900; 0.985580; 0.336378;,
        -1.394162; 0.985579; 0.336378;,
        -1.394162; 0.858456; 0.336378;,
        -0.416900; 0.858456; 0.209255;,
        -0.416900; 0.858456; 0.336378;,
        -1.394162; 0.858456; 0.336378;,
        -1.394162; 0.858456; 0.209255;,
        -1.394162; 0.858456; 0.209255;,
        -1.394162; 0.858456; 0.336378;,
        -1.394162; 0.985579; 0.336378;,
        -1.394162; 0.985579; 0.209255;,
        -1.394162; 0.985579; 0.209255;,
        -1.394162; 0.985579; 0.336378;,
        -0.416900; 0.985580; 0.336378;,
        -0.416900; 0.985580; 0.209255;,
        -0.416900; 0.858456; 0.336378;,
        -0.416900; 0.858456; 0.209255;,
        -0.416900; 0.985580; 0.209255;,
        -0.416900; 0.985580; 0.336378;,
        -1.400756; 0.866401; 0.217200;,
        -2.378018; 0.866400; 0.217200;,
        -2.378018; 0.977633; 0.217200;,
        -1.400756; 0.977634; 0.217200;,
        -1.400756; 0.866401; 0.328433;,
        -1.400756; 0.977634; 0.328433;,
        -2.378018; 0.977633; 0.328433;,
        -2.378018; 0.866400; 0.328433;,
        -1.400756; 0.866401; 0.217200;,
        -1.400756; 0.866401; 0.328433;,
        -2.378018; 0.866400; 0.328433;,
        -2.378018; 0.866400; 0.217200;,
        -2.378018; 0.866400; 0.217200;,
        -2.378018; 0.866400; 0.328433;,
        -2.378018; 0.977633; 0.328433;,
        -2.378018; 0.977633; 0.217200;,
        -2.378018; 0.977633; 0.217200;,
        -2.378018; 0.977633; 0.328433;,
        -1.400756; 0.977634; 0.328433;,
        -1.400756; 0.977634; 0.217200;,
        -1.400756; 0.866401; 0.328433;,
        -1.400756; 0.866401; 0.217200;,
        -1.400756; 0.977634; 0.217200;,
        -1.400756; 0.977634; 0.328433;,
        -2.383627; 0.898181; 0.248981;,
        -2.854383; 0.898181; 0.248981;,
        -2.854382; 0.945852; 0.248981;,
        -2.383627; 0.945852; 0.248981;,
        -2.383627; 0.898181; 0.296652;,
        -2.383627; 0.945852; 0.296652;,
        -2.854382; 0.945852; 0.296652;,
        -2.854383; 0.898181; 0.296652;,
        -2.383627; 0.898181; 0.248981;,
        -2.383627; 0.898181; 0.296652;,
        -2.854383; 0.898181; 0.296652;,
        -2.854383; 0.898181; 0.248981;,
        -2.854383; 0.898181; 0.248981;,
        -2.854383; 0.898181; 0.296652;,
        -2.854382; 0.945852; 0.296652;,
        -2.854382; 0.945852; 0.248981;,
        -2.854382; 0.945852; 0.248981;,
        -2.854382; 0.945852; 0.296652;,
        -2.383627; 0.945852; 0.296652;,
        -2.383627; 0.945852; 0.248981;,
        -2.383627; 0.898181; 0.296652;,
        -2.383627; 0.898181; 0.248981;,
        -2.383627; 0.945852; 0.248981;,
        -2.383627; 0.945852; 0.296652;,
        -2.823669; 1.167902; 0.242903;,
        -3.573678; 1.167901; 0.242903;,
        -3.573678; 1.215763; 0.242903;,
        -2.823669; 1.215763; 0.242903;,
        -2.823669; 1.167902; 0.302730;,
        -2.823669; 1.215763; 0.302730;,
        -3.573678; 1.215763; 0.302730;,
        -3.573678; 1.167901; 0.302730;,
        -2.823669; 1.167902; 0.242903;,
        -2.823669; 1.167902; 0.302730;,
        -3.573678; 1.167901; 0.302730;,
        -3.573678; 1.167901; 0.242903;,
        -3.573678; 1.167901; 0.242903;,
        -3.573678; 1.167901; 0.302730;,
        -3.573678; 1.215763; 0.302730;,
        -3.573678; 1.215763; 0.242903;,
        -3.573678; 1.215763; 0.242903;,
        -3.573678; 1.215763; 0.302730;,
        -2.823669; 1.215763; 0.302730;,
        -2.823669; 1.215763; 0.242903;,
        -2.823669; 1.167902; 0.302730;,
        -2.823669; 1.167902; 0.242903;,
        -2.823669; 1.215763; 0.242903;,
        -2.823669; 1.215763; 0.302730;,
        -1.912371; 1.143972; 0.224955;,
        -2.820170; 1.143971; 0.224955;,
        -2.820170; 1.239694; 0.224955;,
        -1.912371; 1.239695; 0.224955;,
        -1.912371; 1.143972; 0.320678;,
        -1.912371; 1.239695; 0.320678;,
        -2.820170; 1.239694; 0.320678;,
        -2.820170; 1.143971; 0.320678;,
        -1.912371; 1.143972; 0.224955;,
        -1.912371; 1.143972; 0.320678;,
        -2.820170; 1.143971; 0.320678;,
        -2.820170; 1.143971; 0.224955;,
        -2.820170; 1.143971; 0.224955;,
        -2.820170; 1.143971; 0.320678;,
        -2.820170; 1.239694; 0.320678;,
        -2.820170; 1.239694; 0.224955;,
        -2.820170; 1.239694; 0.224955;,
        -2.820170; 1.239694; 0.320678;,
        -1.912371; 1.239695; 0.320678;,
        -1.912371; 1.239695; 0.224955;,
        -1.912371; 1.143972; 0.320678;,
        -1.912371; 1.143972; 0.224955;,
        -1.912371; 1.239695; 0.224955;,
        -1.912371; 1.239695; 0.320678;,
        -0.407751; 1.137990; 0.218973;,
        -1.905257; 1.137989; 0.218973;,
        -1.905257; 1.245677; 0.218973;,
        -0.407751; 1.245678; 0.218973;,
        -0.407752; 1.137990; 0.326661;,
        -0.407751; 1.245678; 0.326661;,
        -1.905257; 1.245677; 0.326661;,
        -1.905258; 1.137989; 0.326661;,
        -0.407751; 1.137990; 0.218973;,
        -0.407752; 1.137990; 0.326661;,
        -1.905258; 1.137989; 0.326661;,
        -1.905257; 1.137989; 0.218973;,
        -1.905257; 1.137989; 0.218973;,
        -1.905258; 1.137989; 0.326661;,
        -1.905257; 1.245677; 0.326661;,
        -1.905257; 1.245677; 0.218973;,
        -1.905257; 1.245677; 0.218973;,
        -1.905257; 1.245677; 0.326661;,
        -0.407751; 1.245678; 0.326661;,
        -0.407751; 1.245678; 0.218973;,
        -0.407752; 1.137990; 0.326661;,
        -0.407751; 1.137990; 0.218973;,
        -0.407751; 1.245678; 0.218973;,
        -0.407751; 1.245678; 0.326661;,
         0.239614; 1.584441; 0.428772;,
         0.239615; 1.584441; 0.127009;,
         0.239614; 1.702056; 0.127009;,
         0.239614; 1.702056; 0.428772;,
         0.120102; 1.702055; 0.127009;,
         0.120102; 1.702055; 0.428772;,
         0.239614; 1.702056; 0.428772;,
         0.239614; 1.702056; 0.127009;,
         0.120103; 1.584440; 0.127009;,
         0.120103; 1.584441; 0.428772;,
         0.120102; 1.702055; 0.428772;,
         0.120102; 1.702055; 0.127009;,
         0.239615; 1.584441; 0.127009;,
         0.239614; 1.584441; 0.428772;,
         0.120103; 1.584441; 0.428772;,
         0.120103; 1.584440; 0.127009;,
         0.239614; 1.584441; 0.428772;,
         0.239614; 1.702056; 0.428772;,
         0.120102; 1.702055; 0.428772;,
         0.120103; 1.584441; 0.428772;,
         0.239615; 1.584441; 0.127009;,
         0.120103; 1.584440; 0.127009;,
         0.120102; 1.702055; 0.127009;,
         0.239614; 1.702056; 0.127009;,
        -0.100014; 1.575594; 0.124356;,
        -0.100014; 1.575594;-0.214113;,
        -0.100014; 1.710479;-0.214113;,
        -0.100014; 1.710479; 0.124356;,
        -0.266589; 1.710479;-0.214113;,
        -0.266589; 1.710479; 0.124356;,
        -0.100014; 1.710479; 0.124356;,
        -0.100014; 1.710479;-0.214113;,
        -0.266588; 1.575594;-0.214113;,
        -0.266589; 1.575594; 0.124356;,
        -0.266589; 1.710479; 0.124356;,
        -0.266589; 1.710479;-0.214113;,
        -0.100014; 1.575594;-0.214113;,
        -0.100014; 1.575594; 0.124356;,
        -0.266589; 1.575594; 0.124356;,
        -0.266588; 1.575594;-0.214113;,
        -0.100014; 1.575594; 0.124356;,
        -0.100014; 1.710479; 0.124356;,
        -0.266589; 1.710479; 0.124356;,
        -0.266589; 1.575594; 0.124356;,
        -0.100014; 1.575594;-0.214113;,
        -0.266588; 1.575594;-0.214113;,
        -0.266589; 1.710479;-0.214113;,
        -0.100014; 1.710479;-0.214113;,
        -0.163360; 1.661903;-0.208589;,
        -0.163360; 1.661903;-0.508589;,
        -0.163360; 1.701903;-0.508589;,
        -0.163360; 1.701903;-0.208589;,
        -0.212653; 1.701903;-0.508589;,
        -0.212653; 1.701903;-0.208589;,
        -0.163360; 1.701903;-0.208589;,
        -0.163360; 1.701903;-0.508589;,
        -0.212653; 1.661903;-0.508589;,
        -0.212653; 1.661903;-0.208589;,
        -0.212653; 1.701903;-0.208589;,
        -0.212653; 1.701903;-0.508589;,
        -0.163360; 1.661903;-0.508589;,
        -0.163360; 1.661903;-0.208589;,
        -0.212653; 1.661903;-0.208589;,
        -0.212653; 1.661903;-0.508589;,
        -0.163360; 1.661903;-0.208589;,
        -0.163360; 1.701903;-0.208589;,
        -0.212653; 1.701903;-0.208589;,
        -0.212653; 1.661903;-0.208589;,
        -0.163360; 1.661903;-0.508589;,
        -0.212653; 1.661903;-0.508589;,
        -0.212653; 1.701903;-0.508589;,
        -0.163360; 1.701903;-0.508589;,
        -0.124776; 1.584441; 0.428772;,
        -0.124776; 1.584441; 0.127009;,
        -0.124777; 1.702056; 0.127009;,
        -0.124777; 1.702056; 0.428772;,
        -0.244289; 1.702055; 0.127009;,
        -0.244289; 1.702055; 0.428772;,
        -0.124777; 1.702056; 0.428772;,
