xof 0303txt 0032

template XSkinMeshHeader {
  <3cf169ce-ff7c-44ab-93c0-f78f62d172e2>
  WORD nMaxSkinWeightsPerVertex;
  WORD nMaxSkinWeightsPerFace;
  WORD nBones;
}

template SkinWeights {
  <6f0d123b-bad2-4167-a0d0-80224f25fabb>
  STRING transformNodeName;
  DWORD nWeights;
  array DWORD vertexIndices[nWeights];
  array float weights[nWeights];
  Matrix4x4 matrixOffset;
}

Frame Root {
  FrameTransformMatrix {
     1.000000, 0.000000, 0.000000, 0.000000,
     0.000000,-0.000000, 1.000000, 0.000000,
     0.000000, 1.000000, 0.000000, 0.000000,
     0.000000, 0.000000, 0.000000, 1.000000;;
  }
  Frame Armature {
    FrameTransformMatrix {
       1.000000, 0.000000, 0.000000, 0.000000,
       0.000000, 1.000000, 0.000000, 0.000000,
       0.000000, 0.000000, 1.000000, 0.000000,
       3.611959,-0.400620,-1.519396, 1.000000;;
    }
    Frame Armature_Bone {
      FrameTransformMatrix {
         0.017416, 0.000000,-0.999848, 0.000000,
         0.999848, 0.000000, 0.017416, 0.000000,
         0.000000,-1.000000,-0.000000, 0.000000,
        -4.475426, 0.360997, 2.613707, 1.000000;;
      }
      Frame Armature_Bone_003 {
        FrameTransformMatrix {
          -0.000000,-0.000000, 1.000000, 0.000000,
          -0.323293, 0.946299,-0.000000, 0.000000,
          -0.946299,-0.323293,-0.000000, 0.000000,
           0.000000, 0.822809,-0.000000, 1.000000;;
        }
        Frame Armature_Bone_004 {
          FrameTransformMatrix {
             0.989257,-0.137489, 0.049662, 0.000000,
             0.146184, 0.930421,-0.336075, 0.000000,
             0.000000, 0.339725, 0.940525, 0.000000,
            -0.000000, 0.966196,-0.000000, 1.000000;;
          }
          Frame Armature_Bone_005 {
            FrameTransformMatrix {
               1.000000, 0.000000,-0.000000, 0.000000,
              -0.000000, 1.000000,-0.000000, 0.000000,
               0.000000,-0.000000, 1.000000, 0.000000,
               0.000000, 0.170465,-0.000000, 1.000000;;
            }
            Frame Armature_Bone_006 {
              FrameTransformMatrix {
                -0.000000, 1.000000,-0.000000, 0.000000,
                -1.000000,-0.000000, 0.000000, 0.000000,
                -0.000000, 0.000000, 1.000000, 0.000000,
                 0.000000, 0.652438,-0.000000, 1.000000;;
              }
              Frame Armature_Bone_008 {
                FrameTransformMatrix {
                   0.799863,-0.062549,-0.596915, 0.000000,
                   0.589688, 0.267074, 0.762194, 0.000000,
                   0.111746,-0.961644, 0.250507, 0.000000,
                  -0.000000, 0.609342,-0.000000, 1.000000;;
                }
                Frame Armature_Bone_012 {
                  FrameTransformMatrix {
                     0.162695,-0.190753, 0.968062, 0.000000,
                     0.785636, 0.618606,-0.010142, 0.000000,
                    -0.596915, 0.762194, 0.250507, 0.000000,
                     0.000000, 0.762009, 0.000000, 1.000000;;
                  }
                  Frame Armature_Bone_013 {
                    FrameTransformMatrix {
                       0.937081,-0.313996,-0.152597, 0.000000,
                       0.330897, 0.938192, 0.101502, 0.000000,
                       0.111294,-0.145609, 0.983062, 0.000000,
                      -0.000000, 0.879903,-0.000000, 1.000000;;
                    }
                  } // End of Armature_Bone_013
                } // End of Armature_Bone_012
              } // End of Armature_Bone_008
              Frame Armature_Bone_009 {
                FrameTransformMatrix {
                   0.802652, 0.000000, 0.596448, 0.000000,
                   0.596448, 0.000000,-0.802652, 0.000000,
                  -0.000000, 1.000000,-0.000000, 0.000000,
                  -0.000000, 0.609342,-0.000000, 1.000000;;
                }
                Frame Armature_Bone_016 {
                  FrameTransformMatrix {
                    -0.208384,-0.154849,-0.965711, 0.000000,
                     0.775130, 0.575997,-0.259619, 0.000000,
                     0.596448,-0.802652,-0.000000, 0.000000,
                    -0.000000, 0.512433,-0.000000, 1.000000;;
                  }
                } // End of Armature_Bone_016
              } // End of Armature_Bone_009
            } // End of Armature_Bone_006
            Frame Armature_Bone_007 {
              FrameTransformMatrix {
                 0.000000,-1.000000, 0.000000, 0.000000,
                 1.000000, 0.000000,-0.000000, 0.000000,
                -0.000000, 0.000000, 1.000000, 0.000000,
                 0.000000, 0.652438,-0.000000, 1.000000;;
              }
              Frame Armature_Bone_010 {
                FrameTransformMatrix {
                  -0.812357,-0.126608,-0.569251, 0.000000,
                  -0.583073, 0.193249, 0.789101, 0.000000,
                   0.010101, 0.972947,-0.230808, 0.000000,
                  -0.000000, 0.589136,-0.000000, 1.000000;;
                }
                Frame Armature_Bone_014 {
                  FrameTransformMatrix {
                    -0.560664,-0.167252, 0.810976, 0.000000,
                     0.601339, 0.591055, 0.537629, 0.000000,
                    -0.569251, 0.789101,-0.230808, 0.000000,
                    -0.000000, 0.707684, 0.000000, 1.000000;;
                  }
                  Frame Armature_Bone_015 {
                    FrameTransformMatrix {
                       0.949822, 0.312643,-0.009628, 0.000000,
                      -0.310675, 0.939374,-0.145113, 0.000000,
                      -0.036324, 0.140823, 0.989368, 0.000000,
                       0.000000, 0.941973, 0.000000, 1.000000;;
                    }
                  } // End of Armature_Bone_015
                } // End of Armature_Bone_014
              } // End of Armature_Bone_010
              Frame Armature_Bone_011 {
                FrameTransformMatrix {
                  -0.789704,-0.000000, 0.613489, 0.000000,
                  -0.613489,-0.000000,-0.789704, 0.000000,
                   0.000000,-1.000000,-0.000000, 0.000000,
                  -0.000000, 0.589136,-0.000000, 1.000000;;
                }
                Frame Armature_Bone_017 {
                  FrameTransformMatrix {
                     0.084382, 0.065553,-0.994275, 0.000000,
                     0.785182, 0.609976, 0.106853, 0.000000,
                     0.613489,-0.789703,-0.000000, 0.000000,
                     0.000000, 0.488333, 0.000000, 1.000000;;
                  }
                } // End of Armature_Bone_017
              } // End of Armature_Bone_011
            } // End of Armature_Bone_007
          } // End of Armature_Bone_005
        } // End of Armature_Bone_004
      } // End of Armature_Bone_003
      Frame Armature_Bone_018 {
        FrameTransformMatrix {
           0.011053, 0.634538,-0.772813, 0.000000,
          -0.013460,-0.772696,-0.634634, 0.000000,
          -0.999848, 0.017416,-0.000000, 0.000000,
           0.000000, 0.822809,-0.000000, 1.000000;;
        }
        Frame Armature_Bone_024 {
          FrameTransformMatrix {
             0.990176,-0.139829, 0.000000, 0.000000,
             0.089655, 0.634873,-0.767397, 0.000000,
             0.107305, 0.759858, 0.641173, 0.000000,
            -0.000000, 0.721279, 0.000000, 1.000000;;
          }
          Frame Armature_Bone_027 {
            FrameTransformMatrix {
               1.000000, 0.000000,-0.000000, 0.000000,
               0.000000,-0.112368, 0.993667, 0.000000,
               0.000000,-0.993667,-0.112368, 0.000000,
               0.000000, 0.600399, 0.000000, 1.000000;;
            }
            Frame Armature_Bone_030 {
              FrameTransformMatrix {
                 1.000000, 0.000000, 0.000000, 0.000000,
                 0.000000,-0.308746,-0.951145, 0.000000,
                -0.000000, 0.951145,-0.308746, 0.000000,
                 0.000000, 1.536473, 0.000000, 1.000000;;
              }
            } // End of Armature_Bone_030
          } // End of Armature_Bone_027
        } // End of Armature_Bone_024
      } // End of Armature_Bone_018
      Frame Armature_Bone_019 {
        FrameTransformMatrix {
           0.010774, 0.618527, 0.785689, 0.000000,
           0.013684, 0.785570,-0.618621, 0.000000,
          -0.999848, 0.017416,-0.000000, 0.000000,
           0.000000, 0.822809,-0.000000, 1.000000;;
        }
        Frame Armature_Bone_025 {
          FrameTransformMatrix {
             0.962085, 0.268508,-0.047926, 0.000000,
            -0.250280, 0.799241,-0.546419, 0.000000,
            -0.108414, 0.537696, 0.836140, 0.000000,
            -0.000000, 0.761123, 0.000000, 1.000000;;
          }
          Frame Armature_Bone_028 {
            FrameTransformMatrix {
               0.995065,-0.053821, 0.083360, 0.000000,
              -0.067220, 0.252311, 0.965308, 0.000000,
              -0.072987,-0.966148, 0.247448, 0.000000,
               0.000000, 0.600399,-0.000000, 1.000000;;
            }
            Frame Armature_Bone_031 {
              FrameTransformMatrix {
                 0.999201,-0.028540,-0.027970, 0.000000,
                -0.034607,-0.268055,-0.962782, 0.000000,
                 0.019980, 0.962981,-0.268829, 0.000000,
                -0.000000, 1.536473, 0.000000, 1.000000;;
              }
            } // End of Armature_Bone_031
          } // End of Armature_Bone_028
        } // End of Armature_Bone_025
      } // End of Armature_Bone_019
      Frame Armature_Bone_020 {
        FrameTransformMatrix {
           0.017416, 0.999848, 0.000000, 0.000000,
           0.000000, 0.000000,-1.000000, 0.000000,
          -0.999848, 0.017416,-0.000000, 0.000000,
           0.000000, 0.822809,-0.000000, 1.000000;;
        }
        Frame Armature_Bone_026 {
          FrameTransformMatrix {
             0.996391,-0.084888,-0.000000, 0.000000,
             0.063598, 0.746499,-0.662340, 0.000000,
             0.056225, 0.659949, 0.749204, 0.000000,
            -0.000000, 0.479845, 0.000000, 1.000000;;
          }
          Frame Armature_Bone_029 {
            FrameTransformMatrix {
               1.000000,-0.000000, 0.000000, 0.000000,
              -0.000000, 0.074456, 0.997224, 0.000000,
              -0.000000,-0.997224, 0.074456, 0.000000,
               0.000000, 0.600399,-0.000001, 1.000000;;
            }
            Frame Armature_Bone_032 {
              FrameTransformMatrix {
                 1.000000, 0.000000,-0.000000, 0.000000,
                -0.000000,-0.273979,-0.961736, 0.000000,
                -0.000000, 0.961736,-0.273979, 0.000000,
                -0.000000, 1.536473, 0.000000, 1.000000;;
              }
            } // End of Armature_Bone_032
          } // End of Armature_Bone_029
        } // End of Armature_Bone_026
      } // End of Armature_Bone_020
      Frame Armature_Bone_021 {
        FrameTransformMatrix {
          -0.017416,-0.999848,-0.000000, 0.000000,
          -0.000000,-0.000000, 1.000000, 0.000000,
          -0.999848, 0.017416,-0.000000, 0.000000,
           0.000000, 0.822809,-0.000000, 1.000000;;
        }
        Frame Armature_Bone_033 {
          FrameTransformMatrix {
             0.999449, 0.033186, 0.000000, 0.000000,
            -0.020911, 0.629773,-0.776497, 0.000000,
            -0.025769, 0.776070, 0.630120, 0.000000,
             0.000000, 0.360130, 0.000000, 1.000000;;
          }
          Frame Armature_Bone_036 {
            FrameTransformMatrix {
               1.000000, 0.000000,-0.000000, 0.000000,
               0.000000,-0.231089, 0.972933, 0.000000,
               0.000000,-0.972933,-0.231089, 0.000000,
               0.000000, 0.589790, 0.000000, 1.000000;;
            }
            Frame Armature_Bone_039 {
              FrameTransformMatrix {
                 1.000000,-0.000000, 0.000000, 0.000000,
                 0.000000,-0.543101,-0.839667, 0.000000,
                 0.000000, 0.839667,-0.543101, 0.000000,
                -0.000000, 1.539493,-0.000000, 1.000000;;
              }
            } // End of Armature_Bone_039
          } // End of Armature_Bone_036
        } // End of Armature_Bone_033
      } // End of Armature_Bone_021
      Frame Armature_Bone_022 {
        FrameTransformMatrix {
          -0.009486,-0.544604,-0.838640, 0.000000,
          -0.014606,-0.838512, 0.544687, 0.000000,
          -0.999848, 0.017416,-0.000000, 0.000000,
           0.000000, 0.822809,-0.000000, 1.000000;;
        }
        Frame Armature_Bone_034 {
          FrameTransformMatrix {
             0.989648, 0.143518, 0.000000, 0.000000,
            -0.090331, 0.622888,-0.777079, 0.000000,
            -0.111525, 0.769034, 0.629404, 0.000000,
            -0.000000, 0.682352,-0.000000, 1.000000;;
          }
          Frame Armature_Bone_037 {
            FrameTransformMatrix {
               1.000000, 0.000000, 0.000000, 0.000000,
              -0.000000,-0.328447, 0.944522, 0.000000,
               0.000000,-0.944522,-0.328447, 0.000000,
              -0.000000, 0.589791, 0.000000, 1.000000;;
            }
            Frame Armature_Bone_040 {
              FrameTransformMatrix {
                 1.000000,-0.000001, 0.000000, 0.000000,
                -0.000000,-0.585209,-0.810883, 0.000000,
                 0.000001, 0.810883,-0.585209, 0.000000,
                -0.000000, 1.539493,-0.000000, 1.000000;;
              }
            } // End of Armature_Bone_040
          } // End of Armature_Bone_037
        } // End of Armature_Bone_034
      } // End of Armature_Bone_022
      Frame Armature_Bone_023 {
        FrameTransformMatrix {
          -0.009428,-0.541243, 0.840814, 0.000000,
           0.014644, 0.840686, 0.541325, 0.000000,
          -0.999848, 0.017416,-0.000000, 0.000000,
           0.000000, 0.822809,-0.000000, 1.000000;;
        }
        Frame Armature_Bone_035 {
          FrameTransformMatrix {
             0.754787,-0.655970,-0.000000, 0.000000,
             0.381077, 0.438484,-0.813949, 0.000000,
             0.533926, 0.614358, 0.580937, 0.000000,
            -0.000000, 0.684382, 0.000000, 1.000000;;
          }
          Frame Armature_Bone_038 {
            FrameTransformMatrix {
               1.000000,-0.000000, 0.000000, 0.000000,
              -0.000000,-0.246508, 0.969141, 0.000000,
              -0.000000,-0.969141,-0.246508, 0.000000,
               0.000000, 0.589791, 0.000000, 1.000000;;
            }
            Frame Armature_Bone_041 {
              FrameTransformMatrix {
                 1.000000,-0.000001,-0.000000, 0.000000,
                -0.000001,-0.467871,-0.883797, 0.000000,
                 0.000000, 0.883797,-0.467871, 0.000000,
                 0.000000, 1.539493,-0.000000, 1.000000;;
              }
            } // End of Armature_Bone_041
          } // End of Armature_Bone_038
        } // End of Armature_Bone_035
      } // End of Armature_Bone_023
    } // End of Armature_Bone
    Frame Armature_Bone_001 {
      FrameTransformMatrix {
         0.000000, 1.000000, 0.000000, 0.000000,
        -1.000000, 0.000000, 0.000000, 0.000000,
         0.000000, 0.000000, 1.000000, 0.000000,
        -4.475426, 0.360997, 2.613707, 1.000000;;
      }
      Frame Armature_Bone_002 {
        FrameTransformMatrix {
           0.997385,-0.072272, 0.000070, 0.000000,
           0.072271, 0.997365,-0.006338, 0.000000,
           0.000388, 0.006326, 0.999980, 0.000000,
           0.000000, 0.189143, 0.000000, 1.000000;;
        }
      } // End of Armature_Bone_002
    } // End of Armature_Bone_001
    Frame Cube {
      FrameTransformMatrix {
         0.867575, 0.000000, 0.000000, 0.000000,
         0.000000, 0.462719, 0.000000, 0.000000,
         0.000000, 0.000000, 0.345554, 0.000000,
        -3.619888, 0.400620, 1.519396, 1.000000;;
      }
      Mesh { // Cube mesh
        744;
         3.702549;-0.796239;-0.734199;,
         3.702549;-1.729567;-0.734199;,
         2.350923;-1.729567;-0.734199;,
         2.350923;-0.796239;-0.734199;,
         3.702549;-0.796239;-0.483925;,
         2.350923;-0.796239;-0.483925;,
         2.350922;-1.729566;-0.483925;,
         3.702548;-1.729567;-0.483925;,
         3.702549;-0.796239;-0.734199;,
         3.702549;-0.796239;-0.483925;,
         3.702548;-1.729567;-0.483925;,
         3.702549;-1.729567;-0.734199;,
         3.702549;-1.729567;-0.734199;,
         3.702548;-1.729567;-0.483925;,
         2.350922;-1.729566;-0.483925;,
         2.350923;-1.729567;-0.734199;,
         2.350923;-1.729567;-0.734199;,
         2.350922;-1.729566;-0.483925;,
         2.350923;-0.796239;-0.483925;,
         2.350923;-0.796239;-0.734199;,
         3.702549;-0.796239;-0.483925;,
         3.702549;-0.796239;-0.734199;,
         2.350923;-0.796239;-0.734199;,
         2.350923;-0.796239;-0.483925;,
         2.344139;-0.208991;-1.229644;,
         2.344139;-1.747395;-1.229644;,
         1.184825;-1.747395;-1.229644;,
         1.184825;-0.208990;-1.229644;,
         2.344139;-0.208991; 2.261151;,
         1.184825;-0.208991; 2.261151;,
         1.184825;-1.747395; 2.261151;,
         2.344138;-1.747396; 2.261151;,
         2.344139;-0.208991;-1.229644;,
         2.344139;-0.208991; 2.261151;,
         2.344138;-1.747396; 2.261151;,
         2.344139;-1.747395;-1.229644;,
         2.344139;-1.747395;-1.229644;,
         2.344138;-1.747396; 2.261151;,
         1.184825;-1.747395; 2.261151;,
         1.184825;-1.747395;-1.229644;,
         1.184825;-1.747395;-1.229644;,
         1.184825;-1.747395; 2.261151;,
         1.184825;-0.208991; 2.261151;,
         1.184825;-0.208990;-1.229644;,
         2.344139;-0.208991; 2.261151;,
         2.344139;-0.208991;-1.229644;,
         1.184825;-0.208990;-1.229644;,
         1.184825;-0.208991; 2.261151;,
         2.344139; 1.777442;-1.229644;,
         2.344139; 0.239037;-1.229644;,
         1.184825; 0.239037;-1.229644;,
         1.184825; 1.777442;-1.229644;,
         2.344139; 1.777441; 2.261151;,
         1.184825; 1.777442; 2.261151;,
         1.184825; 0.239037; 2.261151;,
         2.344138; 0.239036; 2.261151;,
         2.344139; 1.777442;-1.229644;,
         2.344139; 1.777441; 2.261151;,
         2.344138; 0.239036; 2.261151;,
         2.344139; 0.239037;-1.229644;,
         2.344139; 0.239037;-1.229644;,
         2.344138; 0.239036; 2.261151;,
         1.184825; 0.239037; 2.261151;,
         1.184825; 0.239037;-1.229644;,
         1.184825; 0.239037;-1.229644;,
         1.184825; 0.239037; 2.261151;,
         1.184825; 1.777442; 2.261151;,
         1.184825; 1.777442;-1.229644;,
         2.344139; 1.777441; 2.261151;,
         2.344139; 1.777442;-1.229644;,
         1.184825; 1.777442;-1.229644;,
         1.184825; 1.777442; 2.261151;,
         0.035552;-5.517872;-0.616787;,
         0.035552;-10.194798;-0.616787;,
        -0.114650;-10.194798;-0.616787;,
        -0.114650;-5.517870;-0.616787;,
         0.035552;-5.517873;-0.232592;,
        -0.114650;-5.517871;-0.232592;,
        -0.114650;-10.194798;-0.232592;,
         0.035552;-10.194799;-0.232592;,
         0.035552;-5.517872;-0.616787;,
         0.035552;-5.517873;-0.232592;,
         0.035552;-10.194799;-0.232592;,
         0.035552;-10.194798;-0.616787;,
         0.035552;-10.194798;-0.616787;,
         0.035552;-10.194799;-0.232592;,
        -0.114650;-10.194798;-0.232592;,
        -0.114650;-10.194798;-0.616787;,
        -0.114650;-10.194798;-0.616787;,
        -0.114650;-10.194798;-0.232592;,
        -0.114650;-5.517871;-0.232592;,
        -0.114650;-5.517870;-0.616787;,
         0.035552;-5.517873;-0.232592;,
         0.035552;-5.517872;-0.616787;,
        -0.114650;-5.517870;-0.616787;,
        -0.114650;-5.517871;-0.232592;,
         0.024026;10.195251;-0.586748;,
         0.024026; 5.518324;-0.586748;,
        -0.103123; 5.518324;-0.586748;,
        -0.103123;10.195251;-0.586748;,
         0.024026;10.195250;-0.262631;,
        -0.103123;10.195251;-0.262631;,
        -0.103123; 5.518325;-0.262631;,
         0.024026; 5.518322;-0.262631;,
         0.024026;10.195251;-0.586748;,
         0.024026;10.195250;-0.262631;,
         0.024026; 5.518322;-0.262631;,
         0.024026; 5.518324;-0.586748;,
         0.024026; 5.518324;-0.586748;,
         0.024026; 5.518322;-0.262631;,
        -0.103123; 5.518325;-0.262631;,
        -0.103123; 5.518324;-0.586748;,
        -0.103123; 5.518324;-0.586748;,
        -0.103123; 5.518325;-0.262631;,
        -0.103123;10.195251;-0.262631;,
        -0.103123;10.195251;-0.586748;,
         0.024026;10.195250;-0.262631;,
         0.024026;10.195251;-0.586748;,
        -0.103123;10.195251;-0.586748;,
        -0.103123;10.195251;-0.262631;,
         0.047079; 5.510541;-0.645726;,
         0.047079; 2.226336;-0.645726;,
        -0.126176; 2.226337;-0.645726;,
        -0.126176; 5.510541;-0.645726;,
         0.047079; 5.510540;-0.203653;,
        -0.126176; 5.510541;-0.203653;,
        -0.126176; 2.226337;-0.203653;,
         0.047079; 2.226336;-0.203653;,
         0.047079; 5.510541;-0.645726;,
         0.047079; 5.510540;-0.203653;,
         0.047079; 2.226336;-0.203653;,
         0.047079; 2.226336;-0.645726;,
         0.047079; 2.226336;-0.645726;,
         0.047079; 2.226336;-0.203653;,
        -0.126176; 2.226337;-0.203653;,
        -0.126176; 2.226337;-0.645726;,
        -0.126176; 2.226337;-0.645726;,
        -0.126176; 2.226337;-0.203653;,
        -0.126176; 5.510541;-0.203653;,
        -0.126176; 5.510541;-0.645726;,
         0.047079; 5.510540;-0.203653;,
         0.047079; 5.510541;-0.645726;,
        -0.126176; 5.510541;-0.645726;,
        -0.126176; 5.510541;-0.203653;,
         0.046478;-2.219641;-0.645726;,
         0.046478;-5.503845;-0.645726;,
        -0.126777;-5.503845;-0.645726;,
        -0.126777;-2.219640;-0.645726;,
         0.046478;-2.219641;-0.203653;,
        -0.126777;-2.219640;-0.203653;,
        -0.126777;-5.503844;-0.203653;,
         0.046478;-5.503846;-0.203653;,
         0.046478;-2.219641;-0.645726;,
         0.046478;-2.219641;-0.203653;,
         0.046478;-5.503846;-0.203653;,
         0.046478;-5.503845;-0.645726;,
         0.046478;-5.503845;-0.645726;,
         0.046478;-5.503846;-0.203653;,
        -0.126777;-5.503844;-0.203653;,
        -0.126777;-5.503845;-0.645726;,
        -0.126777;-5.503845;-0.645726;,
        -0.126777;-5.503844;-0.203653;,
        -0.126777;-2.219640;-0.203653;,
        -0.126777;-2.219640;-0.645726;,
         0.046478;-2.219641;-0.203653;,
         0.046478;-2.219641;-0.645726;,
        -0.126777;-2.219640;-0.645726;,
        -0.126777;-2.219640;-0.203653;,
         0.092583;-1.028141;-0.761482;,
         0.092583;-2.203372;-0.761482;,
        -0.172883;-2.203372;-0.761482;,
        -0.172883;-1.028141;-0.761482;,
         0.092583;-1.028142;-0.087897;,
        -0.172883;-1.028141;-0.087897;,
        -0.172883;-2.203372;-0.087897;,
         0.092583;-2.203372;-0.087897;,
         0.092583;-1.028141;-0.761482;,
         0.092583;-1.028142;-0.087897;,
         0.092583;-2.203372;-0.087897;,
         0.092583;-2.203372;-0.761482;,
         0.092583;-2.203372;-0.761482;,
         0.092583;-2.203372;-0.087897;,
        -0.172883;-2.203372;-0.087897;,
        -0.172883;-2.203372;-0.761482;,
        -0.172883;-2.203372;-0.761482;,
        -0.172883;-2.203372;-0.087897;,
        -0.172883;-1.028141;-0.087897;,
        -0.172883;-1.028141;-0.761482;,
         0.092583;-1.028142;-0.087897;,
         0.092583;-1.028141;-0.761482;,
        -0.172883;-1.028141;-0.761482;,
        -0.172883;-1.028141;-0.087897;,
         0.092583; 2.205010;-0.761482;,
         0.092583; 1.029779;-0.761482;,
        -0.172883; 1.029780;-0.761482;,
        -0.172883; 2.205010;-0.761482;,
         0.092583; 2.205010;-0.087897;,
        -0.172883; 2.205010;-0.087897;,
        -0.172883; 1.029780;-0.087897;,
         0.092583; 1.029779;-0.087897;,
         0.092583; 2.205010;-0.761482;,
         0.092583; 2.205010;-0.087897;,
         0.092583; 1.029779;-0.087897;,
         0.092583; 1.029779;-0.761482;,
         0.092583; 1.029779;-0.761482;,
         0.092583; 1.029779;-0.087897;,
        -0.172883; 1.029780;-0.087897;,
        -0.172883; 1.029780;-0.761482;,
        -0.172883; 1.029780;-0.761482;,
        -0.172883; 1.029780;-0.087897;,
        -0.172883; 2.205010;-0.087897;,
        -0.172883; 2.205010;-0.761482;,
         0.092583; 2.205010;-0.087897;,
         0.092583; 2.205010;-0.761482;,
        -0.172883; 2.205010;-0.761482;,
        -0.172883; 2.205010;-0.087897;,
         0.772737; 2.205010;-0.761482;,
         0.772737; 1.029779;-0.761482;,
         0.507271; 1.029780;-0.761482;,
         0.507271; 2.205010;-0.761482;,
         0.772737; 2.205010;-0.087897;,
         0.507271; 2.205010;-0.087897;,
         0.507271; 1.029780;-0.087897;,
         0.772737; 1.029779;-0.087897;,
         0.772737; 2.205010;-0.761482;,
         0.772737; 2.205010;-0.087897;,
         0.772737; 1.029779;-0.087897;,
         0.772737; 1.029779;-0.761482;,
         0.772737; 1.029779;-0.761482;,
         0.772737; 1.029779;-0.087897;,
         0.507271; 1.029780;-0.087897;,
         0.507271; 1.029780;-0.761482;,
         0.507271; 1.029780;-0.761482;,
         0.507271; 1.029780;-0.087897;,
         0.507271; 2.205010;-0.087897;,
         0.507271; 2.205010;-0.761482;,
         0.772737; 2.205010;-0.087897;,
         0.772737; 2.205010;-0.761482;,
         0.507271; 2.205010;-0.761482;,
         0.507271; 2.205010;-0.087897;,
         0.772737;-1.028141;-0.761482;,
         0.772737;-2.203372;-0.761482;,
         0.507271;-2.203372;-0.761482;,
         0.507271;-1.028141;-0.761482;,
         0.772737;-1.028142;-0.087897;,
         0.507271;-1.028141;-0.087897;,
         0.507271;-2.203372;-0.087897;,
         0.772737;-2.203372;-0.087897;,
         0.772737;-1.028141;-0.761482;,
         0.772737;-1.028142;-0.087897;,
         0.772737;-2.203372;-0.087897;,
         0.772737;-2.203372;-0.761482;,
         0.772737;-2.203372;-0.761482;,
         0.772737;-2.203372;-0.087897;,
         0.507271;-2.203372;-0.087897;,
         0.507271;-2.203372;-0.761482;,
         0.507271;-2.203372;-0.761482;,
         0.507271;-2.203372;-0.087897;,
         0.507271;-1.028141;-0.087897;,
         0.507271;-1.028141;-0.761482;,
         0.772737;-1.028142;-0.087897;,
         0.772737;-1.028141;-0.761482;,
         0.507271;-1.028141;-0.761482;,
         0.507271;-1.028141;-0.087897;,
         0.726631;-2.219641;-0.645726;,
         0.726631;-5.503845;-0.645726;,
         0.553376;-5.503845;-0.645726;,
         0.553376;-2.219640;-0.645726;,
         0.726631;-2.219641;-0.203653;,
         0.553376;-2.219640;-0.203653;,
         0.553376;-5.503844;-0.203653;,
         0.726631;-5.503846;-0.203653;,
         0.726631;-2.219641;-0.645726;,
         0.726631;-2.219641;-0.203653;,
         0.726631;-5.503846;-0.203653;,
         0.726631;-5.503845;-0.645726;,
         0.726631;-5.503845;-0.645726;,
         0.726631;-5.503846;-0.203653;,
         0.553376;-5.503844;-0.203653;,
         0.553376;-5.503845;-0.645726;,
         0.553376;-5.503845;-0.645726;,
         0.553376;-5.503844;-0.203653;,
         0.553376;-2.219640;-0.203653;,
         0.553376;-2.219640;-0.645726;,
         0.726631;-2.219641;-0.203653;,
         0.726631;-2.219641;-0.645726;,
         0.553376;-2.219640;-0.645726;,
         0.553376;-2.219640;-0.203653;,
         0.727232; 5.510541;-0.645726;,
         0.727232; 2.226336;-0.645726;,
         0.553977; 2.226337;-0.645726;,
         0.553977; 5.510541;-0.645726;,
         0.727232; 5.510540;-0.203653;,
         0.553977; 5.510541;-0.203653;,
         0.553977; 2.226337;-0.203653;,
         0.727232; 2.226336;-0.203653;,
         0.727232; 5.510541;-0.645726;,
         0.727232; 5.510540;-0.203653;,
         0.727232; 2.226336;-0.203653;,
         0.727232; 2.226336;-0.645726;,
         0.727232; 2.226336;-0.645726;,
         0.727232; 2.226336;-0.203653;,
         0.553977; 2.226337;-0.203653;,
         0.553977; 2.226337;-0.645726;,
         0.553977; 2.226337;-0.645726;,
         0.553977; 2.226337;-0.203653;,
         0.553977; 5.510541;-0.203653;,
         0.553977; 5.510541;-0.645726;,
         0.727232; 5.510540;-0.203653;,
         0.727232; 5.510541;-0.645726;,
         0.553977; 5.510541;-0.645726;,
         0.553977; 5.510541;-0.203653;,
         0.704179;10.195251;-0.586748;,
         0.704179; 5.518324;-0.586748;,
         0.577030; 5.518324;-0.586748;,
         0.577030;10.195251;-0.586748;,
         0.704179;10.195250;-0.262631;,
         0.577030;10.195251;-0.262631;,
         0.577030; 5.518325;-0.262631;,
         0.704179; 5.518322;-0.262631;,
         0.704179;10.195251;-0.586748;,
         0.704179;10.195250;-0.262631;,
         0.704179; 5.518322;-0.262631;,
         0.704179; 5.518324;-0.586748;,
         0.704179; 5.518324;-0.586748;,
         0.704179; 5.518322;-0.262631;,
         0.577030; 5.518325;-0.262631;,
         0.577030; 5.518324;-0.586748;,
         0.577030; 5.518324;-0.586748;,
         0.577030; 5.518325;-0.262631;,
         0.577030;10.195251;-0.262631;,
         0.577030;10.195251;-0.586748;,
         0.704179;10.195250;-0.262631;,
         0.704179;10.195251;-0.586748;,
         0.577030;10.195251;-0.586748;,
         0.577030;10.195251;-0.262631;,
         0.715706;-5.517872;-0.616787;,
         0.715706;-10.194798;-0.616787;,
         0.565504;-10.194798;-0.616787;,
         0.565504;-5.517870;-0.616787;,
         0.715706;-5.517873;-0.232592;,
         0.565504;-5.517871;-0.232592;,
         0.565504;-10.194798;-0.232592;,
         0.715706;-10.194799;-0.232592;,
         0.715706;-5.517872;-0.616787;,
         0.715706;-5.517873;-0.232592;,
         0.715706;-10.194799;-0.232592;,
         0.715706;-10.194798;-0.616787;,
         0.715706;-10.194798;-0.616787;,
         0.715706;-10.194799;-0.232592;,
         0.565504;-10.194798;-0.232592;,
         0.565504;-10.194798;-0.616787;,
         0.565504;-10.194798;-0.616787;,
         0.565504;-10.194798;-0.232592;,
         0.565504;-5.517871;-0.232592;,
         0.565504;-5.517870;-0.616787;,
         0.715706;-5.517873;-0.232592;,
         0.715706;-5.517872;-0.616787;,
         0.565504;-5.517870;-0.616787;,
         0.565504;-5.517871;-0.232592;,
         4.695732; 1.732144; 2.064449;,
         4.695732; 1.607136; 2.064449;,
         3.527254; 1.607136; 2.064449;,
         3.527255; 1.732144; 2.064449;,
         4.695732; 1.732144; 2.236351;,
         3.527254; 1.732144; 2.236351;,
         3.527254; 1.607136; 2.236351;,
         4.695732; 1.607136; 2.236351;,
         4.695732; 1.732144; 2.064449;,
         4.695732; 1.732144; 2.236351;,
         4.695732; 1.607136; 2.236351;,
         4.695732; 1.607136; 2.064449;,
         4.695732; 1.607136; 2.064449;,
         4.695732; 1.607136; 2.236351;,
         3.527254; 1.607136; 2.236351;,
         3.527254; 1.607136; 2.064449;,
         3.527254; 1.607136; 2.064449;,
         3.527254; 1.607136; 2.236351;,
         3.527254; 1.732144; 2.236351;,
         3.527255; 1.732144; 2.064449;,
         4.695732; 1.732144; 2.236351;,
         4.695732; 1.732144; 2.064449;,
         3.527255; 1.732144; 2.064449;,
         3.527254; 1.732144; 2.236351;,
         4.701630;-1.580265; 2.057637;,
         4.701630;-1.705272; 2.057637;,
         3.533152;-1.705272; 2.057637;,
         3.533152;-1.580265; 2.057637;,
         4.701630;-1.580265; 2.229538;,
         3.533152;-1.580265; 2.229538;,
         3.533152;-1.705272; 2.229538;,
         4.701629;-1.705272; 2.229538;,
         4.701630;-1.580265; 2.057637;,
         4.701630;-1.580265; 2.229538;,
         4.701629;-1.705272; 2.229538;,
         4.701630;-1.705272; 2.057637;,
         4.701630;-1.705272; 2.057637;,
         4.701629;-1.705272; 2.229538;,
         3.533152;-1.705272; 2.229538;,
         3.533152;-1.705272; 2.057637;,
         3.533152;-1.705272; 2.057637;,
         3.533152;-1.705272; 2.229538;,
         3.533152;-1.580265; 2.229538;,
         3.533152;-1.580265; 2.057637;,
         4.701630;-1.580265; 2.229538;,
         4.701630;-1.580265; 2.057637;,
         3.533152;-1.580265; 2.057637;,
         3.533152;-1.580265; 2.229538;,
         3.518822;-1.580265; 2.057637;,
         3.518822;-1.705272; 2.057637;,
         2.350345;-1.705272; 2.057637;,
         2.350345;-1.580265; 2.057637;,
         3.518823;-1.580265; 2.229538;,
         2.350345;-1.580265; 2.229538;,
         2.350344;-1.705272; 2.229538;,
         3.518822;-1.705272; 2.229538;,
         3.518822;-1.580265; 2.057637;,
         3.518823;-1.580265; 2.229538;,
         3.518822;-1.705272; 2.229538;,
         3.518822;-1.705272; 2.057637;,
         3.518822;-1.705272; 2.057637;,
         3.518822;-1.705272; 2.229538;,
         2.350344;-1.705272; 2.229538;,
         2.350345;-1.705272; 2.057637;,
         2.350345;-1.705272; 2.057637;,
         2.350344;-1.705272; 2.229538;,
         2.350345;-1.580265; 2.229538;,
         2.350345;-1.580265; 2.057637;,
         3.518823;-1.580265; 2.229538;,
         3.518822;-1.580265; 2.057637;,
         2.350345;-1.580265; 2.057637;,
         2.350345;-1.580265; 2.229538;,
         3.518822; 1.732144; 2.064449;,
         3.518822; 1.607136; 2.064449;,
         2.350345; 1.607136; 2.064449;,
         2.350345; 1.732144; 2.064449;,
         3.518823; 1.732144; 2.236351;,
         2.350345; 1.732144; 2.236351;,
         2.350344; 1.607136; 2.236351;,
         3.518822; 1.607136; 2.236351;,
         3.518822; 1.732144; 2.064449;,
         3.518823; 1.732144; 2.236351;,
         3.518822; 1.607136; 2.236351;,
         3.518822; 1.607136; 2.064449;,
         3.518822; 1.607136; 2.064449;,
         3.518822; 1.607136; 2.236351;,
         2.350344; 1.607136; 2.236351;,
         2.350345; 1.607136; 2.064449;,
         2.350345; 1.607136; 2.064449;,
         2.350344; 1.607136; 2.236351;,
         2.350345; 1.732144; 2.236351;,
         2.350345; 1.732144; 2.064449;,
         3.518823; 1.732144; 2.236351;,
         3.518822; 1.732144; 2.064449;,
         2.350345; 1.732144; 2.064449;,
         2.350345; 1.732144; 2.236351;,
         3.702549; 1.754240;-0.820122;,
         3.702549; 0.820912;-0.820122;,
         2.350923; 0.820913;-0.820122;,
         2.350923; 1.754240;-0.820122;,
         3.702549; 1.754240;-0.569848;,
         2.350923; 1.754240;-0.569848;,
         2.350922; 0.820913;-0.569848;,
         3.702548; 0.820912;-0.569848;,
         3.702549; 1.754240;-0.820122;,
         3.702549; 1.754240;-0.569848;,
         3.702548; 0.820912;-0.569848;,
         3.702549; 0.820912;-0.820122;,
         3.702549; 0.820912;-0.820122;,
         3.702548; 0.820912;-0.569848;,
         2.350922; 0.820913;-0.569848;,
         2.350923; 0.820913;-0.820122;,
         2.350923; 0.820913;-0.820122;,
         2.350922; 0.820913;-0.569848;,
         2.350923; 1.754240;-0.569848;,
         2.350923; 1.754240;-0.820122;,
         3.702549; 1.754240;-0.569848;,
         3.702549; 1.754240;-0.820122;,
         2.350923; 1.754240;-0.820122;,
         2.350923; 1.754240;-0.569848;,
        -0.598827;-5.517872;-0.616787;,
        -0.598827;-10.194798;-0.616787;,
        -0.749029;-10.194798;-0.616787;,
        -0.749029;-5.517870;-0.616787;,
        -0.598827;-5.517873;-0.232592;,
        -0.749029;-5.517871;-0.232592;,
        -0.749029;-10.194798;-0.232592;,
        -0.598827;-10.194799;-0.232592;,
        -0.598827;-5.517872;-0.616787;,
        -0.598827;-5.517873;-0.232592;,
        -0.598827;-10.194799;-0.232592;,
        -0.598827;-10.194798;-0.616787;,
        -0.598827;-10.194798;-0.616787;,
        -0.598827;-10.194799;-0.232592;,
        -0.749029;-10.194798;-0.232592;,
        -0.749029;-10.194798;-0.616787;,
        -0.749029;-10.194798;-0.616787;,
        -0.749029;-10.194798;-0.232592;,
        -0.749029;-5.517871;-0.232592;,
        -0.749029;-5.517870;-0.616787;,
        -0.598827;-5.517873;-0.232592;,
        -0.598827;-5.517872;-0.616787;,
        -0.749029;-5.517870;-0.616787;,
        -0.749029;-5.517871;-0.232592;,
        -0.610354;10.195251;-0.586748;,
        -0.610354; 5.518324;-0.586748;,
        -0.737503; 5.518324;-0.586748;,
        -0.737503;10.195251;-0.586748;,
        -0.610354;10.195250;-0.262631;,
        -0.737503;10.195251;-0.262631;,
        -0.737503; 5.518325;-0.262631;,
        -0.610354; 5.518322;-0.262631;,
        -0.610354;10.195251;-0.586748;,
        -0.610354;10.195250;-0.262631;,
        -0.610354; 5.518322;-0.262631;,
        -0.610354; 5.518324;-0.586748;,
        -0.610354; 5.518324;-0.586748;,
        -0.610354; 5.518322;-0.262631;,
        -0.737503; 5.518325;-0.262631;,
        -0.737503; 5.518324;-0.586748;,
        -0.737503; 5.518324;-0.586748;,
        -0.737503; 5.518325;-0.262631;,
        -0.737503;10.195251;-0.262631;,
        -0.737503;10.195251;-0.586748;,
        -0.610354;10.195250;-0.262631;,
        -0.610354;10.195251;-0.586748;,
        -0.737503;10.195251;-0.586748;,
        -0.737503;10.195251;-0.262631;,
        -0.587301; 5.510541;-0.645726;,
        -0.587301; 2.226336;-0.645726;,
        -0.760556; 2.226337;-0.645726;,
        -0.760556; 5.510541;-0.645726;,
        -0.587301; 5.510540;-0.203653;,
        -0.760556; 5.510541;-0.203653;,
        -0.760556; 2.226337;-0.203653;,
        -0.587301; 2.226336;-0.203653;,
        -0.587301; 5.510541;-0.645726;,
        -0.587301; 5.510540;-0.203653;,
        -0.587301; 2.226336;-0.203653;,
        -0.587301; 2.226336;-0.645726;,
        -0.587301; 2.226336;-0.645726;,
        -0.587301; 2.226336;-0.203653;,
        -0.760556; 2.226337;-0.203653;,
        -0.760556; 2.226337;-0.645726;,
        -0.760556; 2.226337;-0.645726;,
        -0.760556; 2.226337;-0.203653;,
        -0.760556; 5.510541;-0.203653;,
        -0.760556; 5.510541;-0.645726;,
        -0.587301; 5.510540;-0.203653;,
        -0.587301; 5.510541;-0.645726;,
        -0.760556; 5.510541;-0.645726;,
        -0.760556; 5.510541;-0.203653;,
        -0.587902;-2.219641;-0.645726;,
        -0.587902;-5.503845;-0.645726;,
        -0.761157;-5.503845;-0.645726;,
        -0.761157;-2.219640;-0.645726;,
        -0.587902;-2.219641;-0.203653;,
        -0.761157;-2.219640;-0.203653;,
        -0.761157;-5.503844;-0.203653;,
        -0.587902;-5.503846;-0.203653;,
        -0.587902;-2.219641;-0.645726;,
        -0.587902;-2.219641;-0.203653;,
        -0.587902;-5.503846;-0.203653;,
        -0.587902;-5.503845;-0.645726;,
        -0.587902;-5.503845;-0.645726;,
        -0.587902;-5.503846;-0.203653;,
        -0.761157;-5.503844;-0.203653;,
        -0.761157;-5.503845;-0.645726;,
        -0.761157;-5.503845;-0.645726;,
        -0.761157;-5.503844;-0.203653;,
        -0.761157;-2.219640;-0.203653;,
        -0.761157;-2.219640;-0.645726;,
        -0.587902;-2.219641;-0.203653;,
        -0.587902;-2.219641;-0.645726;,
        -0.761157;-2.219640;-0.645726;,
        -0.761157;-2.219640;-0.203653;,
        -0.541796;-1.028141;-0.761482;,
        -0.541796;-2.203372;-0.761482;,
        -0.807262;-2.203372;-0.761482;,
        -0.807262;-1.028141;-0.761482;,
