xof 0303txt 0032

template XSkinMeshHeader {
  <3cf169ce-ff7c-44ab-93c0-f78f62d172e2>
  WORD nMaxSkinWeightsPerVertex;
  WORD nMaxSkinWeightsPerFace;
  WORD nBones;
}

template SkinWeights {
  <6f0d123b-bad2-4167-a0d0-80224f25fabb>
  STRING transformNodeName;
  DWORD nWeights;
  array DWORD vertexIndices[nWeights];
  array float weights[nWeights];
  Matrix4x4 matrixOffset;
}

Frame Root {
  FrameTransformMatrix {
     1.000000, 0.000000, 0.000000, 0.000000,
     0.000000,-0.000000, 1.000000, 0.000000,
     0.000000, 1.000000, 0.000000, 0.000000,
     0.000000, 0.000000, 0.000000, 1.000000;;
  }
  Frame Armature {
    FrameTransformMatrix {
       1.000000, 0.000000, 0.000000, 0.000000,
       0.000000, 1.000000, 0.000000, 0.000000,
       0.000000, 0.000000, 1.000000, 0.000000,
       3.611959,-0.400620,-1.519396, 1.000000;;
    }
    Frame Armature_Bone {
      FrameTransformMatrix {
         0.007962,-0.000000,-0.999968, 0.000000,
         0.999968, 0.000000, 0.007962, 0.000000,
         0.000000,-1.000000, 0.000000, 0.000000,
        -4.493026, 0.364203, 2.323845, 1.000000;;
      }
      Frame Armature_Bone_003 {
        FrameTransformMatrix {
           0.000000,-0.000000, 1.000000, 0.000000,
          -0.369874, 0.929082, 0.000000, 0.000000,
          -0.929082,-0.369874, 0.000000, 0.000000,
           0.000000, 0.907098, 0.000000, 1.000000;;
        }
        Frame Armature_Bone_004 {
          FrameTransformMatrix {
             1.000000,-0.000000,-0.000000, 0.000000,
            -0.000000, 0.926108,-0.377260, 0.000000,
             0.000000, 0.377260, 0.926108, 0.000000,
             0.000000, 0.880777,-0.000000, 1.000000;;
          }
          Frame Armature_Bone_005 {
            FrameTransformMatrix {
               0.989007,-0.147871,-0.000000, 0.000000,
               0.147871, 0.989007,-0.000000, 0.000000,
               0.000000, 0.000000, 1.000000, 0.000000,
               0.000000, 0.170777, 0.000000, 1.000000;;
            }
            Frame Armature_Bone_007 {
              FrameTransformMatrix {
                 0.441372, 0.859998,-0.256114, 0.000000,
                -0.731100, 0.510139, 0.453046, 0.000000,
                 0.520273,-0.012717, 0.853905, 0.000000,
                -0.000000, 0.630581, 0.000000, 1.000000;;
              }
              Frame Armature_Bone_014 {
                FrameTransformMatrix {
                   0.994239,-0.039614,-0.099595, 0.000000,
                  -0.037562, 0.741491,-0.669910, 0.000000,
                   0.100387, 0.669792, 0.735732, 0.000000,
                  -0.000000, 0.857628,-0.000000, 1.000000;;
                }
                Frame Armature_Bone_015 {
                  FrameTransformMatrix {
                     0.663141,-0.748495,-0.000000, 0.000000,
                     0.748495, 0.663141,-0.000000, 0.000000,
                     0.000000,-0.000000, 1.000000, 0.000000,
                    -0.000000, 0.963519, 0.000000, 1.000000;;
                  }
                } // End of Armature_Bone_015
              } // End of Armature_Bone_014
            } // End of Armature_Bone_007
            Frame Armature_Bone_008 {
              FrameTransformMatrix {
                 0.423203, 0.871533, 0.247648, 0.000000,
                -0.789537, 0.488824,-0.371056, 0.000000,
                -0.444444,-0.038495, 0.894979, 0.000000,
                -0.000000, 0.630581, 0.000000, 1.000000;;
              }
              Frame Armature_Bone_013 {
                FrameTransformMatrix {
                   0.415666,-0.793620,-0.444285, 0.000000,
                   0.877712, 0.478066,-0.032788, 0.000000,
                   0.238419,-0.376325, 0.895286, 0.000000,
                  -0.000000, 0.636833,-0.000000, 1.000000;;
                }
              } // End of Armature_Bone_013
            } // End of Armature_Bone_008
            Frame Armature_Bone_009 {
              FrameTransformMatrix {
                 0.517749,-0.814053,-0.263162, 0.000000,
                 0.719744, 0.580742,-0.380404, 0.000000,
                 0.462498, 0.007545, 0.886588, 0.000000,
                -0.000000, 0.630581, 0.000000, 1.000000;;
              }
              Frame Armature_Bone_012 {
                FrameTransformMatrix {
                   0.540776, 0.702873, 0.462094, 0.000000,
                  -0.798941, 0.601051, 0.020744, 0.000000,
                  -0.263162,-0.380404, 0.886588, 0.000000,
                  -0.000000, 0.601285, 0.000000, 1.000000;;
                }
              } // End of Armature_Bone_012
            } // End of Armature_Bone_009
            Frame Armature_Bone_011 {
              FrameTransformMatrix {
                -0.477753, 0.832608,-0.280208, 0.000000,
                 0.672779, 0.551875, 0.492750, 0.000000,
                 0.564907, 0.046895,-0.823821, 0.000000,
                -0.000000, 0.630581, 0.000000, 1.000000;;
              }
              Frame Armature_Bone_016 {
                FrameTransformMatrix {
                  -0.767245,-0.410959, 0.492390, 0.000000,
                  -0.170524, 0.870815, 0.461088, 0.000000,
                  -0.618269, 0.269803,-0.738207, 0.000000,
                   0.000000, 0.803510, 0.000000, 1.000000;;
                }
                Frame Armature_Bone_017 {
                  FrameTransformMatrix {
                     0.736158, 0.676809, 0.000000, 0.000000,
                    -0.676809, 0.736158, 0.000000, 0.000000,
                    -0.000000,-0.000000, 1.000000, 0.000000,
                    -0.000000, 0.965939, 0.000000, 1.000000;;
                  }
                } // End of Armature_Bone_017
              } // End of Armature_Bone_016
            } // End of Armature_Bone_011
          } // End of Armature_Bone_005
        } // End of Armature_Bone_004
      } // End of Armature_Bone_003
      Frame Armature_Bone_018 {
        FrameTransformMatrix {
           0.004796, 0.602401,-0.798180, 0.000000,
          -0.006355,-0.798154,-0.602420, 0.000000,
          -0.999969, 0.007962,-0.000000, 0.000000,
           0.000000, 0.907098, 0.000000, 1.000000;;
        }
        Frame Armature_Bone_025 {
          FrameTransformMatrix {
             0.559717,-0.828683,-0.000001, 0.000000,
             0.776815, 0.524684,-0.348230, 0.000000,
             0.288573, 0.194910, 0.937409, 0.000000,
             0.000000, 0.755956, 0.000000, 1.000000;;
          }
          Frame Armature_Bone_029 {
            FrameTransformMatrix {
               0.999937, 0.005030,-0.010074, 0.000000,
               0.007380, 0.382965, 0.923733, 0.000000,
               0.008504,-0.923749, 0.382904, 0.000000,
              -0.000000, 0.632281,-0.000000, 1.000000;;
            }
            Frame Armature_Bone_033 {
              FrameTransformMatrix {
                 0.999932, 0.007662, 0.008764, 0.000000,
                 0.009229,-0.062966,-0.997973, 0.000000,
                -0.007095, 0.997986,-0.063032, 0.000000,
                 0.000000, 1.456446,-0.000000, 1.000000;;
              }
            } // End of Armature_Bone_033
          } // End of Armature_Bone_029
        } // End of Armature_Bone_025
      } // End of Armature_Bone_018
      Frame Armature_Bone_019 {
        FrameTransformMatrix {
           0.007909, 0.993293,-0.115353, 0.000000,
          -0.000919,-0.115349,-0.993325, 0.000000,
          -0.999968, 0.007962,-0.000000, 0.000000,
           0.000000, 0.907098, 0.000000, 1.000000;;
        }
        Frame Armature_Bone_026 {
          FrameTransformMatrix {
             0.993325,-0.115353,-0.000000, 0.000000,
             0.107170, 0.922860,-0.369925, 0.000000,
             0.042672, 0.367456, 0.929062, 0.000000,
            -0.000000, 0.475866, 0.000000, 1.000000;;
          }
          Frame Armature_Bone_030 {
            FrameTransformMatrix {
               1.000000, 0.000000, 0.000000, 0.000000,
              -0.000000, 0.647619, 0.761964, 0.000000,
              -0.000000,-0.761964, 0.647619, 0.000000,
              -0.000000, 0.632281, 0.000000, 1.000000;;
            }
            Frame Armature_Bone_034 {
              FrameTransformMatrix {
                 1.000000, 0.000000, 0.000000, 0.000000,
                 0.000000, 0.402271,-0.915521, 0.000000,
                -0.000000, 0.915521, 0.402271, 0.000000,
                 0.000000, 1.456446,-0.000000, 1.000000;;
              }
            } // End of Armature_Bone_034
          } // End of Armature_Bone_030
        } // End of Armature_Bone_026
      } // End of Armature_Bone_019
      Frame Armature_Bone_020 {
        FrameTransformMatrix {
           0.004959, 0.622742, 0.782412, 0.000000,
           0.006230, 0.782387,-0.622761, 0.000000,
          -0.999968, 0.007962, 0.000000, 0.000000,
           0.000000, 0.907098, 0.000000, 1.000000;;
        }
        Frame Armature_Bone_027 {
          FrameTransformMatrix {
             0.947372,-0.320135,-0.000000, 0.000000,
             0.302211, 0.894331,-0.329909, 0.000000,
             0.105616, 0.312547, 0.944013, 0.000000,
            -0.000000, 0.709056, 0.000000, 1.000000;;
          }
          Frame Armature_Bone_031 {
            FrameTransformMatrix {
               0.996350, 0.000911,-0.085355, 0.000000,
               0.043959, 0.851682, 0.522212, 0.000000,
               0.073171,-0.524058, 0.848534, 0.000000,
               0.000000, 0.632282, 0.000000, 1.000000;;
            }
            Frame Armature_Bone_035 {
              FrameTransformMatrix {
                 0.983345,-0.104292, 0.148850, 0.000000,
                 0.169108, 0.825114,-0.539064, 0.000000,
                -0.066598, 0.555257, 0.829008, 0.000000,
                 0.000000, 1.456446,-0.000000, 1.000000;;
              }
            } // End of Armature_Bone_035
          } // End of Armature_Bone_031
        } // End of Armature_Bone_027
      } // End of Armature_Bone_020
      Frame Armature_Bone_021 {
        FrameTransformMatrix {
          -0.004221,-0.530092,-0.847929, 0.000000,
          -0.006751,-0.847902, 0.530109, 0.000000,
          -0.999968, 0.007962, 0.000000, 0.000000,
           0.000000, 0.907098, 0.000000, 1.000000;;
        }
        Frame Armature_Bone_037 {
          FrameTransformMatrix {
             0.998825,-0.034062, 0.034479, 0.000000,
             0.045987, 0.890693,-0.452272, 0.000000,
            -0.015305, 0.453326, 0.891213, 0.000000,
             0.000000, 0.717961,-0.000000, 1.000000;;
          }
          Frame Armature_Bone_040 {
            FrameTransformMatrix {
               0.993286, 0.031161,-0.111413, 0.000000,
               0.042789, 0.795790, 0.604059, 0.000000,
               0.107484,-0.604770, 0.789113, 0.000000,
               0.000000, 0.593971, 0.000000, 1.000000;;
            }
            Frame Armature_Bone_043 {
              FrameTransformMatrix {
                 0.977949, 0.050575, 0.202628, 0.000000,
                 0.078788, 0.809197,-0.582230, 0.000000,
                -0.193412, 0.585356, 0.787369, 0.000000,
                 0.000000, 1.542970, 0.000000, 1.000000;;
              }
            } // End of Armature_Bone_043
          } // End of Armature_Bone_040
        } // End of Armature_Bone_037
      } // End of Armature_Bone_021
      Frame Armature_Bone_022 {
        FrameTransformMatrix {
          -0.007873,-0.988778,-0.149183, 0.000000,
          -0.001188,-0.149178, 0.988809, 0.000000,
          -0.999968, 0.007962, 0.000000, 0.000000,
           0.000000, 0.907098, 0.000000, 1.000000;;
        }
        Frame Armature_Bone_038 {
          FrameTransformMatrix {
             0.726891, 0.686753, 0.000001, 0.000000,
            -0.603042, 0.638288,-0.478465, 0.000000,
            -0.328588, 0.347792, 0.878107, 0.000000,
            -0.000000, 0.416182, 0.000000, 1.000000;;
          }
          Frame Armature_Bone_041 {
            FrameTransformMatrix {
               0.964646,-0.229614, 0.129364, 0.000000,
              -0.047403, 0.331684, 0.942199, 0.000000,
              -0.259250,-0.915021, 0.309073, 0.000000,
               0.000000, 0.593971,-0.000000, 1.000000;;
            }
            Frame Armature_Bone_044 {
              FrameTransformMatrix {
                 0.948155,-0.199077,-0.247731, 0.000000,
                -0.245009, 0.038594,-0.968752, 0.000000,
                 0.202418, 0.979224,-0.012182, 0.000000,
                -0.000000, 1.542970, 0.000000, 1.000000;;
              }
            } // End of Armature_Bone_044
          } // End of Armature_Bone_041
        } // End of Armature_Bone_038
      } // End of Armature_Bone_022
      Frame Armature_Bone_023 {
        FrameTransformMatrix {
          -0.004640,-0.582742, 0.812644, 0.000000,
           0.006470, 0.812618, 0.582760, 0.000000,
          -0.999968, 0.007962, 0.000000, 0.000000,
           0.000000, 0.907098, 0.000000, 1.000000;;
        }
        Frame Armature_Bone_039 {
          FrameTransformMatrix {
             0.940806,-0.338157,-0.023118, 0.000000,
             0.290834, 0.840409,-0.457306, 0.000000,
             0.174070, 0.423512, 0.889009, 0.000000,
             0.000000, 0.675156,-0.000000, 1.000000;;
          }
          Frame Armature_Bone_042 {
            FrameTransformMatrix {
               1.000000,-0.000000,-0.000000, 0.000000,
               0.000000, 0.557232, 0.830357, 0.000000,
               0.000000,-0.830357, 0.557232, 0.000000,
              -0.000000, 0.593971, 0.000000, 1.000000;;
            }
            Frame Armature_Bone_045 {
              FrameTransformMatrix {
                 1.000000, 0.000000, 0.000000, 0.000000,
                 0.000000, 0.396677,-0.917958, 0.000000,
                -0.000000, 0.917958, 0.396677, 0.000000,
                 0.000000, 1.542969, 0.000000, 1.000000;;
              }
            } // End of Armature_Bone_045
          } // End of Armature_Bone_042
        } // End of Armature_Bone_039
      } // End of Armature_Bone_023
    } // End of Armature_Bone
    Frame Armature_Bone_001 {
      FrameTransformMatrix {
         0.000000, 1.000000, 0.000000, 0.000000,
        -1.000000, 0.000000, 0.000000, 0.000000,
         0.000000, 0.000000, 1.000000, 0.000000,
        -4.493026, 0.364203, 2.323845, 1.000000;;
      }
      Frame Armature_Bone_002 {
        FrameTransformMatrix {
           1.000000, 0.000000,-0.000000, 0.000000,
           0.000000, 0.897021, 0.441989, 0.000000,
           0.000000,-0.441989, 0.897020, 0.000000,
           0.000000, 0.182655, 0.000000, 1.000000;;
        }
      } // End of Armature_Bone_002
    } // End of Armature_Bone_001
    Frame Cube {
      FrameTransformMatrix {
         0.867575, 0.000000, 0.000000, 0.000000,
         0.000000, 0.462719, 0.000000, 0.000000,
         0.000000, 0.000000, 0.345554, 0.000000,
        -3.619888, 0.400620, 1.519396, 1.000000;;
      }
      Mesh { // Cube mesh
        696;
         0.035552;-5.517872;-0.616787;,
         0.035552;-10.194798;-0.616787;,
        -0.114650;-10.194798;-0.616787;,
        -0.114650;-5.517870;-0.616787;,
         0.035552;-5.517873;-0.232592;,
        -0.114650;-5.517871;-0.232592;,
        -0.114650;-10.194798;-0.232592;,
         0.035552;-10.194799;-0.232592;,
         0.035552;-5.517872;-0.616787;,
         0.035552;-5.517873;-0.232592;,
         0.035552;-10.194799;-0.232592;,
         0.035552;-10.194798;-0.616787;,
         0.035552;-10.194798;-0.616787;,
         0.035552;-10.194799;-0.232592;,
        -0.114650;-10.194798;-0.232592;,
        -0.114650;-10.194798;-0.616787;,
        -0.114650;-10.194798;-0.616787;,
        -0.114650;-10.194798;-0.232592;,
        -0.114650;-5.517871;-0.232592;,
        -0.114650;-5.517870;-0.616787;,
         0.035552;-5.517873;-0.232592;,
         0.035552;-5.517872;-0.616787;,
        -0.114650;-5.517870;-0.616787;,
        -0.114650;-5.517871;-0.232592;,
         0.024026;10.195251;-0.586748;,
         0.024026; 5.518324;-0.586748;,
        -0.103123; 5.518324;-0.586748;,
        -0.103123;10.195251;-0.586748;,
         0.024026;10.195250;-0.262631;,
        -0.103123;10.195251;-0.262631;,
        -0.103123; 5.518325;-0.262631;,
         0.024026; 5.518322;-0.262631;,
         0.024026;10.195251;-0.586748;,
         0.024026;10.195250;-0.262631;,
         0.024026; 5.518322;-0.262631;,
         0.024026; 5.518324;-0.586748;,
         0.024026; 5.518324;-0.586748;,
         0.024026; 5.518322;-0.262631;,
        -0.103123; 5.518325;-0.262631;,
        -0.103123; 5.518324;-0.586748;,
        -0.103123; 5.518324;-0.586748;,
        -0.103123; 5.518325;-0.262631;,
        -0.103123;10.195251;-0.262631;,
        -0.103123;10.195251;-0.586748;,
         0.024026;10.195250;-0.262631;,
         0.024026;10.195251;-0.586748;,
        -0.103123;10.195251;-0.586748;,
        -0.103123;10.195251;-0.262631;,
         0.047079; 5.510541;-0.645726;,
         0.047079; 2.226336;-0.645726;,
        -0.126176; 2.226337;-0.645726;,
        -0.126176; 5.510541;-0.645726;,
         0.047079; 5.510540;-0.203653;,
        -0.126176; 5.510541;-0.203653;,
        -0.126176; 2.226337;-0.203653;,
         0.047079; 2.226336;-0.203653;,
         0.047079; 5.510541;-0.645726;,
         0.047079; 5.510540;-0.203653;,
         0.047079; 2.226336;-0.203653;,
         0.047079; 2.226336;-0.645726;,
         0.047079; 2.226336;-0.645726;,
         0.047079; 2.226336;-0.203653;,
        -0.126176; 2.226337;-0.203653;,
        -0.126176; 2.226337;-0.645726;,
        -0.126176; 2.226337;-0.645726;,
        -0.126176; 2.226337;-0.203653;,
        -0.126176; 5.510541;-0.203653;,
        -0.126176; 5.510541;-0.645726;,
         0.047079; 5.510540;-0.203653;,
         0.047079; 5.510541;-0.645726;,
        -0.126176; 5.510541;-0.645726;,
        -0.126176; 5.510541;-0.203653;,
         0.046478;-2.219641;-0.645726;,
         0.046478;-5.503845;-0.645726;,
        -0.126777;-5.503845;-0.645726;,
        -0.126777;-2.219640;-0.645726;,
         0.046478;-2.219641;-0.203653;,
        -0.126777;-2.219640;-0.203653;,
        -0.126777;-5.503844;-0.203653;,
         0.046478;-5.503846;-0.203653;,
         0.046478;-2.219641;-0.645726;,
         0.046478;-2.219641;-0.203653;,
         0.046478;-5.503846;-0.203653;,
         0.046478;-5.503845;-0.645726;,
         0.046478;-5.503845;-0.645726;,
         0.046478;-5.503846;-0.203653;,
        -0.126777;-5.503844;-0.203653;,
        -0.126777;-5.503845;-0.645726;,
        -0.126777;-5.503845;-0.645726;,
        -0.126777;-5.503844;-0.203653;,
        -0.126777;-2.219640;-0.203653;,
        -0.126777;-2.219640;-0.645726;,
         0.046478;-2.219641;-0.203653;,
         0.046478;-2.219641;-0.645726;,
        -0.126777;-2.219640;-0.645726;,
        -0.126777;-2.219640;-0.203653;,
         0.092583;-1.028141;-0.761482;,
         0.092583;-2.203372;-0.761482;,
        -0.172883;-2.203372;-0.761482;,
        -0.172883;-1.028141;-0.761482;,
         0.092583;-1.028142;-0.087897;,
        -0.172883;-1.028141;-0.087897;,
        -0.172883;-2.203372;-0.087897;,
         0.092583;-2.203372;-0.087897;,
         0.092583;-1.028141;-0.761482;,
         0.092583;-1.028142;-0.087897;,
         0.092583;-2.203372;-0.087897;,
         0.092583;-2.203372;-0.761482;,
         0.092583;-2.203372;-0.761482;,
         0.092583;-2.203372;-0.087897;,
        -0.172883;-2.203372;-0.087897;,
        -0.172883;-2.203372;-0.761482;,
        -0.172883;-2.203372;-0.761482;,
        -0.172883;-2.203372;-0.087897;,
        -0.172883;-1.028141;-0.087897;,
        -0.172883;-1.028141;-0.761482;,
         0.092583;-1.028142;-0.087897;,
         0.092583;-1.028141;-0.761482;,
        -0.172883;-1.028141;-0.761482;,
        -0.172883;-1.028141;-0.087897;,
         0.092583; 2.205010;-0.761482;,
         0.092583; 1.029779;-0.761482;,
        -0.172883; 1.029780;-0.761482;,
        -0.172883; 2.205010;-0.761482;,
         0.092583; 2.205010;-0.087897;,
        -0.172883; 2.205010;-0.087897;,
        -0.172883; 1.029780;-0.087897;,
         0.092583; 1.029779;-0.087897;,
         0.092583; 2.205010;-0.761482;,
         0.092583; 2.205010;-0.087897;,
         0.092583; 1.029779;-0.087897;,
         0.092583; 1.029779;-0.761482;,
         0.092583; 1.029779;-0.761482;,
         0.092583; 1.029779;-0.087897;,
        -0.172883; 1.029780;-0.087897;,
        -0.172883; 1.029780;-0.761482;,
        -0.172883; 1.029780;-0.761482;,
        -0.172883; 1.029780;-0.087897;,
        -0.172883; 2.205010;-0.087897;,
        -0.172883; 2.205010;-0.761482;,
         0.092583; 2.205010;-0.087897;,
         0.092583; 2.205010;-0.761482;,
        -0.172883; 2.205010;-0.761482;,
        -0.172883; 2.205010;-0.087897;,
         0.772737; 2.205010;-0.761482;,
         0.772737; 1.029779;-0.761482;,
         0.507271; 1.029780;-0.761482;,
         0.507271; 2.205010;-0.761482;,
         0.772737; 2.205010;-0.087897;,
         0.507271; 2.205010;-0.087897;,
         0.507271; 1.029780;-0.087897;,
         0.772737; 1.029779;-0.087897;,
         0.772737; 2.205010;-0.761482;,
         0.772737; 2.205010;-0.087897;,
         0.772737; 1.029779;-0.087897;,
         0.772737; 1.029779;-0.761482;,
         0.772737; 1.029779;-0.761482;,
         0.772737; 1.029779;-0.087897;,
         0.507271; 1.029780;-0.087897;,
         0.507271; 1.029780;-0.761482;,
         0.507271; 1.029780;-0.761482;,
         0.507271; 1.029780;-0.087897;,
         0.507271; 2.205010;-0.087897;,
         0.507271; 2.205010;-0.761482;,
         0.772737; 2.205010;-0.087897;,
         0.772737; 2.205010;-0.761482;,
         0.507271; 2.205010;-0.761482;,
         0.507271; 2.205010;-0.087897;,
         0.772737;-1.028141;-0.761482;,
         0.772737;-2.203372;-0.761482;,
         0.507271;-2.203372;-0.761482;,
         0.507271;-1.028141;-0.761482;,
         0.772737;-1.028142;-0.087897;,
         0.507271;-1.028141;-0.087897;,
         0.507271;-2.203372;-0.087897;,
         0.772737;-2.203372;-0.087897;,
         0.772737;-1.028141;-0.761482;,
         0.772737;-1.028142;-0.087897;,
         0.772737;-2.203372;-0.087897;,
         0.772737;-2.203372;-0.761482;,
         0.772737;-2.203372;-0.761482;,
         0.772737;-2.203372;-0.087897;,
         0.507271;-2.203372;-0.087897;,
         0.507271;-2.203372;-0.761482;,
         0.507271;-2.203372;-0.761482;,
         0.507271;-2.203372;-0.087897;,
         0.507271;-1.028141;-0.087897;,
         0.507271;-1.028141;-0.761482;,
         0.772737;-1.028142;-0.087897;,
         0.772737;-1.028141;-0.761482;,
         0.507271;-1.028141;-0.761482;,
         0.507271;-1.028141;-0.087897;,
         0.726631;-2.219641;-0.645726;,
         0.726631;-5.503845;-0.645726;,
         0.553376;-5.503845;-0.645726;,
         0.553376;-2.219640;-0.645726;,
         0.726631;-2.219641;-0.203653;,
         0.553376;-2.219640;-0.203653;,
         0.553376;-5.503844;-0.203653;,
         0.726631;-5.503846;-0.203653;,
         0.726631;-2.219641;-0.645726;,
         0.726631;-2.219641;-0.203653;,
         0.726631;-5.503846;-0.203653;,
         0.726631;-5.503845;-0.645726;,
         0.726631;-5.503845;-0.645726;,
         0.726631;-5.503846;-0.203653;,
         0.553376;-5.503844;-0.203653;,
         0.553376;-5.503845;-0.645726;,
         0.553376;-5.503845;-0.645726;,
         0.553376;-5.503844;-0.203653;,
         0.553376;-2.219640;-0.203653;,
         0.553376;-2.219640;-0.645726;,
         0.726631;-2.219641;-0.203653;,
         0.726631;-2.219641;-0.645726;,
         0.553376;-2.219640;-0.645726;,
         0.553376;-2.219640;-0.203653;,
         0.727232; 5.510541;-0.645726;,
         0.727232; 2.226336;-0.645726;,
         0.553977; 2.226337;-0.645726;,
         0.553977; 5.510541;-0.645726;,
         0.727232; 5.510540;-0.203653;,
         0.553977; 5.510541;-0.203653;,
         0.553977; 2.226337;-0.203653;,
         0.727232; 2.226336;-0.203653;,
         0.727232; 5.510541;-0.645726;,
         0.727232; 5.510540;-0.203653;,
         0.727232; 2.226336;-0.203653;,
         0.727232; 2.226336;-0.645726;,
         0.727232; 2.226336;-0.645726;,
         0.727232; 2.226336;-0.203653;,
         0.553977; 2.226337;-0.203653;,
         0.553977; 2.226337;-0.645726;,
         0.553977; 2.226337;-0.645726;,
         0.553977; 2.226337;-0.203653;,
         0.553977; 5.510541;-0.203653;,
         0.553977; 5.510541;-0.645726;,
         0.727232; 5.510540;-0.203653;,
         0.727232; 5.510541;-0.645726;,
         0.553977; 5.510541;-0.645726;,
         0.553977; 5.510541;-0.203653;,
         0.704179;10.195251;-0.586748;,
         0.704179; 5.518324;-0.586748;,
         0.577030; 5.518324;-0.586748;,
         0.577030;10.195251;-0.586748;,
         0.704179;10.195250;-0.262631;,
         0.577030;10.195251;-0.262631;,
         0.577030; 5.518325;-0.262631;,
         0.704179; 5.518322;-0.262631;,
         0.704179;10.195251;-0.586748;,
         0.704179;10.195250;-0.262631;,
         0.704179; 5.518322;-0.262631;,
         0.704179; 5.518324;-0.586748;,
         0.704179; 5.518324;-0.586748;,
         0.704179; 5.518322;-0.262631;,
         0.577030; 5.518325;-0.262631;,
         0.577030; 5.518324;-0.586748;,
         0.577030; 5.518324;-0.586748;,
         0.577030; 5.518325;-0.262631;,
         0.577030;10.195251;-0.262631;,
         0.577030;10.195251;-0.586748;,
         0.704179;10.195250;-0.262631;,
         0.704179;10.195251;-0.586748;,
         0.577030;10.195251;-0.586748;,
         0.577030;10.195251;-0.262631;,
         0.715706;-5.517872;-0.616787;,
         0.715706;-10.194798;-0.616787;,
         0.565504;-10.194798;-0.616787;,
         0.565504;-5.517870;-0.616787;,
         0.715706;-5.517873;-0.232592;,
         0.565504;-5.517871;-0.232592;,
         0.565504;-10.194798;-0.232592;,
         0.715706;-10.194799;-0.232592;,
         0.715706;-5.517872;-0.616787;,
         0.715706;-5.517873;-0.232592;,
         0.715706;-10.194799;-0.232592;,
         0.715706;-10.194798;-0.616787;,
         0.715706;-10.194798;-0.616787;,
         0.715706;-10.194799;-0.232592;,
         0.565504;-10.194798;-0.232592;,
         0.565504;-10.194798;-0.616787;,
         0.565504;-10.194798;-0.616787;,
         0.565504;-10.194798;-0.232592;,
         0.565504;-5.517871;-0.232592;,
         0.565504;-5.517870;-0.616787;,
         0.715706;-5.517873;-0.232592;,
         0.715706;-5.517872;-0.616787;,
         0.565504;-5.517870;-0.616787;,
         0.565504;-5.517871;-0.232592;,
         4.695732; 1.326513; 1.516004;,
         4.695732; 1.201505; 1.516004;,
         3.527254; 1.201505; 1.516004;,
         3.527255; 1.326513; 1.516004;,
         4.695732; 1.326513; 1.687906;,
         3.527254; 1.326513; 1.687906;,
         3.527254; 1.201505; 1.687906;,
         4.695732; 1.201505; 1.687906;,
         4.695732; 1.326513; 1.516004;,
         4.695732; 1.326513; 1.687906;,
         4.695732; 1.201505; 1.687906;,
         4.695732; 1.201505; 1.516004;,
         4.695732; 1.201505; 1.516004;,
         4.695732; 1.201505; 1.687906;,
         3.527254; 1.201505; 1.687906;,
         3.527254; 1.201505; 1.516004;,
         3.527254; 1.201505; 1.516004;,
         3.527254; 1.201505; 1.687906;,
         3.527254; 1.326513; 1.687906;,
         3.527255; 1.326513; 1.516004;,
         4.695732; 1.326513; 1.687906;,
         4.695732; 1.326513; 1.516004;,
         3.527255; 1.326513; 1.516004;,
         3.527254; 1.326513; 1.687906;,
         4.701630;-1.176466; 1.516004;,
         4.701630;-1.301473; 1.516004;,
         3.533152;-1.301473; 1.516004;,
         3.533152;-1.176466; 1.516004;,
         4.701630;-1.176466; 1.687906;,
         3.533152;-1.176466; 1.687906;,
         3.533152;-1.301473; 1.687906;,
         4.701629;-1.301473; 1.687906;,
         4.701630;-1.176466; 1.516004;,
         4.701630;-1.176466; 1.687906;,
         4.701629;-1.301473; 1.687906;,
         4.701630;-1.301473; 1.516004;,
         4.701630;-1.301473; 1.516004;,
         4.701629;-1.301473; 1.687906;,
         3.533152;-1.301473; 1.687906;,
         3.533152;-1.301473; 1.516004;,
         3.533152;-1.301473; 1.516004;,
         3.533152;-1.301473; 1.687906;,
         3.533152;-1.176466; 1.687906;,
         3.533152;-1.176466; 1.516004;,
         4.701630;-1.176466; 1.687906;,
         4.701630;-1.176466; 1.516004;,
         3.533152;-1.176466; 1.516004;,
         3.533152;-1.176466; 1.687906;,
         3.518822;-1.176466; 1.516004;,
         3.518822;-1.301473; 1.516004;,
         2.350345;-1.301473; 1.516004;,
         2.350345;-1.176466; 1.516004;,
         3.518823;-1.176466; 1.687906;,
         2.350345;-1.176466; 1.687906;,
         2.350344;-1.301473; 1.687906;,
         3.518822;-1.301473; 1.687906;,
         3.518822;-1.176466; 1.516004;,
         3.518823;-1.176466; 1.687906;,
         3.518822;-1.301473; 1.687906;,
         3.518822;-1.301473; 1.516004;,
         3.518822;-1.301473; 1.516004;,
         3.518822;-1.301473; 1.687906;,
         2.350344;-1.301473; 1.687906;,
         2.350345;-1.301473; 1.516004;,
         2.350345;-1.301473; 1.516004;,
         2.350344;-1.301473; 1.687906;,
         2.350345;-1.176466; 1.687906;,
         2.350345;-1.176466; 1.516004;,
         3.518823;-1.176466; 1.687906;,
         3.518822;-1.176466; 1.516004;,
         2.350345;-1.176466; 1.516004;,
         2.350345;-1.176466; 1.687906;,
         3.518822; 1.326513; 1.516004;,
         3.518822; 1.201505; 1.516004;,
         2.350345; 1.201505; 1.516004;,
         2.350345; 1.326513; 1.516004;,
         3.518823; 1.326513; 1.687906;,
         2.350345; 1.326513; 1.687906;,
         2.350344; 1.201505; 1.687906;,
         3.518822; 1.201505; 1.687906;,
         3.518822; 1.326513; 1.516004;,
         3.518823; 1.326513; 1.687906;,
         3.518822; 1.201505; 1.687906;,
         3.518822; 1.201505; 1.516004;,
         3.518822; 1.201505; 1.516004;,
         3.518822; 1.201505; 1.687906;,
         2.350344; 1.201505; 1.687906;,
         2.350345; 1.201505; 1.516004;,
         2.350345; 1.201505; 1.516004;,
         2.350344; 1.201505; 1.687906;,
         2.350345; 1.326513; 1.687906;,
         2.350345; 1.326513; 1.516004;,
         3.518823; 1.326513; 1.687906;,
         3.518822; 1.326513; 1.516004;,
         2.350345; 1.326513; 1.516004;,
         2.350345; 1.326513; 1.687906;,
         3.069449; 1.283814;-0.355098;,
         3.069449; 0.729762;-0.355098;,
         2.351277; 0.729762;-0.355098;,
         2.351277; 1.283814;-0.355098;,
         3.069449; 1.283814; 0.022151;,
         2.351277; 1.283814; 0.022151;,
         2.351277; 0.729762; 0.022151;,
         3.069448; 0.729761; 0.022151;,
         3.069449; 1.283814;-0.355098;,
         3.069449; 1.283814; 0.022151;,
         3.069448; 0.729761; 0.022151;,
         3.069449; 0.729762;-0.355098;,
         3.069449; 0.729762;-0.355098;,
         3.069448; 0.729761; 0.022151;,
         2.351277; 0.729762; 0.022151;,
         2.351277; 0.729762;-0.355098;,
         2.351277; 0.729762;-0.355098;,
         2.351277; 0.729762; 0.022151;,
         2.351277; 1.283814; 0.022151;,
         2.351277; 1.283814;-0.355098;,
         3.069449; 1.283814; 0.022151;,
         3.069449; 1.283814;-0.355098;,
         2.351277; 1.283814;-0.355098;,
         2.351277; 1.283814; 0.022151;,
        -0.598827;-5.517872;-0.616787;,
        -0.598827;-10.194798;-0.616787;,
        -0.749029;-10.194798;-0.616787;,
        -0.749029;-5.517870;-0.616787;,
        -0.598827;-5.517873;-0.232592;,
        -0.749029;-5.517871;-0.232592;,
        -0.749029;-10.194798;-0.232592;,
        -0.598827;-10.194799;-0.232592;,
        -0.598827;-5.517872;-0.616787;,
        -0.598827;-5.517873;-0.232592;,
        -0.598827;-10.194799;-0.232592;,
        -0.598827;-10.194798;-0.616787;,
        -0.598827;-10.194798;-0.616787;,
        -0.598827;-10.194799;-0.232592;,
        -0.749029;-10.194798;-0.232592;,
        -0.749029;-10.194798;-0.616787;,
        -0.749029;-10.194798;-0.616787;,
        -0.749029;-10.194798;-0.232592;,
        -0.749029;-5.517871;-0.232592;,
        -0.749029;-5.517870;-0.616787;,
        -0.598827;-5.517873;-0.232592;,
        -0.598827;-5.517872;-0.616787;,
        -0.749029;-5.517870;-0.616787;,
        -0.749029;-5.517871;-0.232592;,
        -0.610354;10.195251;-0.586748;,
        -0.610354; 5.518324;-0.586748;,
        -0.737503; 5.518324;-0.586748;,
        -0.737503;10.195251;-0.586748;,
        -0.610354;10.195250;-0.262631;,
        -0.737503;10.195251;-0.262631;,
        -0.737503; 5.518325;-0.262631;,
        -0.610354; 5.518322;-0.262631;,
        -0.610354;10.195251;-0.586748;,
        -0.610354;10.195250;-0.262631;,
        -0.610354; 5.518322;-0.262631;,
        -0.610354; 5.518324;-0.586748;,
        -0.610354; 5.518324;-0.586748;,
        -0.610354; 5.518322;-0.262631;,
        -0.737503; 5.518325;-0.262631;,
        -0.737503; 5.518324;-0.586748;,
        -0.737503; 5.518324;-0.586748;,
        -0.737503; 5.518325;-0.262631;,
        -0.737503;10.195251;-0.262631;,
        -0.737503;10.195251;-0.586748;,
        -0.610354;10.195250;-0.262631;,
        -0.610354;10.195251;-0.586748;,
        -0.737503;10.195251;-0.586748;,
        -0.737503;10.195251;-0.262631;,
        -0.587301; 5.510541;-0.645726;,
        -0.587301; 2.226336;-0.645726;,
        -0.760556; 2.226337;-0.645726;,
        -0.760556; 5.510541;-0.645726;,
        -0.587301; 5.510540;-0.203653;,
        -0.760556; 5.510541;-0.203653;,
        -0.760556; 2.226337;-0.203653;,
        -0.587301; 2.226336;-0.203653;,
        -0.587301; 5.510541;-0.645726;,
        -0.587301; 5.510540;-0.203653;,
        -0.587301; 2.226336;-0.203653;,
        -0.587301; 2.226336;-0.645726;,
        -0.587301; 2.226336;-0.645726;,
        -0.587301; 2.226336;-0.203653;,
        -0.760556; 2.226337;-0.203653;,
        -0.760556; 2.226337;-0.645726;,
        -0.760556; 2.226337;-0.645726;,
        -0.760556; 2.226337;-0.203653;,
        -0.760556; 5.510541;-0.203653;,
        -0.760556; 5.510541;-0.645726;,
        -0.587301; 5.510540;-0.203653;,
        -0.587301; 5.510541;-0.645726;,
        -0.760556; 5.510541;-0.645726;,
        -0.760556; 5.510541;-0.203653;,
        -0.587902;-2.219641;-0.645726;,
        -0.587902;-5.503845;-0.645726;,
        -0.761157;-5.503845;-0.645726;,
        -0.761157;-2.219640;-0.645726;,
        -0.587902;-2.219641;-0.203653;,
        -0.761157;-2.219640;-0.203653;,
        -0.761157;-5.503844;-0.203653;,
        -0.587902;-5.503846;-0.203653;,
        -0.587902;-2.219641;-0.645726;,
        -0.587902;-2.219641;-0.203653;,
        -0.587902;-5.503846;-0.203653;,
        -0.587902;-5.503845;-0.645726;,
        -0.587902;-5.503845;-0.645726;,
        -0.587902;-5.503846;-0.203653;,
        -0.761157;-5.503844;-0.203653;,
        -0.761157;-5.503845;-0.645726;,
        -0.761157;-5.503845;-0.645726;,
        -0.761157;-5.503844;-0.203653;,
        -0.761157;-2.219640;-0.203653;,
        -0.761157;-2.219640;-0.645726;,
        -0.587902;-2.219641;-0.203653;,
        -0.587902;-2.219641;-0.645726;,
        -0.761157;-2.219640;-0.645726;,
        -0.761157;-2.219640;-0.203653;,
        -0.541796;-1.028141;-0.761482;,
        -0.541796;-2.203372;-0.761482;,
        -0.807262;-2.203372;-0.761482;,
        -0.807262;-1.028141;-0.761482;,
        -0.541796;-1.028142;-0.087897;,
        -0.807262;-1.028141;-0.087897;,
        -0.807262;-2.203372;-0.087897;,
        -0.541796;-2.203372;-0.087897;,
        -0.541796;-1.028141;-0.761482;,
        -0.541796;-1.028142;-0.087897;,
        -0.541796;-2.203372;-0.087897;,
        -0.541796;-2.203372;-0.761482;,
        -0.541796;-2.203372;-0.761482;,
        -0.541796;-2.203372;-0.087897;,
        -0.807262;-2.203372;-0.087897;,
        -0.807262;-2.203372;-0.761482;,
        -0.807262;-2.203372;-0.761482;,
        -0.807262;-2.203372;-0.087897;,
        -0.807262;-1.028141;-0.087897;,
        -0.807262;-1.028141;-0.761482;,
        -0.541796;-1.028142;-0.087897;,
        -0.541796;-1.028141;-0.761482;,
        -0.807262;-1.028141;-0.761482;,
        -0.807262;-1.028141;-0.087897;,
        -0.541796; 2.205010;-0.761482;,
        -0.541796; 1.029779;-0.761482;,
        -0.807262; 1.029780;-0.761482;,
        -0.807262; 2.205010;-0.761482;,
        -0.541796; 2.205010;-0.087897;,
        -0.807262; 2.205010;-0.087897;,
        -0.807262; 1.029780;-0.087897;,
        -0.541796; 1.029779;-0.087897;,
        -0.541796; 2.205010;-0.761482;,
        -0.541796; 2.205010;-0.087897;,
        -0.541796; 1.029779;-0.087897;,
        -0.541796; 1.029779;-0.761482;,
        -0.541796; 1.029779;-0.761482;,
        -0.541796; 1.029779;-0.087897;,
        -0.807262; 1.029780;-0.087897;,
        -0.807262; 1.029780;-0.761482;,
        -0.807262; 1.029780;-0.761482;,
        -0.807262; 1.029780;-0.087897;,
        -0.807262; 2.205010;-0.087897;,
        -0.807262; 2.205010;-0.761482;,
        -0.541796; 2.205010;-0.087897;,
        -0.541796; 2.205010;-0.761482;,
        -0.807262; 2.205010;-0.761482;,
        -0.807262; 2.205010;-0.087897;,
         3.069449;-0.780046;-0.355098;,
         3.069449;-1.334098;-0.355098;,
         2.351277;-1.334098;-0.355098;,
         2.351277;-0.780046;-0.355098;,
         3.069449;-0.780046; 0.022151;,
         2.351277;-0.780046; 0.022151;,
         2.351277;-1.334098; 0.022151;,
         3.069448;-1.334098; 0.022151;,
         3.069449;-0.780046;-0.355098;,
         3.069449;-0.780046; 0.022151;,
         3.069448;-1.334098; 0.022151;,
         3.069449;-1.334098;-0.355098;,
         3.069449;-1.334098;-0.355098;,
         3.069448;-1.334098; 0.022151;,
         2.351277;-1.334098; 0.022151;,
         2.351277;-1.334098;-0.355098;,
         2.351277;-1.334098;-0.355098;,
         2.351277;-1.334098; 0.022151;,
         2.351277;-0.780046; 0.022151;,
         2.351277;-0.780046;-0.355098;,
         3.069449;-0.780046; 0.022151;,
         3.069449;-0.780046;-0.355098;,
         2.351277;-0.780046;-0.355098;,
         2.351277;-0.780046; 0.022151;,
         2.344139; 1.330517;-0.665609;,
         2.344139;-1.330517;-0.665609;,
         1.184825;-1.330517;-0.665609;,
         1.184825; 1.330518;-0.665609;,
         2.344139; 1.330517; 1.697116;,
         1.184825; 1.330517; 1.697116;,
         1.184825;-1.330517; 1.697116;,
         2.344138;-1.330518; 1.697116;,
         2.344139; 1.330517;-0.665609;,
         2.344139; 1.330517; 1.697116;,
         2.344138;-1.330518; 1.697116;,
         2.344139;-1.330517;-0.665609;,
         2.344139;-1.330517;-0.665609;,
         2.344138;-1.330518; 1.697116;,
         1.184825;-1.330517; 1.697116;,
         1.184825;-1.330517;-0.665609;,
         1.184825;-1.330517;-0.665609;,
         1.184825;-1.330517; 1.697116;,
         1.184825; 1.330517; 1.697116;,
         1.184825; 1.330518;-0.665609;,
         2.344139; 1.330517; 1.697116;,
         2.344139; 1.330517;-0.665609;,
         1.184825; 1.330518;-0.665609;,
         1.184825; 1.330517; 1.697116;,
        -1.224001; 1.166097;-1.215763;,
        -1.224001;-1.166097;-1.215763;,
