xof 0303txt 0032

template XSkinMeshHeader {
  <3cf169ce-ff7c-44ab-93c0-f78f62d172e2>
  WORD nMaxSkinWeightsPerVertex;
  WORD nMaxSkinWeightsPerFace;
  WORD nBones;
}

template SkinWeights {
  <6f0d123b-bad2-4167-a0d0-80224f25fabb>
  STRING transformNodeName;
  DWORD nWeights;
  array DWORD vertexIndices[nWeights];
  array float weights[nWeights];
  Matrix4x4 matrixOffset;
}

Frame Root {
  FrameTransformMatrix {
     1.000000, 0.000000, 0.000000, 0.000000,
     0.000000,-0.000000, 1.000000, 0.000000,
     0.000000, 1.000000, 0.000000, 0.000000,
     0.000000, 0.000000, 0.000000, 1.000000;;
  }
  Frame Armature {
    FrameTransformMatrix {
       1.000000, 0.000000, 0.000000, 0.000000,
       0.000000, 1.000000, 0.000000, 0.000000,
       0.000000, 0.000000, 1.000000, 0.000000,
       3.611959,-0.400620,-1.519396, 1.000000;;
    }
    Frame Armature_Bone {
      FrameTransformMatrix {
         0.007962,-0.000000,-0.999968, 0.000000,
         0.999968, 0.000000, 0.007962, 0.000000,
         0.000000,-1.000000, 0.000000, 0.000000,
        -4.493026, 0.364203, 2.323845, 1.000000;;
      }
      Frame Armature_Bone_003 {
        FrameTransformMatrix {
           0.000000, 0.000000, 1.000000, 0.000000,
          -0.048976, 0.998800,-0.000000, 0.000000,
          -0.998800,-0.048976, 0.000000, 0.000000,
           0.000000, 0.907098, 0.000000, 1.000000;;
        }
        Frame Armature_Bone_004 {
          FrameTransformMatrix {
             1.000000,-0.000000,-0.000000, 0.000000,
            -0.000000, 0.926108,-0.377260, 0.000000,
             0.000000, 0.377260, 0.926108, 0.000000,
            -0.000000, 0.880777, 0.000000, 1.000000;;
          }
          Frame Armature_Bone_005 {
            FrameTransformMatrix {
               1.000000, 0.000000,-0.000000, 0.000000,
              -0.000000, 0.985872,-0.167502, 0.000000,
               0.000000, 0.167502, 0.985872, 0.000000,
               0.000000, 0.170777, 0.000000, 1.000000;;
            }
            Frame Armature_Bone_007 {
              FrameTransformMatrix {
                 0.441372, 0.859998,-0.256114, 0.000000,
                -0.731100, 0.510139, 0.453047, 0.000000,
                 0.520273,-0.012717, 0.853905, 0.000000,
                 0.000000, 0.630581, 0.000000, 1.000000;;
              }
              Frame Armature_Bone_014 {
                FrameTransformMatrix {
                   0.974039, 0.039235, 0.222954, 0.000000,
                   0.039379, 0.940487,-0.337542, 0.000000,
                  -0.222929, 0.337559, 0.914525, 0.000000,
                   0.000000, 0.857628, 0.000000, 1.000000;;
                }
                Frame Armature_Bone_015 {
                  FrameTransformMatrix {
                    -0.117278,-0.822025,-0.557244, 0.000000,
                     0.867673,-0.357775, 0.345166, 0.000000,
                    -0.483103,-0.443026, 0.755208, 0.000000,
                     0.000000, 0.963519,-0.000000, 1.000000;;
                  }
                } // End of Armature_Bone_015
              } // End of Armature_Bone_014
            } // End of Armature_Bone_007
            Frame Armature_Bone_008 {
              FrameTransformMatrix {
                 0.423203, 0.871533, 0.247648, 0.000000,
                -0.789537, 0.488824,-0.371056, 0.000000,
                -0.444444,-0.038495, 0.894979, 0.000000,
                 0.000000, 0.630581, 0.000000, 1.000000;;
              }
              Frame Armature_Bone_013 {
                FrameTransformMatrix {
                   0.222528,-0.963598,-0.148191, 0.000000,
                   0.964525, 0.239740,-0.110528, 0.000000,
                   0.142032,-0.118338, 0.982763, 0.000000,
                   0.000000, 0.636833,-0.000000, 1.000000;;
                }
              } // End of Armature_Bone_013
            } // End of Armature_Bone_008
            Frame Armature_Bone_009 {
              FrameTransformMatrix {
                 0.517749,-0.814053,-0.263162, 0.000000,
                 0.719744, 0.580742,-0.380404, 0.000000,
                 0.462498, 0.007545, 0.886588, 0.000000,
                 0.000000, 0.630581, 0.000000, 1.000000;;
              }
              Frame Armature_Bone_012 {
                FrameTransformMatrix {
                   0.361893, 0.914808, 0.179331, 0.000000,
                  -0.922038, 0.379609,-0.075782, 0.000000,
                  -0.137402,-0.137925, 0.980866, 0.000000,
                  -0.000000, 0.601285, 0.000000, 1.000000;;
                }
              } // End of Armature_Bone_012
            } // End of Armature_Bone_009
            Frame Armature_Bone_011 {
              FrameTransformMatrix {
                -0.477753, 0.832608,-0.280208, 0.000000,
                 0.672779, 0.551875, 0.492750, 0.000000,
                 0.564907, 0.046895,-0.823821, 0.000000,
                 0.000000, 0.630581, 0.000000, 1.000000;;
              }
              Frame Armature_Bone_016 {
                FrameTransformMatrix {
                  -0.981478,-0.067149, 0.179420, 0.000000,
                   0.004238, 0.928718, 0.370762, 0.000000,
                  -0.191526, 0.364655,-0.911232, 0.000000,
                  -0.000000, 0.803510, 0.000000, 1.000000;;
                }
                Frame Armature_Bone_017 {
                  FrameTransformMatrix {
                     0.253255, 0.371688, 0.893146, 0.000000,
                    -0.765433,-0.487593, 0.419957, 0.000000,
                     0.591585,-0.790000, 0.161017, 0.000000,
                     0.000000, 0.965939,-0.000000, 1.000000;;
                  }
                } // End of Armature_Bone_017
              } // End of Armature_Bone_016
            } // End of Armature_Bone_011
          } // End of Armature_Bone_005
        } // End of Armature_Bone_004
      } // End of Armature_Bone_003
      Frame Armature_Bone_018 {
        FrameTransformMatrix {
           0.004796, 0.602401,-0.798180, 0.000000,
          -0.006355,-0.798154,-0.602420, 0.000000,
          -0.999969, 0.007962,-0.000000, 0.000000,
           0.000000, 0.907098, 0.000000, 1.000000;;
        }
        Frame Armature_Bone_025 {
          FrameTransformMatrix {
             0.809199,-0.587535,-0.000001, 0.000000,
             0.550760, 0.758551,-0.348230, 0.000000,
             0.204598, 0.281787, 0.937409, 0.000000,
             0.000000, 0.755956, 0.000000, 1.000000;;
          }
          Frame Armature_Bone_029 {
            FrameTransformMatrix {
               1.000000, 0.000000, 0.000000, 0.000000,
              -0.000000, 0.571019, 0.820937, 0.000000,
               0.000000,-0.820937, 0.571019, 0.000000,
              -0.000001, 0.632281, 0.000000, 1.000000;;
            }
            Frame Armature_Bone_033 {
              FrameTransformMatrix {
                 1.000000, 0.000000, 0.000000, 0.000000,
                 0.000000, 0.158344,-0.987384, 0.000000,
                -0.000000, 0.987384, 0.158344, 0.000000,
                 0.000000, 1.456446, 0.000000, 1.000000;;
              }
            } // End of Armature_Bone_033
          } // End of Armature_Bone_029
        } // End of Armature_Bone_025
      } // End of Armature_Bone_018
      Frame Armature_Bone_019 {
        FrameTransformMatrix {
           0.007909, 0.993293,-0.115353, 0.000000,
          -0.000919,-0.115349,-0.993325, 0.000000,
          -0.999968, 0.007962,-0.000000, 0.000000,
           0.000000, 0.907098, 0.000000, 1.000000;;
        }
        Frame Armature_Bone_026 {
          FrameTransformMatrix {
             0.799508,-0.600655,-0.000000, 0.000000,
             0.558046, 0.742792,-0.369925, 0.000000,
             0.222198, 0.295758, 0.929062, 0.000000,
            -0.000000, 0.475866, 0.000000, 1.000000;;
          }
          Frame Armature_Bone_030 {
            FrameTransformMatrix {
               1.000000,-0.000000, 0.000000, 0.000000,
              -0.000000, 0.581401, 0.813617, 0.000000,
               0.000000,-0.813617, 0.581401, 0.000000,
               0.000000, 0.632281, 0.000000, 1.000000;;
            }
            Frame Armature_Bone_034 {
              FrameTransformMatrix {
                 1.000000,-0.000000, 0.000000, 0.000000,
                 0.000000, 0.260387,-0.965504, 0.000000,
                -0.000000, 0.965504, 0.260387, 0.000000,
                 0.000000, 1.456446, 0.000000, 1.000000;;
              }
            } // End of Armature_Bone_034
          } // End of Armature_Bone_030
        } // End of Armature_Bone_026
      } // End of Armature_Bone_019
      Frame Armature_Bone_020 {
        FrameTransformMatrix {
           0.004959, 0.622742, 0.782412, 0.000000,
           0.006230, 0.782387,-0.622761, 0.000000,
          -0.999968, 0.007962, 0.000000, 0.000000,
           0.000000, 0.907098, 0.000000, 1.000000;;
        }
        Frame Armature_Bone_027 {
          FrameTransformMatrix {
             0.992712, 0.120512,-0.000000, 0.000000,
            -0.113765, 0.937132,-0.329909, 0.000000,
            -0.039758, 0.327505, 0.944013, 0.000000,
            -0.000000, 0.709056, 0.000000, 1.000000;;
          }
          Frame Armature_Bone_031 {
            FrameTransformMatrix {
               0.811915,-0.445976, 0.376696, 0.000000,
               0.245051, 0.846039, 0.473464, 0.000000,
              -0.529853,-0.292103, 0.796198, 0.000000,
               0.000000, 0.632282, 0.000000, 1.000000;;
            }
            Frame Armature_Bone_035 {
              FrameTransformMatrix {
                 0.970822,-0.197124, 0.136551, 0.000000,
                 0.166062, 0.141847,-0.975860, 0.000000,
                 0.172996, 0.970062, 0.170443, 0.000000,
                 0.000000, 1.456446, 0.000000, 1.000000;;
              }
            } // End of Armature_Bone_035
          } // End of Armature_Bone_031
        } // End of Armature_Bone_027
      } // End of Armature_Bone_020
      Frame Armature_Bone_021 {
        FrameTransformMatrix {
          -0.004221,-0.530092,-0.847929, 0.000000,
          -0.006751,-0.847902, 0.530109, 0.000000,
          -0.999968, 0.007962, 0.000000, 0.000000,
           0.000000, 0.907098, 0.000000, 1.000000;;
        }
        Frame Armature_Bone_037 {
          FrameTransformMatrix {
             0.755897, 0.653310, 0.042494, 0.000000,
            -0.569980, 0.688635,-0.448223, 0.000000,
            -0.322092, 0.314590, 0.892911, 0.000000,
             0.000000, 0.717961,-0.000000, 1.000000;;
          }
          Frame Armature_Bone_040 {
            FrameTransformMatrix {
               1.000000,-0.000000,-0.000000, 0.000000,
               0.000000, 0.544311, 0.838884, 0.000000,
               0.000000,-0.838884, 0.544311, 0.000000,
               0.000000, 0.593971,-0.000000, 1.000000;;
            }
            Frame Armature_Bone_043 {
              FrameTransformMatrix {
                 1.000000,-0.000000,-0.000000, 0.000000,
                -0.000000, 0.471254,-0.881998, 0.000000,
                 0.000000, 0.881998, 0.471253, 0.000000,
                 0.000000, 1.542970,-0.000000, 1.000000;;
              }
            } // End of Armature_Bone_043
          } // End of Armature_Bone_040
        } // End of Armature_Bone_037
      } // End of Armature_Bone_021
      Frame Armature_Bone_022 {
        FrameTransformMatrix {
          -0.007873,-0.988778,-0.149183, 0.000000,
          -0.001188,-0.149178, 0.988809, 0.000000,
          -0.999968, 0.007962, 0.000000, 0.000000,
           0.000000, 0.907098, 0.000000, 1.000000;;
        }
        Frame Armature_Bone_038 {
          FrameTransformMatrix {
             0.943297, 0.331950, 0.000001, 0.000000,
            -0.291487, 0.828315,-0.478465, 0.000000,
            -0.158827, 0.451334, 0.878107, 0.000000,
            -0.000000, 0.416182, 0.000000, 1.000000;;
          }
          Frame Armature_Bone_041 {
            FrameTransformMatrix {
               1.000000, 0.000001,-0.000001, 0.000000,
               0.000001, 0.590711, 0.806883, 0.000000,
               0.000001,-0.806883, 0.590711, 0.000000,
              -0.000000, 0.593971, 0.000000, 1.000000;;
            }
            Frame Armature_Bone_044 {
              FrameTransformMatrix {
                 1.000000, 0.000001, 0.000001, 0.000000,
                 0.000001, 0.468441,-0.883495, 0.000000,
                -0.000001, 0.883495, 0.468441, 0.000000,
                 0.000000, 1.542970, 0.000000, 1.000000;;
              }
            } // End of Armature_Bone_044
          } // End of Armature_Bone_041
        } // End of Armature_Bone_038
      } // End of Armature_Bone_022
      Frame Armature_Bone_023 {
        FrameTransformMatrix {
          -0.004640,-0.582742, 0.812644, 0.000000,
           0.006470, 0.812618, 0.582760, 0.000000,
          -0.999968, 0.007962, 0.000000, 0.000000,
           0.000000, 0.907098, 0.000000, 1.000000;;
        }
        Frame Armature_Bone_039 {
          FrameTransformMatrix {
             0.999727, 0.003482,-0.023118, 0.000000,
            -0.013672, 0.889204,-0.457306, 0.000000,
             0.018964, 0.457497, 0.889009, 0.000000,
             0.000000, 0.675156,-0.000000, 1.000000;;
          }
          Frame Armature_Bone_042 {
            FrameTransformMatrix {
               0.921701, 0.139902,-0.361792, 0.000000,
               0.158281, 0.715869, 0.680058, 0.000000,
               0.354137,-0.684075, 0.637674, 0.000000,
               0.000000, 0.593971,-0.000000, 1.000000;;
            }
            Frame Armature_Bone_045 {
              FrameTransformMatrix {
                 0.845297, 0.495725,-0.199324, 0.000000,
                -0.197289,-0.057102,-0.978681, 0.000000,
                -0.496538, 0.866600, 0.049533, 0.000000,
                -0.000000, 1.542969, 0.000000, 1.000000;;
              }
            } // End of Armature_Bone_045
          } // End of Armature_Bone_042
        } // End of Armature_Bone_039
      } // End of Armature_Bone_023
    } // End of Armature_Bone
    Frame Armature_Bone_001 {
      FrameTransformMatrix {
         0.000000, 1.000000, 0.000000, 0.000000,
        -1.000000, 0.000000, 0.000000, 0.000000,
         0.000000, 0.000000, 1.000000, 0.000000,
        -4.493026, 0.364203, 2.323845, 1.000000;;
      }
      Frame Armature_Bone_002 {
        FrameTransformMatrix {
           1.000000, 0.000000,-0.000000, 0.000000,
           0.000000, 0.701781, 0.712393, 0.000000,
           0.000000,-0.712393, 0.701781, 0.000000,
           0.000000, 0.182655, 0.000000, 1.000000;;
        }
      } // End of Armature_Bone_002
    } // End of Armature_Bone_001
    Frame Cube {
      FrameTransformMatrix {
         0.867575, 0.000000, 0.000000, 0.000000,
         0.000000, 0.462719, 0.000000, 0.000000,
         0.000000, 0.000000, 0.345554, 0.000000,
        -3.619888, 0.400620, 1.519396, 1.000000;;
      }
      Mesh { // Cube mesh
        696;
         0.035552;-5.517872;-0.770388;,
         0.035552;-10.194798;-0.770388;,
        -0.114650;-10.194798;-0.770388;,
        -0.114650;-5.517870;-0.770388;,
         0.035552;-5.517873;-0.078991;,
        -0.114650;-5.517871;-0.078991;,
        -0.114650;-10.194798;-0.078991;,
         0.035552;-10.194799;-0.078991;,
         0.035552;-5.517872;-0.770388;,
         0.035552;-5.517873;-0.078991;,
         0.035552;-10.194799;-0.078991;,
         0.035552;-10.194798;-0.770388;,
         0.035552;-10.194798;-0.770388;,
         0.035552;-10.194799;-0.078991;,
        -0.114650;-10.194798;-0.078991;,
        -0.114650;-10.194798;-0.770388;,
        -0.114650;-10.194798;-0.770388;,
        -0.114650;-10.194798;-0.078991;,
        -0.114650;-5.517871;-0.078991;,
        -0.114650;-5.517870;-0.770388;,
         0.035552;-5.517873;-0.078991;,
         0.035552;-5.517872;-0.770388;,
        -0.114650;-5.517870;-0.770388;,
        -0.114650;-5.517871;-0.078991;,
         0.024026;10.195251;-0.716330;,
         0.024026; 5.518324;-0.716330;,
        -0.103123; 5.518324;-0.716330;,
        -0.103123;10.195251;-0.716330;,
         0.024026;10.195250;-0.133048;,
        -0.103123;10.195251;-0.133048;,
        -0.103123; 5.518325;-0.133048;,
         0.024026; 5.518322;-0.133048;,
         0.024026;10.195251;-0.716330;,
         0.024026;10.195250;-0.133048;,
         0.024026; 5.518322;-0.133048;,
         0.024026; 5.518324;-0.716330;,
         0.024026; 5.518324;-0.716330;,
         0.024026; 5.518322;-0.133048;,
        -0.103123; 5.518325;-0.133048;,
        -0.103123; 5.518324;-0.716330;,
        -0.103123; 5.518324;-0.716330;,
        -0.103123; 5.518325;-0.133048;,
        -0.103123;10.195251;-0.133048;,
        -0.103123;10.195251;-0.716330;,
         0.024026;10.195250;-0.133048;,
         0.024026;10.195251;-0.716330;,
        -0.103123;10.195251;-0.716330;,
        -0.103123;10.195251;-0.133048;,
         0.047079; 5.510541;-0.822466;,
         0.047079; 2.226336;-0.822466;,
        -0.126176; 2.226337;-0.822466;,
        -0.126176; 5.510541;-0.822466;,
         0.047079; 5.510540;-0.026912;,
        -0.126176; 5.510541;-0.026912;,
        -0.126176; 2.226337;-0.026912;,
         0.047079; 2.226336;-0.026912;,
         0.047079; 5.510541;-0.822466;,
         0.047079; 5.510540;-0.026912;,
         0.047079; 2.226336;-0.026912;,
         0.047079; 2.226336;-0.822466;,
         0.047079; 2.226336;-0.822466;,
         0.047079; 2.226336;-0.026912;,
        -0.126176; 2.226337;-0.026912;,
        -0.126176; 2.226337;-0.822466;,
        -0.126176; 2.226337;-0.822466;,
        -0.126176; 2.226337;-0.026912;,
        -0.126176; 5.510541;-0.026912;,
        -0.126176; 5.510541;-0.822466;,
         0.047079; 5.510540;-0.026912;,
         0.047079; 5.510541;-0.822466;,
        -0.126176; 5.510541;-0.822466;,
        -0.126176; 5.510541;-0.026912;,
         0.046478;-2.219641;-0.822466;,
         0.046478;-5.503845;-0.822466;,
        -0.126777;-5.503845;-0.822466;,
        -0.126777;-2.219640;-0.822466;,
         0.046478;-2.219641;-0.026912;,
        -0.126777;-2.219640;-0.026912;,
        -0.126777;-5.503844;-0.026912;,
         0.046478;-5.503846;-0.026912;,
         0.046478;-2.219641;-0.822466;,
         0.046478;-2.219641;-0.026912;,
         0.046478;-5.503846;-0.026912;,
         0.046478;-5.503845;-0.822466;,
         0.046478;-5.503845;-0.822466;,
         0.046478;-5.503846;-0.026912;,
        -0.126777;-5.503844;-0.026912;,
        -0.126777;-5.503845;-0.822466;,
        -0.126777;-5.503845;-0.822466;,
        -0.126777;-5.503844;-0.026912;,
        -0.126777;-2.219640;-0.026912;,
        -0.126777;-2.219640;-0.822466;,
         0.046478;-2.219641;-0.026912;,
         0.046478;-2.219641;-0.822466;,
        -0.126777;-2.219640;-0.822466;,
        -0.126777;-2.219640;-0.026912;,
         0.092583;-1.028141;-1.030781;,
         0.092583;-2.203372;-1.030781;,
        -0.172883;-2.203372;-1.030781;,
        -0.172883;-1.028141;-1.030781;,
         0.092583;-1.028142; 0.181403;,
        -0.172883;-1.028141; 0.181403;,
        -0.172883;-2.203372; 0.181403;,
         0.092583;-2.203372; 0.181403;,
         0.092583;-1.028141;-1.030781;,
         0.092583;-1.028142; 0.181403;,
         0.092583;-2.203372; 0.181403;,
         0.092583;-2.203372;-1.030781;,
         0.092583;-2.203372;-1.030781;,
         0.092583;-2.203372; 0.181403;,
        -0.172883;-2.203372; 0.181403;,
        -0.172883;-2.203372;-1.030781;,
        -0.172883;-2.203372;-1.030781;,
        -0.172883;-2.203372; 0.181403;,
        -0.172883;-1.028141; 0.181403;,
        -0.172883;-1.028141;-1.030781;,
         0.092583;-1.028142; 0.181403;,
         0.092583;-1.028141;-1.030781;,
        -0.172883;-1.028141;-1.030781;,
        -0.172883;-1.028141; 0.181403;,
         0.092583; 2.205010;-1.030781;,
         0.092583; 1.029779;-1.030781;,
        -0.172883; 1.029780;-1.030781;,
        -0.172883; 2.205010;-1.030781;,
         0.092583; 2.205010; 0.181403;,
        -0.172883; 2.205010; 0.181403;,
        -0.172883; 1.029780; 0.181403;,
         0.092583; 1.029779; 0.181403;,
         0.092583; 2.205010;-1.030781;,
         0.092583; 2.205010; 0.181403;,
         0.092583; 1.029779; 0.181403;,
         0.092583; 1.029779;-1.030781;,
         0.092583; 1.029779;-1.030781;,
         0.092583; 1.029779; 0.181403;,
        -0.172883; 1.029780; 0.181403;,
        -0.172883; 1.029780;-1.030781;,
        -0.172883; 1.029780;-1.030781;,
        -0.172883; 1.029780; 0.181403;,
        -0.172883; 2.205010; 0.181403;,
        -0.172883; 2.205010;-1.030781;,
         0.092583; 2.205010; 0.181403;,
         0.092583; 2.205010;-1.030781;,
        -0.172883; 2.205010;-1.030781;,
        -0.172883; 2.205010; 0.181403;,
         0.772737; 2.205010;-1.030781;,
         0.772737; 1.029779;-1.030781;,
         0.507271; 1.029780;-1.030781;,
         0.507271; 2.205010;-1.030781;,
         0.772737; 2.205010; 0.181403;,
         0.507271; 2.205010; 0.181403;,
         0.507271; 1.029780; 0.181403;,
         0.772737; 1.029779; 0.181403;,
         0.772737; 2.205010;-1.030781;,
         0.772737; 2.205010; 0.181403;,
         0.772737; 1.029779; 0.181403;,
         0.772737; 1.029779;-1.030781;,
         0.772737; 1.029779;-1.030781;,
         0.772737; 1.029779; 0.181403;,
         0.507271; 1.029780; 0.181403;,
         0.507271; 1.029780;-1.030781;,
         0.507271; 1.029780;-1.030781;,
         0.507271; 1.029780; 0.181403;,
         0.507271; 2.205010; 0.181403;,
         0.507271; 2.205010;-1.030781;,
         0.772737; 2.205010; 0.181403;,
         0.772737; 2.205010;-1.030781;,
         0.507271; 2.205010;-1.030781;,
         0.507271; 2.205010; 0.181403;,
         0.772737;-1.028141;-1.030781;,
         0.772737;-2.203372;-1.030781;,
         0.507271;-2.203372;-1.030781;,
         0.507271;-1.028141;-1.030781;,
         0.772737;-1.028142; 0.181403;,
         0.507271;-1.028141; 0.181403;,
         0.507271;-2.203372; 0.181403;,
         0.772737;-2.203372; 0.181403;,
         0.772737;-1.028141;-1.030781;,
         0.772737;-1.028142; 0.181403;,
         0.772737;-2.203372; 0.181403;,
         0.772737;-2.203372;-1.030781;,
         0.772737;-2.203372;-1.030781;,
         0.772737;-2.203372; 0.181403;,
         0.507271;-2.203372; 0.181403;,
         0.507271;-2.203372;-1.030781;,
         0.507271;-2.203372;-1.030781;,
         0.507271;-2.203372; 0.181403;,
         0.507271;-1.028141; 0.181403;,
         0.507271;-1.028141;-1.030781;,
         0.772737;-1.028142; 0.181403;,
         0.772737;-1.028141;-1.030781;,
         0.507271;-1.028141;-1.030781;,
         0.507271;-1.028141; 0.181403;,
         0.726631;-2.219641;-0.822466;,
         0.726631;-5.503845;-0.822466;,
         0.553376;-5.503845;-0.822466;,
         0.553376;-2.219640;-0.822466;,
         0.726631;-2.219641;-0.026912;,
         0.553376;-2.219640;-0.026912;,
         0.553376;-5.503844;-0.026912;,
         0.726631;-5.503846;-0.026912;,
         0.726631;-2.219641;-0.822466;,
         0.726631;-2.219641;-0.026912;,
         0.726631;-5.503846;-0.026912;,
         0.726631;-5.503845;-0.822466;,
         0.726631;-5.503845;-0.822466;,
         0.726631;-5.503846;-0.026912;,
         0.553376;-5.503844;-0.026912;,
         0.553376;-5.503845;-0.822466;,
         0.553376;-5.503845;-0.822466;,
         0.553376;-5.503844;-0.026912;,
         0.553376;-2.219640;-0.026912;,
         0.553376;-2.219640;-0.822466;,
         0.726631;-2.219641;-0.026912;,
         0.726631;-2.219641;-0.822466;,
         0.553376;-2.219640;-0.822466;,
         0.553376;-2.219640;-0.026912;,
         0.727232; 5.510541;-0.822466;,
         0.727232; 2.226336;-0.822466;,
         0.553977; 2.226337;-0.822466;,
         0.553977; 5.510541;-0.822466;,
         0.727232; 5.510540;-0.026912;,
         0.553977; 5.510541;-0.026912;,
         0.553977; 2.226337;-0.026912;,
         0.727232; 2.226336;-0.026912;,
         0.727232; 5.510541;-0.822466;,
         0.727232; 5.510540;-0.026912;,
         0.727232; 2.226336;-0.026912;,
         0.727232; 2.226336;-0.822466;,
         0.727232; 2.226336;-0.822466;,
         0.727232; 2.226336;-0.026912;,
         0.553977; 2.226337;-0.026912;,
         0.553977; 2.226337;-0.822466;,
         0.553977; 2.226337;-0.822466;,
         0.553977; 2.226337;-0.026912;,
         0.553977; 5.510541;-0.026912;,
         0.553977; 5.510541;-0.822466;,
         0.727232; 5.510540;-0.026912;,
         0.727232; 5.510541;-0.822466;,
         0.553977; 5.510541;-0.822466;,
         0.553977; 5.510541;-0.026912;,
         0.704179;10.195251;-0.716330;,
         0.704179; 5.518324;-0.716330;,
         0.577030; 5.518324;-0.716330;,
         0.577030;10.195251;-0.716330;,
         0.704179;10.195250;-0.133048;,
         0.577030;10.195251;-0.133048;,
         0.577030; 5.518325;-0.133048;,
         0.704179; 5.518322;-0.133048;,
         0.704179;10.195251;-0.716330;,
         0.704179;10.195250;-0.133048;,
         0.704179; 5.518322;-0.133048;,
         0.704179; 5.518324;-0.716330;,
         0.704179; 5.518324;-0.716330;,
         0.704179; 5.518322;-0.133048;,
         0.577030; 5.518325;-0.133048;,
         0.577030; 5.518324;-0.716330;,
         0.577030; 5.518324;-0.716330;,
         0.577030; 5.518325;-0.133048;,
         0.577030;10.195251;-0.133048;,
         0.577030;10.195251;-0.716330;,
         0.704179;10.195250;-0.133048;,
         0.704179;10.195251;-0.716330;,
         0.577030;10.195251;-0.716330;,
         0.577030;10.195251;-0.133048;,
         0.715706;-5.517872;-0.770388;,
         0.715706;-10.194798;-0.770388;,
         0.565504;-10.194798;-0.770388;,
         0.565504;-5.517870;-0.770388;,
         0.715706;-5.517873;-0.078991;,
         0.565504;-5.517871;-0.078991;,
         0.565504;-10.194798;-0.078991;,
         0.715706;-10.194799;-0.078991;,
         0.715706;-5.517872;-0.770388;,
         0.715706;-5.517873;-0.078991;,
         0.715706;-10.194799;-0.078991;,
         0.715706;-10.194798;-0.770388;,
         0.715706;-10.194798;-0.770388;,
         0.715706;-10.194799;-0.078991;,
         0.565504;-10.194798;-0.078991;,
         0.565504;-10.194798;-0.770388;,
         0.565504;-10.194798;-0.770388;,
         0.565504;-10.194798;-0.078991;,
         0.565504;-5.517871;-0.078991;,
         0.565504;-5.517870;-0.770388;,
         0.715706;-5.517873;-0.078991;,
         0.715706;-5.517872;-0.770388;,
         0.565504;-5.517870;-0.770388;,
         0.565504;-5.517871;-0.078991;,
         5.393544; 1.326513; 1.516004;,
         5.393544; 1.201505; 1.516004;,
         3.874844; 1.201505; 1.516004;,
         3.874844; 1.326513; 1.516004;,
         5.393544; 1.326513; 1.687906;,
         3.874844; 1.326513; 1.687906;,
         3.874844; 1.201505; 1.687906;,
         5.393544; 1.201505; 1.687906;,
         5.393544; 1.326513; 1.516004;,
         5.393544; 1.326513; 1.687906;,
         5.393544; 1.201505; 1.687906;,
         5.393544; 1.201505; 1.516004;,
         5.393544; 1.201505; 1.516004;,
         5.393544; 1.201505; 1.687906;,
         3.874844; 1.201505; 1.687906;,
         3.874844; 1.201505; 1.516004;,
         3.874844; 1.201505; 1.516004;,
         3.874844; 1.201505; 1.687906;,
         3.874844; 1.326513; 1.687906;,
         3.874844; 1.326513; 1.516004;,
         5.393544; 1.326513; 1.687906;,
         5.393544; 1.326513; 1.516004;,
         3.874844; 1.326513; 1.516004;,
         3.874844; 1.326513; 1.687906;,
         5.401209;-1.176466; 1.516004;,
         5.401209;-1.301473; 1.516004;,
         3.882509;-1.301473; 1.516004;,
         3.882509;-1.176466; 1.516004;,
         5.401209;-1.176466; 1.687906;,
         3.882509;-1.176466; 1.687906;,
         3.882509;-1.301473; 1.687906;,
         5.401209;-1.301473; 1.687906;,
         5.401209;-1.176466; 1.516004;,
         5.401209;-1.176466; 1.687906;,
         5.401209;-1.301473; 1.687906;,
         5.401209;-1.301473; 1.516004;,
         5.401209;-1.301473; 1.516004;,
         5.401209;-1.301473; 1.687906;,
         3.882509;-1.301473; 1.687906;,
         3.882509;-1.301473; 1.516004;,
         3.882509;-1.301473; 1.516004;,
         3.882509;-1.301473; 1.687906;,
         3.882509;-1.176466; 1.687906;,
         3.882509;-1.176466; 1.516004;,
         5.401209;-1.176466; 1.687906;,
         5.401209;-1.176466; 1.516004;,
         3.882509;-1.176466; 1.516004;,
         3.882509;-1.176466; 1.687906;,
         3.863884;-1.176466; 1.516004;,
         3.863884;-1.301473; 1.516004;,
         2.345185;-1.301473; 1.516004;,
         2.345185;-1.176466; 1.516004;,
         3.863885;-1.176466; 1.687906;,
         2.345185;-1.176466; 1.687906;,
         2.345185;-1.301473; 1.687906;,
         3.863884;-1.301473; 1.687906;,
         3.863884;-1.176466; 1.516004;,
         3.863885;-1.176466; 1.687906;,
         3.863884;-1.301473; 1.687906;,
         3.863884;-1.301473; 1.516004;,
         3.863884;-1.301473; 1.516004;,
         3.863884;-1.301473; 1.687906;,
         2.345185;-1.301473; 1.687906;,
         2.345185;-1.301473; 1.516004;,
         2.345185;-1.301473; 1.516004;,
         2.345185;-1.301473; 1.687906;,
         2.345185;-1.176466; 1.687906;,
         2.345185;-1.176466; 1.516004;,
         3.863885;-1.176466; 1.687906;,
         3.863884;-1.176466; 1.516004;,
         2.345185;-1.176466; 1.516004;,
         2.345185;-1.176466; 1.687906;,
         3.863884; 1.326513; 1.516004;,
         3.863884; 1.201505; 1.516004;,
         2.345185; 1.201505; 1.516004;,
         2.345185; 1.326513; 1.516004;,
         3.863885; 1.326513; 1.687906;,
         2.345185; 1.326513; 1.687906;,
         2.345185; 1.201505; 1.687906;,
         3.863884; 1.201505; 1.687906;,
         3.863884; 1.326513; 1.516004;,
         3.863885; 1.326513; 1.687906;,
         3.863884; 1.201505; 1.687906;,
         3.863884; 1.201505; 1.516004;,
         3.863884; 1.201505; 1.516004;,
         3.863884; 1.201505; 1.687906;,
         2.345185; 1.201505; 1.687906;,
         2.345185; 1.201505; 1.516004;,
         2.345185; 1.201505; 1.516004;,
         2.345185; 1.201505; 1.687906;,
         2.345185; 1.326513; 1.687906;,
         2.345185; 1.326513; 1.516004;,
         3.863885; 1.326513; 1.687906;,
         3.863884; 1.326513; 1.516004;,
         2.345185; 1.326513; 1.516004;,
         2.345185; 1.326513; 1.687906;,
         2.822750; 0.790710;-0.355098;,
         2.822750; 0.445378;-0.355098;,
         2.347035; 0.445378;-0.355098;,
         2.347035; 0.790710;-0.355098;,
         2.822751; 0.790710; 0.022151;,
         2.347035; 0.790710; 0.022151;,
         2.347035; 0.445378; 0.022151;,
         2.822750; 0.445378; 0.022151;,
         2.822750; 0.790710;-0.355098;,
         2.822751; 0.790710; 0.022151;,
         2.822750; 0.445378; 0.022151;,
         2.822750; 0.445378;-0.355098;,
         2.822750; 0.445378;-0.355098;,
         2.822750; 0.445378; 0.022151;,
         2.347035; 0.445378; 0.022151;,
         2.347035; 0.445378;-0.355098;,
         2.347035; 0.445378;-0.355098;,
         2.347035; 0.445378; 0.022151;,
         2.347035; 0.790710; 0.022151;,
         2.347035; 0.790710;-0.355098;,
         2.822751; 0.790710; 0.022151;,
         2.822750; 0.790710;-0.355098;,
         2.347035; 0.790710;-0.355098;,
         2.347035; 0.790710; 0.022151;,
        -0.598827;-5.517872;-0.770388;,
        -0.598827;-10.194798;-0.770388;,
        -0.749029;-10.194798;-0.770388;,
        -0.749029;-5.517870;-0.770388;,
        -0.598827;-5.517873;-0.078991;,
        -0.749029;-5.517871;-0.078991;,
        -0.749029;-10.194798;-0.078991;,
        -0.598827;-10.194799;-0.078991;,
        -0.598827;-5.517872;-0.770388;,
        -0.598827;-5.517873;-0.078991;,
        -0.598827;-10.194799;-0.078991;,
        -0.598827;-10.194798;-0.770388;,
        -0.598827;-10.194798;-0.770388;,
        -0.598827;-10.194799;-0.078991;,
        -0.749029;-10.194798;-0.078991;,
        -0.749029;-10.194798;-0.770388;,
        -0.749029;-10.194798;-0.770388;,
        -0.749029;-10.194798;-0.078991;,
        -0.749029;-5.517871;-0.078991;,
        -0.749029;-5.517870;-0.770388;,
        -0.598827;-5.517873;-0.078991;,
        -0.598827;-5.517872;-0.770388;,
        -0.749029;-5.517870;-0.770388;,
        -0.749029;-5.517871;-0.078991;,
        -0.610354;10.195251;-0.716330;,
        -0.610354; 5.518324;-0.716330;,
        -0.737503; 5.518324;-0.716330;,
        -0.737503;10.195251;-0.716330;,
        -0.610354;10.195250;-0.133048;,
        -0.737503;10.195251;-0.133048;,
        -0.737503; 5.518325;-0.133048;,
        -0.610354; 5.518322;-0.133048;,
        -0.610354;10.195251;-0.716330;,
        -0.610354;10.195250;-0.133048;,
        -0.610354; 5.518322;-0.133048;,
        -0.610354; 5.518324;-0.716330;,
        -0.610354; 5.518324;-0.716330;,
        -0.610354; 5.518322;-0.133048;,
        -0.737503; 5.518325;-0.133048;,
        -0.737503; 5.518324;-0.716330;,
        -0.737503; 5.518324;-0.716330;,
        -0.737503; 5.518325;-0.133048;,
        -0.737503;10.195251;-0.133048;,
        -0.737503;10.195251;-0.716330;,
        -0.610354;10.195250;-0.133048;,
        -0.610354;10.195251;-0.716330;,
        -0.737503;10.195251;-0.716330;,
        -0.737503;10.195251;-0.133048;,
        -0.587301; 5.510541;-0.822466;,
        -0.587301; 2.226336;-0.822466;,
        -0.760556; 2.226337;-0.822466;,
        -0.760556; 5.510541;-0.822466;,
        -0.587301; 5.510540;-0.026912;,
        -0.760556; 5.510541;-0.026912;,
        -0.760556; 2.226337;-0.026912;,
        -0.587301; 2.226336;-0.026912;,
        -0.587301; 5.510541;-0.822466;,
        -0.587301; 5.510540;-0.026912;,
        -0.587301; 2.226336;-0.026912;,
        -0.587301; 2.226336;-0.822466;,
        -0.587301; 2.226336;-0.822466;,
        -0.587301; 2.226336;-0.026912;,
        -0.760556; 2.226337;-0.026912;,
        -0.760556; 2.226337;-0.822466;,
        -0.760556; 2.226337;-0.822466;,
        -0.760556; 2.226337;-0.026912;,
        -0.760556; 5.510541;-0.026912;,
        -0.760556; 5.510541;-0.822466;,
        -0.587301; 5.510540;-0.026912;,
        -0.587301; 5.510541;-0.822466;,
        -0.760556; 5.510541;-0.822466;,
        -0.760556; 5.510541;-0.026912;,
        -0.587902;-2.219641;-0.822466;,
        -0.587902;-5.503845;-0.822466;,
        -0.761157;-5.503845;-0.822466;,
        -0.761157;-2.219640;-0.822466;,
        -0.587902;-2.219641;-0.026912;,
        -0.761157;-2.219640;-0.026912;,
        -0.761157;-5.503844;-0.026912;,
        -0.587902;-5.503846;-0.026912;,
        -0.587902;-2.219641;-0.822466;,
        -0.587902;-2.219641;-0.026912;,
        -0.587902;-5.503846;-0.026912;,
        -0.587902;-5.503845;-0.822466;,
        -0.587902;-5.503845;-0.822466;,
        -0.587902;-5.503846;-0.026912;,
        -0.761157;-5.503844;-0.026912;,
        -0.761157;-5.503845;-0.822466;,
        -0.761157;-5.503845;-0.822466;,
        -0.761157;-5.503844;-0.026912;,
        -0.761157;-2.219640;-0.026912;,
        -0.761157;-2.219640;-0.822466;,
        -0.587902;-2.219641;-0.026912;,
        -0.587902;-2.219641;-0.822466;,
        -0.761157;-2.219640;-0.822466;,
        -0.761157;-2.219640;-0.026912;,
        -0.541796;-1.028141;-1.030781;,
        -0.541796;-2.203372;-1.030781;,
        -0.807262;-2.203372;-1.030781;,
        -0.807262;-1.028141;-1.030781;,
        -0.541796;-1.028142; 0.181403;,
        -0.807262;-1.028141; 0.181403;,
        -0.807262;-2.203372; 0.181403;,
        -0.541796;-2.203372; 0.181403;,
        -0.541796;-1.028141;-1.030781;,
        -0.541796;-1.028142; 0.181403;,
        -0.541796;-2.203372; 0.181403;,
        -0.541796;-2.203372;-1.030781;,
        -0.541796;-2.203372;-1.030781;,
        -0.541796;-2.203372; 0.181403;,
        -0.807262;-2.203372; 0.181403;,
        -0.807262;-2.203372;-1.030781;,
        -0.807262;-2.203372;-1.030781;,
        -0.807262;-2.203372; 0.181403;,
        -0.807262;-1.028141; 0.181403;,
        -0.807262;-1.028141;-1.030781;,
        -0.541796;-1.028142; 0.181403;,
        -0.541796;-1.028141;-1.030781;,
        -0.807262;-1.028141;-1.030781;,
        -0.807262;-1.028141; 0.181403;,
        -0.541796; 2.205010;-1.030781;,
        -0.541796; 1.029779;-1.030781;,
        -0.807262; 1.029780;-1.030781;,
        -0.807262; 2.205010;-1.030781;,
        -0.541796; 2.205010; 0.181403;,
        -0.807262; 2.205010; 0.181403;,
        -0.807262; 1.029780; 0.181403;,
        -0.541796; 1.029779; 0.181403;,
        -0.541796; 2.205010;-1.030781;,
        -0.541796; 2.205010; 0.181403;,
        -0.541796; 1.029779; 0.181403;,
        -0.541796; 1.029779;-1.030781;,
        -0.541796; 1.029779;-1.030781;,
        -0.541796; 1.029779; 0.181403;,
        -0.807262; 1.029780; 0.181403;,
        -0.807262; 1.029780;-1.030781;,
        -0.807262; 1.029780;-1.030781;,
        -0.807262; 1.029780; 0.181403;,
        -0.807262; 2.205010; 0.181403;,
        -0.807262; 2.205010;-1.030781;,
        -0.541796; 2.205010; 0.181403;,
        -0.541796; 2.205010;-1.030781;,
        -0.807262; 2.205010;-1.030781;,
        -0.807262; 2.205010; 0.181403;,
         2.822750;-0.495662;-0.355098;,
         2.822750;-0.840994;-0.355098;,
         2.347035;-0.840994;-0.355098;,
         2.347035;-0.495662;-0.355098;,
         2.822751;-0.495662; 0.022151;,
         2.347035;-0.495662; 0.022151;,
         2.347035;-0.840994; 0.022151;,
         2.822750;-0.840994; 0.022151;,
         2.822750;-0.495662;-0.355098;,
         2.822751;-0.495662; 0.022151;,
         2.822750;-0.840994; 0.022151;,
         2.822750;-0.840994;-0.355098;,
         2.822750;-0.840994;-0.355098;,
         2.822750;-0.840994; 0.022151;,
         2.347035;-0.840994; 0.022151;,
         2.347035;-0.840994;-0.355098;,
         2.347035;-0.840994;-0.355098;,
         2.347035;-0.840994; 0.022151;,
         2.347035;-0.495662; 0.022151;,
         2.347035;-0.495662;-0.355098;,
         2.822751;-0.495662; 0.022151;,
         2.822750;-0.495662;-0.355098;,
         2.347035;-0.495662;-0.355098;,
         2.347035;-0.495662; 0.022151;,
         2.344139; 1.330517;-0.665609;,
         2.344139;-1.330517;-0.665609;,
         1.184825;-1.330517;-0.665609;,
         1.184825; 1.330518;-0.665609;,
         2.344139; 1.330517; 1.697116;,
         1.184825; 1.330517; 1.697116;,
         1.184825;-1.330517; 1.697116;,
         2.344138;-1.330518; 1.697116;,
         2.344139; 1.330517;-0.665609;,
         2.344139; 1.330517; 1.697116;,
         2.344138;-1.330518; 1.697116;,
         2.344139;-1.330517;-0.665609;,
         2.344139;-1.330517;-0.665609;,
         2.344138;-1.330518; 1.697116;,
         1.184825;-1.330517; 1.697116;,
         1.184825;-1.330517;-0.665609;,
         1.184825;-1.330517;-0.665609;,
         1.184825;-1.330517; 1.697116;,
         1.184825; 1.330517; 1.697116;,
         1.184825; 1.330518;-0.665609;,
         2.344139; 1.330517; 1.697116;,
         2.344139; 1.330517;-0.665609;,
         1.184825; 1.330518;-0.665609;,
         1.184825; 1.330517; 1.697116;,
        -1.206200; 3.016073;-1.063946;,
        -1.206200;-3.016073;-1.063946;,
