xof 0303txt 0032

template XSkinMeshHeader {
  <3cf169ce-ff7c-44ab-93c0-f78f62d172e2>
  WORD nMaxSkinWeightsPerVertex;
  WORD nMaxSkinWeightsPerFace;
  WORD nBones;
}

template SkinWeights {
  <6f0d123b-bad2-4167-a0d0-80224f25fabb>
  STRING transformNodeName;
  DWORD nWeights;
  array DWORD vertexIndices[nWeights];
  array float weights[nWeights];
  Matrix4x4 matrixOffset;
}

Frame Root {
  FrameTransformMatrix {
     1.000000, 0.000000, 0.000000, 0.000000,
     0.000000,-0.000000, 1.000000, 0.000000,
     0.000000, 1.000000, 0.000000, 0.000000,
     0.000000, 0.000000, 0.000000, 1.000000;;
  }
  Frame Armature {
    FrameTransformMatrix {
       1.000000, 0.000000, 0.000000, 0.000000,
       0.000000, 1.000000, 0.000000, 0.000000,
       0.000000, 0.000000, 1.000000, 0.000000,
       3.611959,-0.400620,-1.519396, 1.000000;;
    }
    Frame Armature_Bone {
      FrameTransformMatrix {
        -0.036935, 0.000000,-0.999318, 0.000000,
         0.999318, 0.000000,-0.036935, 0.000000,
        -0.000000,-1.000000,-0.000000, 0.000000,
        -4.475426, 0.360997, 1.935166, 1.000000;;
      }
      Frame Armature_Bone_003 {
        FrameTransformMatrix {
          -0.000000,-0.000000, 1.000000, 0.000000,
          -0.018783, 0.999824,-0.000000, 0.000000,
          -0.999824,-0.018783,-0.000000, 0.000000,
          -0.000000, 0.822809,-0.000000, 1.000000;;
        }
        Frame Armature_Bone_004 {
          FrameTransformMatrix {
             1.000000, 0.000000,-0.000000, 0.000000,
            -0.000000, 0.940525,-0.339725, 0.000000,
             0.000000, 0.339725, 0.940525, 0.000000,
             0.000000, 0.966196, 0.000000, 1.000000;;
          }
          Frame Armature_Bone_005 {
            FrameTransformMatrix {
               0.846915, 0.507429,-0.158907, 0.000000,
              -0.367153, 0.774231, 0.515524, 0.000000,
               0.384622,-0.378262, 0.842012, 0.000000,
               0.000000, 0.170465,-0.000000, 1.000000;;
            }
            Frame Armature_Bone_006 {
              FrameTransformMatrix {
                -0.136202, 0.979661,-0.147357, 0.000000,
                -0.968982,-0.162698,-0.186021, 0.000000,
                -0.206212, 0.117450, 0.971433, 0.000000,
                 0.000000, 0.652438,-0.000000, 1.000000;;
              }
              Frame Armature_Bone_008 {
                FrameTransformMatrix {
                   0.799863,-0.062549,-0.596915, 0.000000,
                   0.589688, 0.267074, 0.762194, 0.000000,
                   0.111746,-0.961644, 0.250507, 0.000000,
                   0.000000, 0.609342,-0.000000, 1.000000;;
                }
                Frame Armature_Bone_012 {
                  FrameTransformMatrix {
                     0.862543, 0.233065, 0.449111, 0.000000,
                     0.504391,-0.466424,-0.726662, 0.000000,
                     0.040117, 0.853305,-0.519867, 0.000000,
                     0.000000, 0.762009, 0.000000, 1.000000;;
                  }
                  Frame Armature_Bone_013 {
                    FrameTransformMatrix {
                       0.714108,-0.700036,-0.000000, 0.000000,
                       0.700036, 0.714108,-0.000000, 0.000000,
                       0.000000,-0.000000, 1.000000, 0.000000,
                       0.000000, 0.879903,-0.000000, 1.000000;;
                    }
                  } // End of Armature_Bone_013
                } // End of Armature_Bone_012
              } // End of Armature_Bone_008
              Frame Armature_Bone_009 {
                FrameTransformMatrix {
                   0.802652, 0.000000, 0.596448, 0.000000,
                   0.596448, 0.000000,-0.802652, 0.000000,
                   0.000000, 1.000000,-0.000000, 0.000000,
                   0.000000, 0.609342,-0.000000, 1.000000;;
                }
                Frame Armature_Bone_016 {
                  FrameTransformMatrix {
                     0.807424, 0.034429,-0.588966, 0.000000,
                     0.437286, 0.635217, 0.636616, 0.000000,
                     0.396039,-0.771566, 0.497835, 0.000000,
                    -0.000000, 0.512434, 0.000000, 1.000000;;
                  }
                } // End of Armature_Bone_016
              } // End of Armature_Bone_009
            } // End of Armature_Bone_006
            Frame Armature_Bone_007 {
              FrameTransformMatrix {
                -0.729020,-0.679458,-0.082862, 0.000000,
                 0.544192,-0.648760, 0.531945, 0.000000,
                -0.415192, 0.342706, 0.842715, 0.000000,
                 0.000000, 0.652438,-0.000000, 1.000000;;
              }
              Frame Armature_Bone_010 {
                FrameTransformMatrix {
                  -0.812357,-0.126608,-0.569251, 0.000000,
                  -0.583073, 0.193249, 0.789101, 0.000000,
                   0.010101, 0.972947,-0.230808, 0.000000,
                   0.000000, 0.589136, 0.000000, 1.000000;;
                }
                Frame Armature_Bone_014 {
                  FrameTransformMatrix {
                    -0.884358,-0.455841,-0.100604, 0.000000,
                    -0.201825, 0.179036, 0.962919, 0.000000,
                    -0.420926, 0.871869,-0.250332, 0.000000,
                     0.000000, 0.707684, 0.000000, 1.000000;;
                  }
                  Frame Armature_Bone_015 {
                    FrameTransformMatrix {
                       0.765118, 0.643891, 0.000000, 0.000000,
                      -0.643873, 0.765097, 0.007299, 0.000000,
                       0.004700,-0.005585, 0.999973, 0.000000,
                      -0.000000, 0.941973,-0.000000, 1.000000;;
                    }
                  } // End of Armature_Bone_015
                } // End of Armature_Bone_014
              } // End of Armature_Bone_010
              Frame Armature_Bone_011 {
                FrameTransformMatrix {
                  -0.789704,-0.000000, 0.613489, 0.000000,
                  -0.613489,-0.000000,-0.789704, 0.000000,
                   0.000000,-1.000000,-0.000000, 0.000000,
                   0.000000, 0.589136, 0.000000, 1.000000;;
                }
                Frame Armature_Bone_017 {
                  FrameTransformMatrix {
                    -0.132295,-0.335491,-0.932708, 0.000000,
                     0.652077, 0.679233,-0.336807, 0.000000,
                     0.746521,-0.652755, 0.128907, 0.000000,
                     0.000000, 0.488333,-0.000000, 1.000000;;
                  }
                } // End of Armature_Bone_017
              } // End of Armature_Bone_011
            } // End of Armature_Bone_007
          } // End of Armature_Bone_005
        } // End of Armature_Bone_004
      } // End of Armature_Bone_003
      Frame Armature_Bone_018 {
        FrameTransformMatrix {
           0.011053, 0.634537,-0.772813, 0.000000,
          -0.013460,-0.772696,-0.634634, 0.000000,
          -0.999848, 0.017416,-0.000000, 0.000000,
          -0.000000, 0.822809,-0.000000, 1.000000;;
        }
        Frame Armature_Bone_024 {
          FrameTransformMatrix {
             0.997293,-0.073535, 0.000000, 0.000000,
             0.047149, 0.639437,-0.767397, 0.000000,
             0.056431, 0.765319, 0.641173, 0.000000,
            -0.000000, 0.721279, 0.000000, 1.000000;;
          }
          Frame Armature_Bone_027 {
            FrameTransformMatrix {
               0.607952,-0.219984, 0.762891, 0.000000,
              -0.571532, 0.545717, 0.612817, 0.000000,
              -0.551132,-0.808579, 0.206042, 0.000000,
               0.000000, 0.600399,-0.000000, 1.000000;;
            }
            Frame Armature_Bone_030 {
              FrameTransformMatrix {
                 0.636793,-0.109350, 0.763241, 0.000000,
                 0.729556,-0.234844,-0.642336, 0.000000,
                 0.249482, 0.965863,-0.069770, 0.000000,
                -0.000000, 1.536473,-0.000000, 1.000000;;
              }
            } // End of Armature_Bone_030
          } // End of Armature_Bone_027
        } // End of Armature_Bone_024
      } // End of Armature_Bone_018
      Frame Armature_Bone_019 {
        FrameTransformMatrix {
           0.010774, 0.618527, 0.785689, 0.000000,
           0.013684, 0.785570,-0.618621, 0.000000,
          -0.999848, 0.017416,-0.000000, 0.000000,
          -0.000000, 0.822809,-0.000000, 1.000000;;
        }
        Frame Armature_Bone_025 {
          FrameTransformMatrix {
             0.929915, 0.367774, 0.000000, 0.000000,
            -0.290798, 0.735283,-0.612205, 0.000000,
            -0.225153, 0.569299, 0.790699, 0.000000,
            -0.000000, 0.761124, 0.000000, 1.000000;;
          }
          Frame Armature_Bone_028 {
            FrameTransformMatrix {
               0.659303, 0.287173,-0.694875, 0.000000,
               0.401219, 0.647232, 0.648162, 0.000000,
               0.635880,-0.706132, 0.311502, 0.000000,
               0.000000, 0.600399,-0.000000, 1.000000;;
            }
            Frame Armature_Bone_031 {
              FrameTransformMatrix {
                 0.842548,-0.453478,-0.290637, 0.000000,
                -0.511574,-0.504899,-0.695247, 0.000000,
                 0.168537, 0.734462,-0.657389, 0.000000,
                -0.000000, 1.536473,-0.000000, 1.000000;;
              }
            } // End of Armature_Bone_031
          } // End of Armature_Bone_028
        } // End of Armature_Bone_025
      } // End of Armature_Bone_019
      Frame Armature_Bone_020 {
        FrameTransformMatrix {
           0.017416, 0.999848, 0.000000, 0.000000,
           0.000000, 0.000000,-1.000000, 0.000000,
          -0.999848, 0.017416,-0.000000, 0.000000,
          -0.000000, 0.822809,-0.000000, 1.000000;;
        }
        Frame Armature_Bone_026 {
          FrameTransformMatrix {
             0.922548,-0.000000,-0.385882, 0.000000,
            -0.255585, 0.749204,-0.611040, 0.000000,
             0.289104, 0.662340, 0.691176, 0.000000,
             0.000000, 0.479845,-0.000000, 1.000000;;
          }
          Frame Armature_Bone_029 {
            FrameTransformMatrix {
               0.930163, 0.333458,-0.153631, 0.000000,
              -0.195990, 0.804816, 0.560232, 0.000000,
               0.310458,-0.490997, 0.813964, 0.000000,
               0.000000, 0.600399,-0.000000, 1.000000;;
            }
            Frame Armature_Bone_032 {
              FrameTransformMatrix {
                 0.678703, 0.174286,-0.713434, 0.000000,
                -0.680369,-0.216545,-0.700148, 0.000000,
                -0.276516, 0.960590,-0.028391, 0.000000,
                -0.000000, 1.536473,-0.000000, 1.000000;;
              }
            } // End of Armature_Bone_032
          } // End of Armature_Bone_029
        } // End of Armature_Bone_026
      } // End of Armature_Bone_020
      Frame Armature_Bone_021 {
        FrameTransformMatrix {
          -0.017416,-0.999848,-0.000000, 0.000000,
          -0.000000,-0.000000, 1.000000, 0.000000,
          -0.999848, 0.017416,-0.000000, 0.000000,
          -0.000000, 0.822809,-0.000000, 1.000000;;
        }
        Frame Armature_Bone_033 {
          FrameTransformMatrix {
             0.145802, 0.258453, 0.954958, 0.000000,
             0.759234, 0.589631,-0.275498, 0.000000,
            -0.634276, 0.765204,-0.110257, 0.000000,
             0.000000, 0.360130, 0.000000, 1.000000;;
          }
          Frame Armature_Bone_036 {
            FrameTransformMatrix {
               1.000000, 0.000000, 0.000000, 0.000000,
               0.000000,-0.231089, 0.972933, 0.000000,
               0.000000,-0.972933,-0.231089, 0.000000,
              -0.000000, 0.589790,-0.000000, 1.000000;;
            }
            Frame Armature_Bone_039 {
              FrameTransformMatrix {
                 0.989455, 0.114282, 0.088987, 0.000000,
                 0.138537,-0.567436,-0.811680, 0.000000,
                -0.042266, 0.815449,-0.577284, 0.000000,
                -0.000000, 1.539493,-0.000000, 1.000000;;
              }
            } // End of Armature_Bone_039
          } // End of Armature_Bone_036
        } // End of Armature_Bone_033
      } // End of Armature_Bone_021
      Frame Armature_Bone_022 {
        FrameTransformMatrix {
          -0.009486,-0.544604,-0.838640, 0.000000,
          -0.014606,-0.838512, 0.544687, 0.000000,
          -0.999848, 0.017416,-0.000000, 0.000000,
          -0.000000, 0.822809,-0.000000, 1.000000;;
        }
        Frame Armature_Bone_034 {
          FrameTransformMatrix {
             0.986970, 0.160902, 0.000000, 0.000000,
            -0.101272, 0.621203,-0.777078, 0.000000,
            -0.125033, 0.766953, 0.629404, 0.000000,
            -0.000000, 0.682352,-0.000000, 1.000000;;
          }
          Frame Armature_Bone_037 {
            FrameTransformMatrix {
               0.541412,-0.309331, 0.781785, 0.000000,
              -0.687707, 0.371987, 0.623445, 0.000000,
              -0.483665,-0.875180,-0.011331, 0.000000,
               0.000000, 0.589790,-0.000000, 1.000000;;
            }
            Frame Armature_Bone_040 {
              FrameTransformMatrix {
                 0.767811,-0.016900, 0.640453, 0.000000,
                 0.542266,-0.515225,-0.663695, 0.000000,
                 0.341193, 0.856889,-0.386431, 0.000000,
                -0.000000, 1.539493, 0.000000, 1.000000;;
              }
            } // End of Armature_Bone_040
          } // End of Armature_Bone_037
        } // End of Armature_Bone_034
      } // End of Armature_Bone_022
      Frame Armature_Bone_023 {
        FrameTransformMatrix {
          -0.009428,-0.541243, 0.840814, 0.000000,
           0.014644, 0.840686, 0.541325, 0.000000,
          -0.999848, 0.017416,-0.000000, 0.000000,
          -0.000000, 0.822809,-0.000000, 1.000000;;
        }
        Frame Armature_Bone_035 {
          FrameTransformMatrix {
             0.862000,-0.506908,-0.000000, 0.000000,
             0.294481, 0.500768,-0.813949, 0.000000,
             0.412597, 0.701624, 0.580937, 0.000000,
            -0.000000, 0.684382, 0.000000, 1.000000;;
          }
          Frame Armature_Bone_038 {
            FrameTransformMatrix {
               0.623838,-0.506878, 0.594896, 0.000000,
              -0.456472, 0.381547, 0.803776, 0.000000,
              -0.634397,-0.772979, 0.006648, 0.000000,
               0.000000, 0.589790,-0.000000, 1.000000;;
            }
            Frame Armature_Bone_041 {
              FrameTransformMatrix {
                 0.500068, 0.848048,-0.175350, 0.000000,
                 0.589821,-0.481798,-0.648060, 0.000000,
                -0.634069, 0.220649,-0.741128, 0.000000,
                 0.000000, 1.539493,-0.000000, 1.000000;;
              }
            } // End of Armature_Bone_041
          } // End of Armature_Bone_038
        } // End of Armature_Bone_035
      } // End of Armature_Bone_023
    } // End of Armature_Bone
    Frame Armature_Bone_001 {
      FrameTransformMatrix {
         0.000000, 1.000000, 0.000000, 0.000000,
        -0.327465, 0.000000,-0.944863, 0.000000,
        -0.944863, 0.000000, 0.327465, 0.000000,
        -4.475426, 0.360997, 1.935166, 1.000000;;
      }
      Frame Armature_Bone_002 {
        FrameTransformMatrix {
           1.000000, 0.000000, 0.000000, 0.000000,
           0.000000, 0.354745, 0.934963, 0.000000,
           0.000000,-0.934963, 0.354745, 0.000000,
           0.000000, 0.189143, 0.000001, 1.000000;;
        }
      } // End of Armature_Bone_002
    } // End of Armature_Bone_001
    Frame Cube {
      FrameTransformMatrix {
         0.867575, 0.000000, 0.000000, 0.000000,
         0.000000, 0.462719, 0.000000, 0.000000,
         0.000000, 0.000000, 0.345554, 0.000000,
        -3.619888, 0.400620, 1.519396, 1.000000;;
      }
      Mesh { // Cube mesh
        744;
         3.702549;-0.796239;-0.734199;,
         3.702549;-1.729567;-0.734199;,
         2.350923;-1.729567;-0.734199;,
         2.350923;-0.796239;-0.734199;,
         3.702549;-0.796239;-0.483925;,
         2.350923;-0.796239;-0.483925;,
         2.350922;-1.729566;-0.483925;,
         3.702548;-1.729567;-0.483925;,
         3.702549;-0.796239;-0.734199;,
         3.702549;-0.796239;-0.483925;,
         3.702548;-1.729567;-0.483925;,
         3.702549;-1.729567;-0.734199;,
         3.702549;-1.729567;-0.734199;,
         3.702548;-1.729567;-0.483925;,
         2.350922;-1.729566;-0.483925;,
         2.350923;-1.729567;-0.734199;,
         2.350923;-1.729567;-0.734199;,
         2.350922;-1.729566;-0.483925;,
         2.350923;-0.796239;-0.483925;,
         2.350923;-0.796239;-0.734199;,
         3.702549;-0.796239;-0.483925;,
         3.702549;-0.796239;-0.734199;,
         2.350923;-0.796239;-0.734199;,
         2.350923;-0.796239;-0.483925;,
         2.344139;-0.208991;-1.229644;,
         2.344139;-1.747395;-1.229644;,
         1.184825;-1.747395;-1.229644;,
         1.184825;-0.208990;-1.229644;,
         2.344139;-0.208991; 2.261151;,
         1.184825;-0.208991; 2.261151;,
         1.184825;-1.747395; 2.261151;,
         2.344138;-1.747396; 2.261151;,
         2.344139;-0.208991;-1.229644;,
         2.344139;-0.208991; 2.261151;,
         2.344138;-1.747396; 2.261151;,
         2.344139;-1.747395;-1.229644;,
         2.344139;-1.747395;-1.229644;,
         2.344138;-1.747396; 2.261151;,
         1.184825;-1.747395; 2.261151;,
         1.184825;-1.747395;-1.229644;,
         1.184825;-1.747395;-1.229644;,
         1.184825;-1.747395; 2.261151;,
         1.184825;-0.208991; 2.261151;,
         1.184825;-0.208990;-1.229644;,
         2.344139;-0.208991; 2.261151;,
         2.344139;-0.208991;-1.229644;,
         1.184825;-0.208990;-1.229644;,
         1.184825;-0.208991; 2.261151;,
         2.344139; 1.777442;-1.229644;,
         2.344139; 0.239037;-1.229644;,
         1.184825; 0.239037;-1.229644;,
         1.184825; 1.777442;-1.229644;,
         2.344139; 1.777441; 2.261151;,
         1.184825; 1.777442; 2.261151;,
         1.184825; 0.239037; 2.261151;,
         2.344138; 0.239036; 2.261151;,
         2.344139; 1.777442;-1.229644;,
         2.344139; 1.777441; 2.261151;,
         2.344138; 0.239036; 2.261151;,
         2.344139; 0.239037;-1.229644;,
         2.344139; 0.239037;-1.229644;,
         2.344138; 0.239036; 2.261151;,
         1.184825; 0.239037; 2.261151;,
         1.184825; 0.239037;-1.229644;,
         1.184825; 0.239037;-1.229644;,
         1.184825; 0.239037; 2.261151;,
         1.184825; 1.777442; 2.261151;,
         1.184825; 1.777442;-1.229644;,
         2.344139; 1.777441; 2.261151;,
         2.344139; 1.777442;-1.229644;,
         1.184825; 1.777442;-1.229644;,
         1.184825; 1.777442; 2.261151;,
         0.035552;-5.517872;-0.616787;,
         0.035552;-10.194798;-0.616787;,
        -0.114650;-10.194798;-0.616787;,
        -0.114650;-5.517870;-0.616787;,
         0.035552;-5.517873;-0.232592;,
        -0.114650;-5.517871;-0.232592;,
        -0.114650;-10.194798;-0.232592;,
         0.035552;-10.194799;-0.232592;,
         0.035552;-5.517872;-0.616787;,
         0.035552;-5.517873;-0.232592;,
         0.035552;-10.194799;-0.232592;,
         0.035552;-10.194798;-0.616787;,
         0.035552;-10.194798;-0.616787;,
         0.035552;-10.194799;-0.232592;,
        -0.114650;-10.194798;-0.232592;,
        -0.114650;-10.194798;-0.616787;,
        -0.114650;-10.194798;-0.616787;,
        -0.114650;-10.194798;-0.232592;,
        -0.114650;-5.517871;-0.232592;,
        -0.114650;-5.517870;-0.616787;,
         0.035552;-5.517873;-0.232592;,
         0.035552;-5.517872;-0.616787;,
        -0.114650;-5.517870;-0.616787;,
        -0.114650;-5.517871;-0.232592;,
         0.024026;10.195251;-0.586748;,
         0.024026; 5.518324;-0.586748;,
        -0.103123; 5.518324;-0.586748;,
        -0.103123;10.195251;-0.586748;,
         0.024026;10.195250;-0.262631;,
        -0.103123;10.195251;-0.262631;,
        -0.103123; 5.518325;-0.262631;,
         0.024026; 5.518322;-0.262631;,
         0.024026;10.195251;-0.586748;,
         0.024026;10.195250;-0.262631;,
         0.024026; 5.518322;-0.262631;,
         0.024026; 5.518324;-0.586748;,
         0.024026; 5.518324;-0.586748;,
         0.024026; 5.518322;-0.262631;,
        -0.103123; 5.518325;-0.262631;,
        -0.103123; 5.518324;-0.586748;,
        -0.103123; 5.518324;-0.586748;,
        -0.103123; 5.518325;-0.262631;,
        -0.103123;10.195251;-0.262631;,
        -0.103123;10.195251;-0.586748;,
         0.024026;10.195250;-0.262631;,
         0.024026;10.195251;-0.586748;,
        -0.103123;10.195251;-0.586748;,
        -0.103123;10.195251;-0.262631;,
         0.047079; 5.510541;-0.645726;,
         0.047079; 2.226336;-0.645726;,
        -0.126176; 2.226337;-0.645726;,
        -0.126176; 5.510541;-0.645726;,
         0.047079; 5.510540;-0.203653;,
        -0.126176; 5.510541;-0.203653;,
        -0.126176; 2.226337;-0.203653;,
         0.047079; 2.226336;-0.203653;,
         0.047079; 5.510541;-0.645726;,
         0.047079; 5.510540;-0.203653;,
         0.047079; 2.226336;-0.203653;,
         0.047079; 2.226336;-0.645726;,
         0.047079; 2.226336;-0.645726;,
         0.047079; 2.226336;-0.203653;,
        -0.126176; 2.226337;-0.203653;,
        -0.126176; 2.226337;-0.645726;,
        -0.126176; 2.226337;-0.645726;,
        -0.126176; 2.226337;-0.203653;,
        -0.126176; 5.510541;-0.203653;,
        -0.126176; 5.510541;-0.645726;,
         0.047079; 5.510540;-0.203653;,
         0.047079; 5.510541;-0.645726;,
        -0.126176; 5.510541;-0.645726;,
        -0.126176; 5.510541;-0.203653;,
         0.046478;-2.219641;-0.645726;,
         0.046478;-5.503845;-0.645726;,
        -0.126777;-5.503845;-0.645726;,
        -0.126777;-2.219640;-0.645726;,
         0.046478;-2.219641;-0.203653;,
        -0.126777;-2.219640;-0.203653;,
        -0.126777;-5.503844;-0.203653;,
         0.046478;-5.503846;-0.203653;,
         0.046478;-2.219641;-0.645726;,
         0.046478;-2.219641;-0.203653;,
         0.046478;-5.503846;-0.203653;,
         0.046478;-5.503845;-0.645726;,
         0.046478;-5.503845;-0.645726;,
         0.046478;-5.503846;-0.203653;,
        -0.126777;-5.503844;-0.203653;,
        -0.126777;-5.503845;-0.645726;,
        -0.126777;-5.503845;-0.645726;,
        -0.126777;-5.503844;-0.203653;,
        -0.126777;-2.219640;-0.203653;,
        -0.126777;-2.219640;-0.645726;,
         0.046478;-2.219641;-0.203653;,
         0.046478;-2.219641;-0.645726;,
        -0.126777;-2.219640;-0.645726;,
        -0.126777;-2.219640;-0.203653;,
         0.092583;-1.028141;-0.761482;,
         0.092583;-2.203372;-0.761482;,
        -0.172883;-2.203372;-0.761482;,
        -0.172883;-1.028141;-0.761482;,
         0.092583;-1.028142;-0.087897;,
        -0.172883;-1.028141;-0.087897;,
        -0.172883;-2.203372;-0.087897;,
         0.092583;-2.203372;-0.087897;,
         0.092583;-1.028141;-0.761482;,
         0.092583;-1.028142;-0.087897;,
         0.092583;-2.203372;-0.087897;,
         0.092583;-2.203372;-0.761482;,
         0.092583;-2.203372;-0.761482;,
         0.092583;-2.203372;-0.087897;,
        -0.172883;-2.203372;-0.087897;,
        -0.172883;-2.203372;-0.761482;,
        -0.172883;-2.203372;-0.761482;,
        -0.172883;-2.203372;-0.087897;,
        -0.172883;-1.028141;-0.087897;,
        -0.172883;-1.028141;-0.761482;,
         0.092583;-1.028142;-0.087897;,
         0.092583;-1.028141;-0.761482;,
        -0.172883;-1.028141;-0.761482;,
        -0.172883;-1.028141;-0.087897;,
         0.092583; 2.205010;-0.761482;,
         0.092583; 1.029779;-0.761482;,
        -0.172883; 1.029780;-0.761482;,
        -0.172883; 2.205010;-0.761482;,
         0.092583; 2.205010;-0.087897;,
        -0.172883; 2.205010;-0.087897;,
        -0.172883; 1.029780;-0.087897;,
         0.092583; 1.029779;-0.087897;,
         0.092583; 2.205010;-0.761482;,
         0.092583; 2.205010;-0.087897;,
         0.092583; 1.029779;-0.087897;,
         0.092583; 1.029779;-0.761482;,
         0.092583; 1.029779;-0.761482;,
         0.092583; 1.029779;-0.087897;,
        -0.172883; 1.029780;-0.087897;,
        -0.172883; 1.029780;-0.761482;,
        -0.172883; 1.029780;-0.761482;,
        -0.172883; 1.029780;-0.087897;,
        -0.172883; 2.205010;-0.087897;,
        -0.172883; 2.205010;-0.761482;,
         0.092583; 2.205010;-0.087897;,
         0.092583; 2.205010;-0.761482;,
        -0.172883; 2.205010;-0.761482;,
        -0.172883; 2.205010;-0.087897;,
         0.772737; 2.205010;-0.761482;,
         0.772737; 1.029779;-0.761482;,
         0.507271; 1.029780;-0.761482;,
         0.507271; 2.205010;-0.761482;,
         0.772737; 2.205010;-0.087897;,
         0.507271; 2.205010;-0.087897;,
         0.507271; 1.029780;-0.087897;,
         0.772737; 1.029779;-0.087897;,
         0.772737; 2.205010;-0.761482;,
         0.772737; 2.205010;-0.087897;,
         0.772737; 1.029779;-0.087897;,
         0.772737; 1.029779;-0.761482;,
         0.772737; 1.029779;-0.761482;,
         0.772737; 1.029779;-0.087897;,
         0.507271; 1.029780;-0.087897;,
         0.507271; 1.029780;-0.761482;,
         0.507271; 1.029780;-0.761482;,
         0.507271; 1.029780;-0.087897;,
         0.507271; 2.205010;-0.087897;,
         0.507271; 2.205010;-0.761482;,
         0.772737; 2.205010;-0.087897;,
         0.772737; 2.205010;-0.761482;,
         0.507271; 2.205010;-0.761482;,
         0.507271; 2.205010;-0.087897;,
         0.772737;-1.028141;-0.761482;,
         0.772737;-2.203372;-0.761482;,
         0.507271;-2.203372;-0.761482;,
         0.507271;-1.028141;-0.761482;,
         0.772737;-1.028142;-0.087897;,
         0.507271;-1.028141;-0.087897;,
         0.507271;-2.203372;-0.087897;,
         0.772737;-2.203372;-0.087897;,
         0.772737;-1.028141;-0.761482;,
         0.772737;-1.028142;-0.087897;,
         0.772737;-2.203372;-0.087897;,
         0.772737;-2.203372;-0.761482;,
         0.772737;-2.203372;-0.761482;,
         0.772737;-2.203372;-0.087897;,
         0.507271;-2.203372;-0.087897;,
         0.507271;-2.203372;-0.761482;,
         0.507271;-2.203372;-0.761482;,
         0.507271;-2.203372;-0.087897;,
         0.507271;-1.028141;-0.087897;,
         0.507271;-1.028141;-0.761482;,
         0.772737;-1.028142;-0.087897;,
         0.772737;-1.028141;-0.761482;,
         0.507271;-1.028141;-0.761482;,
         0.507271;-1.028141;-0.087897;,
         0.726631;-2.219641;-0.645726;,
         0.726631;-5.503845;-0.645726;,
         0.553376;-5.503845;-0.645726;,
         0.553376;-2.219640;-0.645726;,
         0.726631;-2.219641;-0.203653;,
         0.553376;-2.219640;-0.203653;,
         0.553376;-5.503844;-0.203653;,
         0.726631;-5.503846;-0.203653;,
         0.726631;-2.219641;-0.645726;,
         0.726631;-2.219641;-0.203653;,
         0.726631;-5.503846;-0.203653;,
         0.726631;-5.503845;-0.645726;,
         0.726631;-5.503845;-0.645726;,
         0.726631;-5.503846;-0.203653;,
         0.553376;-5.503844;-0.203653;,
         0.553376;-5.503845;-0.645726;,
         0.553376;-5.503845;-0.645726;,
         0.553376;-5.503844;-0.203653;,
         0.553376;-2.219640;-0.203653;,
         0.553376;-2.219640;-0.645726;,
         0.726631;-2.219641;-0.203653;,
         0.726631;-2.219641;-0.645726;,
         0.553376;-2.219640;-0.645726;,
         0.553376;-2.219640;-0.203653;,
         0.727232; 5.510541;-0.645726;,
         0.727232; 2.226336;-0.645726;,
         0.553977; 2.226337;-0.645726;,
         0.553977; 5.510541;-0.645726;,
         0.727232; 5.510540;-0.203653;,
         0.553977; 5.510541;-0.203653;,
         0.553977; 2.226337;-0.203653;,
         0.727232; 2.226336;-0.203653;,
         0.727232; 5.510541;-0.645726;,
         0.727232; 5.510540;-0.203653;,
         0.727232; 2.226336;-0.203653;,
         0.727232; 2.226336;-0.645726;,
         0.727232; 2.226336;-0.645726;,
         0.727232; 2.226336;-0.203653;,
         0.553977; 2.226337;-0.203653;,
         0.553977; 2.226337;-0.645726;,
         0.553977; 2.226337;-0.645726;,
         0.553977; 2.226337;-0.203653;,
         0.553977; 5.510541;-0.203653;,
         0.553977; 5.510541;-0.645726;,
         0.727232; 5.510540;-0.203653;,
         0.727232; 5.510541;-0.645726;,
         0.553977; 5.510541;-0.645726;,
         0.553977; 5.510541;-0.203653;,
         0.704179;10.195251;-0.586748;,
         0.704179; 5.518324;-0.586748;,
         0.577030; 5.518324;-0.586748;,
         0.577030;10.195251;-0.586748;,
         0.704179;10.195250;-0.262631;,
         0.577030;10.195251;-0.262631;,
         0.577030; 5.518325;-0.262631;,
         0.704179; 5.518322;-0.262631;,
         0.704179;10.195251;-0.586748;,
         0.704179;10.195250;-0.262631;,
         0.704179; 5.518322;-0.262631;,
         0.704179; 5.518324;-0.586748;,
         0.704179; 5.518324;-0.586748;,
         0.704179; 5.518322;-0.262631;,
         0.577030; 5.518325;-0.262631;,
         0.577030; 5.518324;-0.586748;,
         0.577030; 5.518324;-0.586748;,
         0.577030; 5.518325;-0.262631;,
         0.577030;10.195251;-0.262631;,
         0.577030;10.195251;-0.586748;,
         0.704179;10.195250;-0.262631;,
         0.704179;10.195251;-0.586748;,
         0.577030;10.195251;-0.586748;,
         0.577030;10.195251;-0.262631;,
         0.715706;-5.517872;-0.616787;,
         0.715706;-10.194798;-0.616787;,
         0.565504;-10.194798;-0.616787;,
         0.565504;-5.517870;-0.616787;,
         0.715706;-5.517873;-0.232592;,
         0.565504;-5.517871;-0.232592;,
         0.565504;-10.194798;-0.232592;,
         0.715706;-10.194799;-0.232592;,
         0.715706;-5.517872;-0.616787;,
         0.715706;-5.517873;-0.232592;,
         0.715706;-10.194799;-0.232592;,
         0.715706;-10.194798;-0.616787;,
         0.715706;-10.194798;-0.616787;,
         0.715706;-10.194799;-0.232592;,
         0.565504;-10.194798;-0.232592;,
         0.565504;-10.194798;-0.616787;,
         0.565504;-10.194798;-0.616787;,
         0.565504;-10.194798;-0.232592;,
         0.565504;-5.517871;-0.232592;,
         0.565504;-5.517870;-0.616787;,
         0.715706;-5.517873;-0.232592;,
         0.715706;-5.517872;-0.616787;,
         0.565504;-5.517870;-0.616787;,
         0.565504;-5.517871;-0.232592;,
         4.695732; 1.732144; 2.064449;,
         4.695732; 1.607136; 2.064449;,
         3.527254; 1.607136; 2.064449;,
         3.527255; 1.732144; 2.064449;,
         4.695732; 1.732144; 2.236351;,
         3.527254; 1.732144; 2.236351;,
         3.527254; 1.607136; 2.236351;,
         4.695732; 1.607136; 2.236351;,
         4.695732; 1.732144; 2.064449;,
         4.695732; 1.732144; 2.236351;,
         4.695732; 1.607136; 2.236351;,
         4.695732; 1.607136; 2.064449;,
         4.695732; 1.607136; 2.064449;,
         4.695732; 1.607136; 2.236351;,
         3.527254; 1.607136; 2.236351;,
         3.527254; 1.607136; 2.064449;,
         3.527254; 1.607136; 2.064449;,
         3.527254; 1.607136; 2.236351;,
         3.527254; 1.732144; 2.236351;,
         3.527255; 1.732144; 2.064449;,
         4.695732; 1.732144; 2.236351;,
         4.695732; 1.732144; 2.064449;,
         3.527255; 1.732144; 2.064449;,
         3.527254; 1.732144; 2.236351;,
         4.701630;-1.580265; 2.057637;,
         4.701630;-1.705272; 2.057637;,
         3.533152;-1.705272; 2.057637;,
         3.533152;-1.580265; 2.057637;,
         4.701630;-1.580265; 2.229538;,
         3.533152;-1.580265; 2.229538;,
         3.533152;-1.705272; 2.229538;,
         4.701629;-1.705272; 2.229538;,
         4.701630;-1.580265; 2.057637;,
         4.701630;-1.580265; 2.229538;,
         4.701629;-1.705272; 2.229538;,
         4.701630;-1.705272; 2.057637;,
         4.701630;-1.705272; 2.057637;,
         4.701629;-1.705272; 2.229538;,
         3.533152;-1.705272; 2.229538;,
         3.533152;-1.705272; 2.057637;,
         3.533152;-1.705272; 2.057637;,
         3.533152;-1.705272; 2.229538;,
         3.533152;-1.580265; 2.229538;,
         3.533152;-1.580265; 2.057637;,
         4.701630;-1.580265; 2.229538;,
         4.701630;-1.580265; 2.057637;,
         3.533152;-1.580265; 2.057637;,
         3.533152;-1.580265; 2.229538;,
         3.518822;-1.580265; 2.057637;,
         3.518822;-1.705272; 2.057637;,
         2.350345;-1.705272; 2.057637;,
         2.350345;-1.580265; 2.057637;,
         3.518823;-1.580265; 2.229538;,
         2.350345;-1.580265; 2.229538;,
         2.350344;-1.705272; 2.229538;,
         3.518822;-1.705272; 2.229538;,
         3.518822;-1.580265; 2.057637;,
         3.518823;-1.580265; 2.229538;,
         3.518822;-1.705272; 2.229538;,
         3.518822;-1.705272; 2.057637;,
         3.518822;-1.705272; 2.057637;,
         3.518822;-1.705272; 2.229538;,
         2.350344;-1.705272; 2.229538;,
         2.350345;-1.705272; 2.057637;,
         2.350345;-1.705272; 2.057637;,
         2.350344;-1.705272; 2.229538;,
         2.350345;-1.580265; 2.229538;,
         2.350345;-1.580265; 2.057637;,
         3.518823;-1.580265; 2.229538;,
         3.518822;-1.580265; 2.057637;,
         2.350345;-1.580265; 2.057637;,
         2.350345;-1.580265; 2.229538;,
         3.518822; 1.732144; 2.064449;,
         3.518822; 1.607136; 2.064449;,
         2.350345; 1.607136; 2.064449;,
         2.350345; 1.732144; 2.064449;,
         3.518823; 1.732144; 2.236351;,
         2.350345; 1.732144; 2.236351;,
         2.350344; 1.607136; 2.236351;,
         3.518822; 1.607136; 2.236351;,
         3.518822; 1.732144; 2.064449;,
         3.518823; 1.732144; 2.236351;,
         3.518822; 1.607136; 2.236351;,
         3.518822; 1.607136; 2.064449;,
         3.518822; 1.607136; 2.064449;,
         3.518822; 1.607136; 2.236351;,
         2.350344; 1.607136; 2.236351;,
         2.350345; 1.607136; 2.064449;,
         2.350345; 1.607136; 2.064449;,
         2.350344; 1.607136; 2.236351;,
         2.350345; 1.732144; 2.236351;,
         2.350345; 1.732144; 2.064449;,
         3.518823; 1.732144; 2.236351;,
         3.518822; 1.732144; 2.064449;,
         2.350345; 1.732144; 2.064449;,
         2.350345; 1.732144; 2.236351;,
         3.702549; 1.754240;-0.820122;,
         3.702549; 0.820912;-0.820122;,
         2.350923; 0.820913;-0.820122;,
         2.350923; 1.754240;-0.820122;,
         3.702549; 1.754240;-0.569848;,
         2.350923; 1.754240;-0.569848;,
         2.350922; 0.820913;-0.569848;,
         3.702548; 0.820912;-0.569848;,
         3.702549; 1.754240;-0.820122;,
         3.702549; 1.754240;-0.569848;,
         3.702548; 0.820912;-0.569848;,
         3.702549; 0.820912;-0.820122;,
         3.702549; 0.820912;-0.820122;,
         3.702548; 0.820912;-0.569848;,
         2.350922; 0.820913;-0.569848;,
         2.350923; 0.820913;-0.820122;,
         2.350923; 0.820913;-0.820122;,
         2.350922; 0.820913;-0.569848;,
         2.350923; 1.754240;-0.569848;,
         2.350923; 1.754240;-0.820122;,
         3.702549; 1.754240;-0.569848;,
         3.702549; 1.754240;-0.820122;,
         2.350923; 1.754240;-0.820122;,
         2.350923; 1.754240;-0.569848;,
        -0.598827;-5.517872;-0.616787;,
        -0.598827;-10.194798;-0.616787;,
        -0.749029;-10.194798;-0.616787;,
        -0.749029;-5.517870;-0.616787;,
        -0.598827;-5.517873;-0.232592;,
        -0.749029;-5.517871;-0.232592;,
        -0.749029;-10.194798;-0.232592;,
        -0.598827;-10.194799;-0.232592;,
        -0.598827;-5.517872;-0.616787;,
        -0.598827;-5.517873;-0.232592;,
        -0.598827;-10.194799;-0.232592;,
        -0.598827;-10.194798;-0.616787;,
        -0.598827;-10.194798;-0.616787;,
        -0.598827;-10.194799;-0.232592;,
        -0.749029;-10.194798;-0.232592;,
        -0.749029;-10.194798;-0.616787;,
        -0.749029;-10.194798;-0.616787;,
        -0.749029;-10.194798;-0.232592;,
        -0.749029;-5.517871;-0.232592;,
        -0.749029;-5.517870;-0.616787;,
        -0.598827;-5.517873;-0.232592;,
        -0.598827;-5.517872;-0.616787;,
        -0.749029;-5.517870;-0.616787;,
        -0.749029;-5.517871;-0.232592;,
        -0.610354;10.195251;-0.586748;,
        -0.610354; 5.518324;-0.586748;,
        -0.737503; 5.518324;-0.586748;,
        -0.737503;10.195251;-0.586748;,
        -0.610354;10.195250;-0.262631;,
        -0.737503;10.195251;-0.262631;,
        -0.737503; 5.518325;-0.262631;,
        -0.610354; 5.518322;-0.262631;,
        -0.610354;10.195251;-0.586748;,
        -0.610354;10.195250;-0.262631;,
        -0.610354; 5.518322;-0.262631;,
        -0.610354; 5.518324;-0.586748;,
        -0.610354; 5.518324;-0.586748;,
        -0.610354; 5.518322;-0.262631;,
        -0.737503; 5.518325;-0.262631;,
        -0.737503; 5.518324;-0.586748;,
        -0.737503; 5.518324;-0.586748;,
        -0.737503; 5.518325;-0.262631;,
        -0.737503;10.195251;-0.262631;,
        -0.737503;10.195251;-0.586748;,
        -0.610354;10.195250;-0.262631;,
        -0.610354;10.195251;-0.586748;,
        -0.737503;10.195251;-0.586748;,
        -0.737503;10.195251;-0.262631;,
        -0.587301; 5.510541;-0.645726;,
        -0.587301; 2.226336;-0.645726;,
        -0.760556; 2.226337;-0.645726;,
        -0.760556; 5.510541;-0.645726;,
        -0.587301; 5.510540;-0.203653;,
        -0.760556; 5.510541;-0.203653;,
        -0.760556; 2.226337;-0.203653;,
        -0.587301; 2.226336;-0.203653;,
        -0.587301; 5.510541;-0.645726;,
        -0.587301; 5.510540;-0.203653;,
        -0.587301; 2.226336;-0.203653;,
        -0.587301; 2.226336;-0.645726;,
        -0.587301; 2.226336;-0.645726;,
        -0.587301; 2.226336;-0.203653;,
        -0.760556; 2.226337;-0.203653;,
        -0.760556; 2.226337;-0.645726;,
        -0.760556; 2.226337;-0.645726;,
        -0.760556; 2.226337;-0.203653;,
        -0.760556; 5.510541;-0.203653;,
        -0.760556; 5.510541;-0.645726;,
        -0.587301; 5.510540;-0.203653;,
        -0.587301; 5.510541;-0.645726;,
        -0.760556; 5.510541;-0.645726;,
        -0.760556; 5.510541;-0.203653;,
        -0.587902;-2.219641;-0.645726;,
        -0.587902;-5.503845;-0.645726;,
        -0.761157;-5.503845;-0.645726;,
        -0.761157;-2.219640;-0.645726;,
        -0.587902;-2.219641;-0.203653;,
        -0.761157;-2.219640;-0.203653;,
        -0.761157;-5.503844;-0.203653;,
        -0.587902;-5.503846;-0.203653;,
        -0.587902;-2.219641;-0.645726;,
        -0.587902;-2.219641;-0.203653;,
        -0.587902;-5.503846;-0.203653;,
        -0.587902;-5.503845;-0.645726;,
        -0.587902;-5.503845;-0.645726;,
        -0.587902;-5.503846;-0.203653;,
        -0.761157;-5.503844;-0.203653;,
        -0.761157;-5.503845;-0.645726;,
        -0.761157;-5.503845;-0.645726;,
        -0.761157;-5.503844;-0.203653;,
        -0.761157;-2.219640;-0.203653;,
        -0.761157;-2.219640;-0.645726;,
        -0.587902;-2.219641;-0.203653;,
        -0.587902;-2.219641;-0.645726;,
        -0.761157;-2.219640;-0.645726;,
        -0.761157;-2.219640;-0.203653;,
        -0.541796;-1.028141;-0.761482;,
        -0.541796;-2.203372;-0.761482;,
        -0.807262;-2.203372;-0.761482;,
        -0.807262;-1.028141;-0.761482;,
