xof 0303txt 0032

template XSkinMeshHeader {
  <3cf169ce-ff7c-44ab-93c0-f78f62d172e2>
  WORD nMaxSkinWeightsPerVertex;
  WORD nMaxSkinWeightsPerFace;
  WORD nBones;
}

template SkinWeights {
  <6f0d123b-bad2-4167-a0d0-80224f25fabb>
  STRING transformNodeName;
  DWORD nWeights;
  array DWORD vertexIndices[nWeights];
  array float weights[nWeights];
  Matrix4x4 matrixOffset;
}

Frame Root {
  FrameTransformMatrix {
     1.000000, 0.000000, 0.000000, 0.000000,
     0.000000,-0.000000, 1.000000, 0.000000,
     0.000000, 1.000000, 0.000000, 0.000000,
     0.000000, 0.000000, 0.000000, 1.000000;;
  }
  Frame Armature {
    FrameTransformMatrix {
       1.000000, 0.000000, 0.000000, 0.000000,
       0.000000, 1.000000, 0.000000, 0.000000,
       0.000000, 0.000000, 1.000000, 0.000000,
       3.611959,-0.400620,-1.519396, 1.000000;;
    }
    Frame Armature_Bone {
      FrameTransformMatrix {
         0.007962,-0.000000,-0.999968, 0.000000,
         0.999968, 0.000000, 0.007962, 0.000000,
         0.000000,-1.000000, 0.000000, 0.000000,
        -4.493026, 0.364203, 2.323845, 1.000000;;
      }
      Frame Armature_Bone_003 {
        FrameTransformMatrix {
           0.000000,-0.000000, 1.000000, 0.000000,
          -0.369874, 0.929082, 0.000000, 0.000000,
          -0.929082,-0.369874, 0.000000, 0.000000,
           0.000000, 0.907098, 0.000000, 1.000000;;
        }
        Frame Armature_Bone_004 {
          FrameTransformMatrix {
             1.000000,-0.000000,-0.000000, 0.000000,
            -0.000000, 0.926108,-0.377260, 0.000000,
             0.000000, 0.377260, 0.926108, 0.000000,
             0.000000, 0.880777,-0.000000, 1.000000;;
          }
          Frame Armature_Bone_005 {
            FrameTransformMatrix {
               0.997979, 0.063456,-0.003496, 0.000000,
              -0.063488, 0.992999,-0.099615, 0.000000,
              -0.002850, 0.099635, 0.995020, 0.000000,
               0.000000, 0.170777, 0.000000, 1.000000;;
            }
            Frame Armature_Bone_007 {
              FrameTransformMatrix {
                 0.441372, 0.859998,-0.256114, 0.000000,
                -0.731100, 0.510139, 0.453046, 0.000000,
                 0.520273,-0.012717, 0.853905, 0.000000,
                 0.000000, 0.630581,-0.000000, 1.000000;;
              }
              Frame Armature_Bone_014 {
                FrameTransformMatrix {
                   0.777400, 0.329299, 0.535921, 0.000000,
                  -0.084672, 0.899043,-0.429596, 0.000000,
                  -0.623282, 0.288591, 0.726798, 0.000000,
                   0.000000, 0.857628,-0.000000, 1.000000;;
                }
                Frame Armature_Bone_015 {
                  FrameTransformMatrix {
                     0.663141,-0.748495,-0.000000, 0.000000,
                     0.748495, 0.663141,-0.000000, 0.000000,
                     0.000000,-0.000000, 1.000000, 0.000000,
                    -0.000000, 0.963519,-0.000000, 1.000000;;
                  }
                } // End of Armature_Bone_015
              } // End of Armature_Bone_014
            } // End of Armature_Bone_007
            Frame Armature_Bone_008 {
              FrameTransformMatrix {
                 0.423203, 0.871533, 0.247648, 0.000000,
                -0.789537, 0.488824,-0.371056, 0.000000,
                -0.444444,-0.038495, 0.894979, 0.000000,
                 0.000000, 0.630581,-0.000000, 1.000000;;
              }
              Frame Armature_Bone_013 {
                FrameTransformMatrix {
                   0.415666,-0.793620,-0.444285, 0.000000,
                   0.877712, 0.478066,-0.032788, 0.000000,
                   0.238419,-0.376325, 0.895285, 0.000000,
                   0.000000, 0.636833,-0.000000, 1.000000;;
                }
              } // End of Armature_Bone_013
            } // End of Armature_Bone_008
            Frame Armature_Bone_009 {
              FrameTransformMatrix {
                 0.517749,-0.814053,-0.263162, 0.000000,
                 0.719744, 0.580742,-0.380404, 0.000000,
                 0.462498, 0.007545, 0.886588, 0.000000,
                 0.000000, 0.630581,-0.000000, 1.000000;;
              }
              Frame Armature_Bone_012 {
                FrameTransformMatrix {
                   0.540776, 0.702873, 0.462094, 0.000000,
                  -0.798941, 0.601051, 0.020744, 0.000000,
                  -0.263162,-0.380405, 0.886588, 0.000000,
                   0.000000, 0.601285, 0.000000, 1.000000;;
                }
              } // End of Armature_Bone_012
            } // End of Armature_Bone_009
            Frame Armature_Bone_011 {
              FrameTransformMatrix {
                -0.477753, 0.832607,-0.280208, 0.000000,
                 0.672779, 0.551875, 0.492750, 0.000000,
                 0.564907, 0.046895,-0.823821, 0.000000,
                 0.000000, 0.630581,-0.000000, 1.000000;;
              }
              Frame Armature_Bone_016 {
                FrameTransformMatrix {
                  -0.993036,-0.117515,-0.008384, 0.000000,
                  -0.090929, 0.719238, 0.688788, 0.000000,
                  -0.074913, 0.684753,-0.724915, 0.000000,
                   0.000000, 0.803510, 0.000000, 1.000000;;
                }
                Frame Armature_Bone_017 {
                  FrameTransformMatrix {
                     0.736158, 0.676809,-0.000000, 0.000000,
                    -0.676809, 0.736158, 0.000000, 0.000000,
                     0.000000,-0.000000, 1.000000, 0.000000,
                     0.000000, 0.965939,-0.000000, 1.000000;;
                  }
                } // End of Armature_Bone_017
              } // End of Armature_Bone_016
            } // End of Armature_Bone_011
          } // End of Armature_Bone_005
        } // End of Armature_Bone_004
      } // End of Armature_Bone_003
      Frame Armature_Bone_018 {
        FrameTransformMatrix {
           0.004796, 0.602401,-0.798180, 0.000000,
          -0.006355,-0.798154,-0.602420, 0.000000,
          -0.999969, 0.007962,-0.000000, 0.000000,
           0.000000, 0.907098, 0.000000, 1.000000;;
        }
        Frame Armature_Bone_025 {
          FrameTransformMatrix {
             0.946356,-0.323120,-0.002030, 0.000000,
             0.301464, 0.885157,-0.354425, 0.000000,
             0.116319, 0.334800, 0.935082, 0.000000,
             0.000000, 0.755956, 0.000000, 1.000000;;
          }
          Frame Armature_Bone_029 {
            FrameTransformMatrix {
               0.993023,-0.046970, 0.108160, 0.000000,
              -0.048814, 0.671217, 0.739651, 0.000000,
              -0.107340,-0.739771, 0.664242, 0.000000,
              -0.000000, 0.632281,-0.000000, 1.000000;;
            }
            Frame Armature_Bone_033 {
              FrameTransformMatrix {
                 0.962100,-0.116248,-0.246678, 0.000000,
                -0.168600, 0.457404,-0.873130, 0.000000,
                 0.214331, 0.881628, 0.420469, 0.000000,
                -0.000000, 1.456445,-0.000000, 1.000000;;
              }
            } // End of Armature_Bone_033
          } // End of Armature_Bone_029
        } // End of Armature_Bone_025
      } // End of Armature_Bone_018
      Frame Armature_Bone_019 {
        FrameTransformMatrix {
           0.007909, 0.993293,-0.115353, 0.000000,
          -0.000919,-0.115349,-0.993325, 0.000000,
          -0.999968, 0.007962,-0.000000, 0.000000,
           0.000000, 0.907098, 0.000000, 1.000000;;
        }
        Frame Armature_Bone_026 {
          FrameTransformMatrix {
             0.900878,-0.429574,-0.062332, 0.000000,
             0.415904, 0.895334,-0.159378, 0.000000,
             0.124273, 0.117656, 0.985248, 0.000000,
            -0.000000, 0.475866, 0.000000, 1.000000;;
          }
          Frame Armature_Bone_030 {
            FrameTransformMatrix {
               0.998200, 0.024088,-0.054931, 0.000000,
               0.034151, 0.524626, 0.850647, 0.000000,
               0.049308,-0.850992, 0.522859, 0.000000,
               0.000000, 0.632281,-0.000000, 1.000000;;
            }
            Frame Armature_Bone_034 {
              FrameTransformMatrix {
                 0.995605, 0.054565, 0.076110, 0.000000,
                 0.066294, 0.163382,-0.984333, 0.000000,
                -0.066145, 0.985053, 0.159047, 0.000000,
                -0.000000, 1.456446,-0.000000, 1.000000;;
              }
            } // End of Armature_Bone_034
          } // End of Armature_Bone_030
        } // End of Armature_Bone_026
      } // End of Armature_Bone_019
      Frame Armature_Bone_020 {
        FrameTransformMatrix {
           0.004959, 0.622742, 0.782412, 0.000000,
           0.006230, 0.782387,-0.622761, 0.000000,
          -0.999968, 0.007962, 0.000000, 0.000000,
           0.000000, 0.907098, 0.000000, 1.000000;;
        }
        Frame Armature_Bone_027 {
          FrameTransformMatrix {
             0.970441, 0.241339,-0.000000, 0.000000,
            -0.227827, 0.916108,-0.329909, 0.000000,
            -0.079620, 0.320157, 0.944013, 0.000000,
            -0.000000, 0.709056, 0.000000, 1.000000;;
          }
          Frame Armature_Bone_031 {
            FrameTransformMatrix {
               0.999680, 0.008884,-0.023706, 0.000000,
               0.013738, 0.596171, 0.802740, 0.000000,
               0.021264,-0.802808, 0.595858, 0.000000,
               0.000000, 0.632281, 0.000000, 1.000000;;
            }
            Frame Armature_Bone_035 {
              FrameTransformMatrix {
                 0.997517,-0.006056, 0.070161, 0.000000,
                 0.069801, 0.217047,-0.973662, 0.000000,
                -0.009332, 0.976142, 0.216931, 0.000000,
                 0.000000, 1.456446,-0.000000, 1.000000;;
              }
            } // End of Armature_Bone_035
          } // End of Armature_Bone_031
        } // End of Armature_Bone_027
      } // End of Armature_Bone_020
      Frame Armature_Bone_021 {
        FrameTransformMatrix {
          -0.004221,-0.530092,-0.847929, 0.000000,
          -0.006751,-0.847902, 0.530109, 0.000000,
          -0.999968, 0.007962, 0.000000, 0.000000,
           0.000000, 0.907098, 0.000000, 1.000000;;
        }
        Frame Armature_Bone_037 {
          FrameTransformMatrix {
             0.639920, 0.768193,-0.019565, 0.000000,
            -0.750314, 0.619124,-0.231765, 0.000000,
            -0.165927, 0.162990, 0.972575, 0.000000,
             0.000000, 0.717961,-0.000000, 1.000000;;
          }
          Frame Armature_Bone_040 {
            FrameTransformMatrix {
               0.999672, 0.010296,-0.023443, 0.000000,
               0.016615, 0.435778, 0.899901, 0.000000,
               0.019481,-0.899995, 0.435464, 0.000000,
               0.000000, 0.593971, 0.000000, 1.000000;;
            }
            Frame Armature_Bone_043 {
              FrameTransformMatrix {
                 0.999215, 0.031067, 0.024584, 0.000000,
                 0.017489, 0.210902,-0.977351, 0.000000,
                -0.035548, 0.977013, 0.210194, 0.000000,
                 0.000000, 1.542969, 0.000000, 1.000000;;
              }
            } // End of Armature_Bone_043
          } // End of Armature_Bone_040
        } // End of Armature_Bone_037
      } // End of Armature_Bone_021
      Frame Armature_Bone_022 {
        FrameTransformMatrix {
          -0.007873,-0.988778,-0.149183, 0.000000,
          -0.001188,-0.149178, 0.988809, 0.000000,
          -0.999968, 0.007962, 0.000000, 0.000000,
           0.000000, 0.907098, 0.000000, 1.000000;;
        }
        Frame Armature_Bone_038 {
          FrameTransformMatrix {
             0.933855, 0.357651,-0.000020, 0.000000,
            -0.314031, 0.819934,-0.478637, 0.000000,
            -0.171168, 0.446984, 0.878013, 0.000000,
            -0.000000, 0.416182, 0.000000, 1.000000;;
          }
          Frame Armature_Bone_041 {
            FrameTransformMatrix {
               0.996439,-0.068821, 0.048708, 0.000000,
              -0.006570, 0.512558, 0.858627, 0.000000,
              -0.084057,-0.855890, 0.510281, 0.000000,
              -0.000000, 0.593971,-0.000000, 1.000000;;
            }
            Frame Armature_Bone_044 {
              FrameTransformMatrix {
                 0.994731,-0.050405,-0.089275, 0.000000,
                -0.067397, 0.334678,-0.939920, 0.000000,
                 0.077254, 0.940984, 0.329517, 0.000000,
                -0.000000, 1.542969, 0.000000, 1.000000;;
              }
            } // End of Armature_Bone_044
          } // End of Armature_Bone_041
        } // End of Armature_Bone_038
      } // End of Armature_Bone_022
      Frame Armature_Bone_023 {
        FrameTransformMatrix {
          -0.004640,-0.582742, 0.812644, 0.000000,
           0.006470, 0.812618, 0.582760, 0.000000,
          -0.999968, 0.007962, 0.000000, 0.000000,
           0.000000, 0.907098, 0.000000, 1.000000;;
        }
        Frame Armature_Bone_039 {
          FrameTransformMatrix {
             0.958474, 0.096504,-0.268356, 0.000000,
            -0.134233, 0.982911,-0.125963, 0.000000,
             0.251614, 0.156755, 0.955049, 0.000000,
             0.000000, 0.675156,-0.000000, 1.000000;;
          }
          Frame Armature_Bone_042 {
            FrameTransformMatrix {
               0.989582,-0.046810, 0.136148, 0.000000,
              -0.068545, 0.678419, 0.731471, 0.000000,
              -0.126605,-0.733183, 0.668142, 0.000000,
              -0.000000, 0.593971, 0.000000, 1.000000;;
            }
            Frame Armature_Bone_045 {
              FrameTransformMatrix {
                 0.994628,-0.062210,-0.082736, 0.000000,
                -0.026376, 0.620580,-0.783700, 0.000000,
                 0.100098, 0.781672, 0.615605, 0.000000,
                -0.000000, 1.542969, 0.000000, 1.000000;;
              }
            } // End of Armature_Bone_045
          } // End of Armature_Bone_042
        } // End of Armature_Bone_039
      } // End of Armature_Bone_023
    } // End of Armature_Bone
    Frame Armature_Bone_001 {
      FrameTransformMatrix {
         0.000000, 1.000000, 0.000000, 0.000000,
        -1.000000, 0.000000, 0.000000, 0.000000,
         0.000000, 0.000000, 1.000000, 0.000000,
        -4.493026, 0.364203, 2.323845, 1.000000;;
      }
      Frame Armature_Bone_002 {
        FrameTransformMatrix {
           1.000000, 0.000000,-0.000000, 0.000000,
          -0.000000, 0.937999, 0.346640, 0.000000,
           0.000000,-0.346640, 0.937998, 0.000000,
           0.000000, 0.182655, 0.000000, 1.000000;;
        }
      } // End of Armature_Bone_002
    } // End of Armature_Bone_001
    Frame Cube {
      FrameTransformMatrix {
         0.867575, 0.000000, 0.000000, 0.000000,
         0.000000, 0.462719, 0.000000, 0.000000,
         0.000000, 0.000000, 0.345554, 0.000000,
        -3.619888, 0.400620, 1.519396, 1.000000;;
      }
      Mesh { // Cube mesh
        696;
         0.035552;-5.517872;-0.616787;,
         0.035552;-10.194798;-0.616787;,
        -0.114650;-10.194798;-0.616787;,
        -0.114650;-5.517870;-0.616787;,
         0.035552;-5.517873;-0.232592;,
        -0.114650;-5.517871;-0.232592;,
        -0.114650;-10.194798;-0.232592;,
         0.035552;-10.194799;-0.232592;,
         0.035552;-5.517872;-0.616787;,
         0.035552;-5.517873;-0.232592;,
         0.035552;-10.194799;-0.232592;,
         0.035552;-10.194798;-0.616787;,
         0.035552;-10.194798;-0.616787;,
         0.035552;-10.194799;-0.232592;,
        -0.114650;-10.194798;-0.232592;,
        -0.114650;-10.194798;-0.616787;,
        -0.114650;-10.194798;-0.616787;,
        -0.114650;-10.194798;-0.232592;,
        -0.114650;-5.517871;-0.232592;,
        -0.114650;-5.517870;-0.616787;,
         0.035552;-5.517873;-0.232592;,
         0.035552;-5.517872;-0.616787;,
        -0.114650;-5.517870;-0.616787;,
        -0.114650;-5.517871;-0.232592;,
         0.024026;10.195251;-0.586748;,
         0.024026; 5.518324;-0.586748;,
        -0.103123; 5.518324;-0.586748;,
        -0.103123;10.195251;-0.586748;,
         0.024026;10.195250;-0.262631;,
        -0.103123;10.195251;-0.262631;,
        -0.103123; 5.518325;-0.262631;,
         0.024026; 5.518322;-0.262631;,
         0.024026;10.195251;-0.586748;,
         0.024026;10.195250;-0.262631;,
         0.024026; 5.518322;-0.262631;,
         0.024026; 5.518324;-0.586748;,
         0.024026; 5.518324;-0.586748;,
         0.024026; 5.518322;-0.262631;,
        -0.103123; 5.518325;-0.262631;,
        -0.103123; 5.518324;-0.586748;,
        -0.103123; 5.518324;-0.586748;,
        -0.103123; 5.518325;-0.262631;,
        -0.103123;10.195251;-0.262631;,
        -0.103123;10.195251;-0.586748;,
         0.024026;10.195250;-0.262631;,
         0.024026;10.195251;-0.586748;,
        -0.103123;10.195251;-0.586748;,
        -0.103123;10.195251;-0.262631;,
         0.047079; 5.510541;-0.645726;,
         0.047079; 2.226336;-0.645726;,
        -0.126176; 2.226337;-0.645726;,
        -0.126176; 5.510541;-0.645726;,
         0.047079; 5.510540;-0.203653;,
        -0.126176; 5.510541;-0.203653;,
        -0.126176; 2.226337;-0.203653;,
         0.047079; 2.226336;-0.203653;,
         0.047079; 5.510541;-0.645726;,
         0.047079; 5.510540;-0.203653;,
         0.047079; 2.226336;-0.203653;,
         0.047079; 2.226336;-0.645726;,
         0.047079; 2.226336;-0.645726;,
         0.047079; 2.226336;-0.203653;,
        -0.126176; 2.226337;-0.203653;,
        -0.126176; 2.226337;-0.645726;,
        -0.126176; 2.226337;-0.645726;,
        -0.126176; 2.226337;-0.203653;,
        -0.126176; 5.510541;-0.203653;,
        -0.126176; 5.510541;-0.645726;,
         0.047079; 5.510540;-0.203653;,
         0.047079; 5.510541;-0.645726;,
        -0.126176; 5.510541;-0.645726;,
        -0.126176; 5.510541;-0.203653;,
         0.046478;-2.219641;-0.645726;,
         0.046478;-5.503845;-0.645726;,
        -0.126777;-5.503845;-0.645726;,
        -0.126777;-2.219640;-0.645726;,
         0.046478;-2.219641;-0.203653;,
        -0.126777;-2.219640;-0.203653;,
        -0.126777;-5.503844;-0.203653;,
         0.046478;-5.503846;-0.203653;,
         0.046478;-2.219641;-0.645726;,
         0.046478;-2.219641;-0.203653;,
         0.046478;-5.503846;-0.203653;,
         0.046478;-5.503845;-0.645726;,
         0.046478;-5.503845;-0.645726;,
         0.046478;-5.503846;-0.203653;,
        -0.126777;-5.503844;-0.203653;,
        -0.126777;-5.503845;-0.645726;,
        -0.126777;-5.503845;-0.645726;,
        -0.126777;-5.503844;-0.203653;,
        -0.126777;-2.219640;-0.203653;,
        -0.126777;-2.219640;-0.645726;,
         0.046478;-2.219641;-0.203653;,
         0.046478;-2.219641;-0.645726;,
        -0.126777;-2.219640;-0.645726;,
        -0.126777;-2.219640;-0.203653;,
         0.092583;-1.028141;-0.761482;,
         0.092583;-2.203372;-0.761482;,
        -0.172883;-2.203372;-0.761482;,
        -0.172883;-1.028141;-0.761482;,
         0.092583;-1.028142;-0.087897;,
        -0.172883;-1.028141;-0.087897;,
        -0.172883;-2.203372;-0.087897;,
         0.092583;-2.203372;-0.087897;,
         0.092583;-1.028141;-0.761482;,
         0.092583;-1.028142;-0.087897;,
         0.092583;-2.203372;-0.087897;,
         0.092583;-2.203372;-0.761482;,
         0.092583;-2.203372;-0.761482;,
         0.092583;-2.203372;-0.087897;,
        -0.172883;-2.203372;-0.087897;,
        -0.172883;-2.203372;-0.761482;,
        -0.172883;-2.203372;-0.761482;,
        -0.172883;-2.203372;-0.087897;,
        -0.172883;-1.028141;-0.087897;,
        -0.172883;-1.028141;-0.761482;,
         0.092583;-1.028142;-0.087897;,
         0.092583;-1.028141;-0.761482;,
        -0.172883;-1.028141;-0.761482;,
        -0.172883;-1.028141;-0.087897;,
         0.092583; 2.205010;-0.761482;,
         0.092583; 1.029779;-0.761482;,
        -0.172883; 1.029780;-0.761482;,
        -0.172883; 2.205010;-0.761482;,
         0.092583; 2.205010;-0.087897;,
        -0.172883; 2.205010;-0.087897;,
        -0.172883; 1.029780;-0.087897;,
         0.092583; 1.029779;-0.087897;,
         0.092583; 2.205010;-0.761482;,
         0.092583; 2.205010;-0.087897;,
         0.092583; 1.029779;-0.087897;,
         0.092583; 1.029779;-0.761482;,
         0.092583; 1.029779;-0.761482;,
         0.092583; 1.029779;-0.087897;,
        -0.172883; 1.029780;-0.087897;,
        -0.172883; 1.029780;-0.761482;,
        -0.172883; 1.029780;-0.761482;,
        -0.172883; 1.029780;-0.087897;,
        -0.172883; 2.205010;-0.087897;,
        -0.172883; 2.205010;-0.761482;,
         0.092583; 2.205010;-0.087897;,
         0.092583; 2.205010;-0.761482;,
        -0.172883; 2.205010;-0.761482;,
        -0.172883; 2.205010;-0.087897;,
         0.772737; 2.205010;-0.761482;,
         0.772737; 1.029779;-0.761482;,
         0.507271; 1.029780;-0.761482;,
         0.507271; 2.205010;-0.761482;,
         0.772737; 2.205010;-0.087897;,
         0.507271; 2.205010;-0.087897;,
         0.507271; 1.029780;-0.087897;,
         0.772737; 1.029779;-0.087897;,
         0.772737; 2.205010;-0.761482;,
         0.772737; 2.205010;-0.087897;,
         0.772737; 1.029779;-0.087897;,
         0.772737; 1.029779;-0.761482;,
         0.772737; 1.029779;-0.761482;,
         0.772737; 1.029779;-0.087897;,
         0.507271; 1.029780;-0.087897;,
         0.507271; 1.029780;-0.761482;,
         0.507271; 1.029780;-0.761482;,
         0.507271; 1.029780;-0.087897;,
         0.507271; 2.205010;-0.087897;,
         0.507271; 2.205010;-0.761482;,
         0.772737; 2.205010;-0.087897;,
         0.772737; 2.205010;-0.761482;,
         0.507271; 2.205010;-0.761482;,
         0.507271; 2.205010;-0.087897;,
         0.772737;-1.028141;-0.761482;,
         0.772737;-2.203372;-0.761482;,
         0.507271;-2.203372;-0.761482;,
         0.507271;-1.028141;-0.761482;,
         0.772737;-1.028142;-0.087897;,
         0.507271;-1.028141;-0.087897;,
         0.507271;-2.203372;-0.087897;,
         0.772737;-2.203372;-0.087897;,
         0.772737;-1.028141;-0.761482;,
         0.772737;-1.028142;-0.087897;,
         0.772737;-2.203372;-0.087897;,
         0.772737;-2.203372;-0.761482;,
         0.772737;-2.203372;-0.761482;,
         0.772737;-2.203372;-0.087897;,
         0.507271;-2.203372;-0.087897;,
         0.507271;-2.203372;-0.761482;,
         0.507271;-2.203372;-0.761482;,
         0.507271;-2.203372;-0.087897;,
         0.507271;-1.028141;-0.087897;,
         0.507271;-1.028141;-0.761482;,
         0.772737;-1.028142;-0.087897;,
         0.772737;-1.028141;-0.761482;,
         0.507271;-1.028141;-0.761482;,
         0.507271;-1.028141;-0.087897;,
         0.726631;-2.219641;-0.645726;,
         0.726631;-5.503845;-0.645726;,
         0.553376;-5.503845;-0.645726;,
         0.553376;-2.219640;-0.645726;,
         0.726631;-2.219641;-0.203653;,
         0.553376;-2.219640;-0.203653;,
         0.553376;-5.503844;-0.203653;,
         0.726631;-5.503846;-0.203653;,
         0.726631;-2.219641;-0.645726;,
         0.726631;-2.219641;-0.203653;,
         0.726631;-5.503846;-0.203653;,
         0.726631;-5.503845;-0.645726;,
         0.726631;-5.503845;-0.645726;,
         0.726631;-5.503846;-0.203653;,
         0.553376;-5.503844;-0.203653;,
         0.553376;-5.503845;-0.645726;,
         0.553376;-5.503845;-0.645726;,
         0.553376;-5.503844;-0.203653;,
         0.553376;-2.219640;-0.203653;,
         0.553376;-2.219640;-0.645726;,
         0.726631;-2.219641;-0.203653;,
         0.726631;-2.219641;-0.645726;,
         0.553376;-2.219640;-0.645726;,
         0.553376;-2.219640;-0.203653;,
         0.727232; 5.510541;-0.645726;,
         0.727232; 2.226336;-0.645726;,
         0.553977; 2.226337;-0.645726;,
         0.553977; 5.510541;-0.645726;,
         0.727232; 5.510540;-0.203653;,
         0.553977; 5.510541;-0.203653;,
         0.553977; 2.226337;-0.203653;,
         0.727232; 2.226336;-0.203653;,
         0.727232; 5.510541;-0.645726;,
         0.727232; 5.510540;-0.203653;,
         0.727232; 2.226336;-0.203653;,
         0.727232; 2.226336;-0.645726;,
         0.727232; 2.226336;-0.645726;,
         0.727232; 2.226336;-0.203653;,
         0.553977; 2.226337;-0.203653;,
         0.553977; 2.226337;-0.645726;,
         0.553977; 2.226337;-0.645726;,
         0.553977; 2.226337;-0.203653;,
         0.553977; 5.510541;-0.203653;,
         0.553977; 5.510541;-0.645726;,
         0.727232; 5.510540;-0.203653;,
         0.727232; 5.510541;-0.645726;,
         0.553977; 5.510541;-0.645726;,
         0.553977; 5.510541;-0.203653;,
         0.704179;10.195251;-0.586748;,
         0.704179; 5.518324;-0.586748;,
         0.577030; 5.518324;-0.586748;,
         0.577030;10.195251;-0.586748;,
         0.704179;10.195250;-0.262631;,
         0.577030;10.195251;-0.262631;,
         0.577030; 5.518325;-0.262631;,
         0.704179; 5.518322;-0.262631;,
         0.704179;10.195251;-0.586748;,
         0.704179;10.195250;-0.262631;,
         0.704179; 5.518322;-0.262631;,
         0.704179; 5.518324;-0.586748;,
         0.704179; 5.518324;-0.586748;,
         0.704179; 5.518322;-0.262631;,
         0.577030; 5.518325;-0.262631;,
         0.577030; 5.518324;-0.586748;,
         0.577030; 5.518324;-0.586748;,
         0.577030; 5.518325;-0.262631;,
         0.577030;10.195251;-0.262631;,
         0.577030;10.195251;-0.586748;,
         0.704179;10.195250;-0.262631;,
         0.704179;10.195251;-0.586748;,
         0.577030;10.195251;-0.586748;,
         0.577030;10.195251;-0.262631;,
         0.715706;-5.517872;-0.616787;,
         0.715706;-10.194798;-0.616787;,
         0.565504;-10.194798;-0.616787;,
         0.565504;-5.517870;-0.616787;,
         0.715706;-5.517873;-0.232592;,
         0.565504;-5.517871;-0.232592;,
         0.565504;-10.194798;-0.232592;,
         0.715706;-10.194799;-0.232592;,
         0.715706;-5.517872;-0.616787;,
         0.715706;-5.517873;-0.232592;,
         0.715706;-10.194799;-0.232592;,
         0.715706;-10.194798;-0.616787;,
         0.715706;-10.194798;-0.616787;,
         0.715706;-10.194799;-0.232592;,
         0.565504;-10.194798;-0.232592;,
         0.565504;-10.194798;-0.616787;,
         0.565504;-10.194798;-0.616787;,
         0.565504;-10.194798;-0.232592;,
         0.565504;-5.517871;-0.232592;,
         0.565504;-5.517870;-0.616787;,
         0.715706;-5.517873;-0.232592;,
         0.715706;-5.517872;-0.616787;,
         0.565504;-5.517870;-0.616787;,
         0.565504;-5.517871;-0.232592;,
         4.695732; 1.326513; 1.516004;,
         4.695732; 1.201505; 1.516004;,
         3.527254; 1.201505; 1.516004;,
         3.527255; 1.326513; 1.516004;,
         4.695732; 1.326513; 1.687906;,
         3.527254; 1.326513; 1.687906;,
         3.527254; 1.201505; 1.687906;,
         4.695732; 1.201505; 1.687906;,
         4.695732; 1.326513; 1.516004;,
         4.695732; 1.326513; 1.687906;,
         4.695732; 1.201505; 1.687906;,
         4.695732; 1.201505; 1.516004;,
         4.695732; 1.201505; 1.516004;,
         4.695732; 1.201505; 1.687906;,
         3.527254; 1.201505; 1.687906;,
         3.527254; 1.201505; 1.516004;,
         3.527254; 1.201505; 1.516004;,
         3.527254; 1.201505; 1.687906;,
         3.527254; 1.326513; 1.687906;,
         3.527255; 1.326513; 1.516004;,
         4.695732; 1.326513; 1.687906;,
         4.695732; 1.326513; 1.516004;,
         3.527255; 1.326513; 1.516004;,
         3.527254; 1.326513; 1.687906;,
         4.701630;-1.176466; 1.516004;,
         4.701630;-1.301473; 1.516004;,
         3.533152;-1.301473; 1.516004;,
         3.533152;-1.176466; 1.516004;,
         4.701630;-1.176466; 1.687906;,
         3.533152;-1.176466; 1.687906;,
         3.533152;-1.301473; 1.687906;,
         4.701629;-1.301473; 1.687906;,
         4.701630;-1.176466; 1.516004;,
         4.701630;-1.176466; 1.687906;,
         4.701629;-1.301473; 1.687906;,
         4.701630;-1.301473; 1.516004;,
         4.701630;-1.301473; 1.516004;,
         4.701629;-1.301473; 1.687906;,
         3.533152;-1.301473; 1.687906;,
         3.533152;-1.301473; 1.516004;,
         3.533152;-1.301473; 1.516004;,
         3.533152;-1.301473; 1.687906;,
         3.533152;-1.176466; 1.687906;,
         3.533152;-1.176466; 1.516004;,
         4.701630;-1.176466; 1.687906;,
         4.701630;-1.176466; 1.516004;,
         3.533152;-1.176466; 1.516004;,
         3.533152;-1.176466; 1.687906;,
         3.518822;-1.176466; 1.516004;,
         3.518822;-1.301473; 1.516004;,
         2.350345;-1.301473; 1.516004;,
         2.350345;-1.176466; 1.516004;,
         3.518823;-1.176466; 1.687906;,
         2.350345;-1.176466; 1.687906;,
         2.350344;-1.301473; 1.687906;,
         3.518822;-1.301473; 1.687906;,
         3.518822;-1.176466; 1.516004;,
         3.518823;-1.176466; 1.687906;,
         3.518822;-1.301473; 1.687906;,
         3.518822;-1.301473; 1.516004;,
         3.518822;-1.301473; 1.516004;,
         3.518822;-1.301473; 1.687906;,
         2.350344;-1.301473; 1.687906;,
         2.350345;-1.301473; 1.516004;,
         2.350345;-1.301473; 1.516004;,
         2.350344;-1.301473; 1.687906;,
         2.350345;-1.176466; 1.687906;,
         2.350345;-1.176466; 1.516004;,
         3.518823;-1.176466; 1.687906;,
         3.518822;-1.176466; 1.516004;,
         2.350345;-1.176466; 1.516004;,
         2.350345;-1.176466; 1.687906;,
         3.518822; 1.326513; 1.516004;,
         3.518822; 1.201505; 1.516004;,
         2.350345; 1.201505; 1.516004;,
         2.350345; 1.326513; 1.516004;,
         3.518823; 1.326513; 1.687906;,
         2.350345; 1.326513; 1.687906;,
         2.350344; 1.201505; 1.687906;,
         3.518822; 1.201505; 1.687906;,
         3.518822; 1.326513; 1.516004;,
         3.518823; 1.326513; 1.687906;,
         3.518822; 1.201505; 1.687906;,
         3.518822; 1.201505; 1.516004;,
         3.518822; 1.201505; 1.516004;,
         3.518822; 1.201505; 1.687906;,
         2.350344; 1.201505; 1.687906;,
         2.350345; 1.201505; 1.516004;,
         2.350345; 1.201505; 1.516004;,
         2.350344; 1.201505; 1.687906;,
         2.350345; 1.326513; 1.687906;,
         2.350345; 1.326513; 1.516004;,
         3.518823; 1.326513; 1.687906;,
         3.518822; 1.326513; 1.516004;,
         2.350345; 1.326513; 1.516004;,
         2.350345; 1.326513; 1.687906;,
         3.069449; 1.283814;-0.355098;,
         3.069449; 0.729762;-0.355098;,
         2.351277; 0.729762;-0.355098;,
         2.351277; 1.283814;-0.355098;,
         3.069449; 1.283814; 0.022151;,
         2.351277; 1.283814; 0.022151;,
         2.351277; 0.729762; 0.022151;,
         3.069448; 0.729761; 0.022151;,
         3.069449; 1.283814;-0.355098;,
         3.069449; 1.283814; 0.022151;,
         3.069448; 0.729761; 0.022151;,
         3.069449; 0.729762;-0.355098;,
         3.069449; 0.729762;-0.355098;,
         3.069448; 0.729761; 0.022151;,
         2.351277; 0.729762; 0.022151;,
         2.351277; 0.729762;-0.355098;,
         2.351277; 0.729762;-0.355098;,
         2.351277; 0.729762; 0.022151;,
         2.351277; 1.283814; 0.022151;,
         2.351277; 1.283814;-0.355098;,
         3.069449; 1.283814; 0.022151;,
         3.069449; 1.283814;-0.355098;,
         2.351277; 1.283814;-0.355098;,
         2.351277; 1.283814; 0.022151;,
        -0.598827;-5.517872;-0.616787;,
        -0.598827;-10.194798;-0.616787;,
        -0.749029;-10.194798;-0.616787;,
        -0.749029;-5.517870;-0.616787;,
        -0.598827;-5.517873;-0.232592;,
        -0.749029;-5.517871;-0.232592;,
        -0.749029;-10.194798;-0.232592;,
        -0.598827;-10.194799;-0.232592;,
        -0.598827;-5.517872;-0.616787;,
        -0.598827;-5.517873;-0.232592;,
        -0.598827;-10.194799;-0.232592;,
        -0.598827;-10.194798;-0.616787;,
        -0.598827;-10.194798;-0.616787;,
        -0.598827;-10.194799;-0.232592;,
        -0.749029;-10.194798;-0.232592;,
        -0.749029;-10.194798;-0.616787;,
        -0.749029;-10.194798;-0.616787;,
        -0.749029;-10.194798;-0.232592;,
        -0.749029;-5.517871;-0.232592;,
        -0.749029;-5.517870;-0.616787;,
        -0.598827;-5.517873;-0.232592;,
        -0.598827;-5.517872;-0.616787;,
        -0.749029;-5.517870;-0.616787;,
        -0.749029;-5.517871;-0.232592;,
        -0.610354;10.195251;-0.586748;,
        -0.610354; 5.518324;-0.586748;,
        -0.737503; 5.518324;-0.586748;,
        -0.737503;10.195251;-0.586748;,
        -0.610354;10.195250;-0.262631;,
        -0.737503;10.195251;-0.262631;,
        -0.737503; 5.518325;-0.262631;,
        -0.610354; 5.518322;-0.262631;,
        -0.610354;10.195251;-0.586748;,
        -0.610354;10.195250;-0.262631;,
        -0.610354; 5.518322;-0.262631;,
        -0.610354; 5.518324;-0.586748;,
        -0.610354; 5.518324;-0.586748;,
        -0.610354; 5.518322;-0.262631;,
        -0.737503; 5.518325;-0.262631;,
        -0.737503; 5.518324;-0.586748;,
        -0.737503; 5.518324;-0.586748;,
        -0.737503; 5.518325;-0.262631;,
        -0.737503;10.195251;-0.262631;,
        -0.737503;10.195251;-0.586748;,
        -0.610354;10.195250;-0.262631;,
        -0.610354;10.195251;-0.586748;,
        -0.737503;10.195251;-0.586748;,
        -0.737503;10.195251;-0.262631;,
        -0.587301; 5.510541;-0.645726;,
        -0.587301; 2.226336;-0.645726;,
        -0.760556; 2.226337;-0.645726;,
        -0.760556; 5.510541;-0.645726;,
        -0.587301; 5.510540;-0.203653;,
        -0.760556; 5.510541;-0.203653;,
        -0.760556; 2.226337;-0.203653;,
        -0.587301; 2.226336;-0.203653;,
        -0.587301; 5.510541;-0.645726;,
        -0.587301; 5.510540;-0.203653;,
        -0.587301; 2.226336;-0.203653;,
        -0.587301; 2.226336;-0.645726;,
        -0.587301; 2.226336;-0.645726;,
        -0.587301; 2.226336;-0.203653;,
        -0.760556; 2.226337;-0.203653;,
        -0.760556; 2.226337;-0.645726;,
        -0.760556; 2.226337;-0.645726;,
        -0.760556; 2.226337;-0.203653;,
        -0.760556; 5.510541;-0.203653;,
        -0.760556; 5.510541;-0.645726;,
        -0.587301; 5.510540;-0.203653;,
        -0.587301; 5.510541;-0.645726;,
        -0.760556; 5.510541;-0.645726;,
        -0.760556; 5.510541;-0.203653;,
        -0.587902;-2.219641;-0.645726;,
        -0.587902;-5.503845;-0.645726;,
        -0.761157;-5.503845;-0.645726;,
        -0.761157;-2.219640;-0.645726;,
        -0.587902;-2.219641;-0.203653;,
        -0.761157;-2.219640;-0.203653;,
        -0.761157;-5.503844;-0.203653;,
        -0.587902;-5.503846;-0.203653;,
        -0.587902;-2.219641;-0.645726;,
        -0.587902;-2.219641;-0.203653;,
        -0.587902;-5.503846;-0.203653;,
        -0.587902;-5.503845;-0.645726;,
        -0.587902;-5.503845;-0.645726;,
        -0.587902;-5.503846;-0.203653;,
        -0.761157;-5.503844;-0.203653;,
        -0.761157;-5.503845;-0.645726;,
        -0.761157;-5.503845;-0.645726;,
        -0.761157;-5.503844;-0.203653;,
        -0.761157;-2.219640;-0.203653;,
        -0.761157;-2.219640;-0.645726;,
        -0.587902;-2.219641;-0.203653;,
        -0.587902;-2.219641;-0.645726;,
        -0.761157;-2.219640;-0.645726;,
        -0.761157;-2.219640;-0.203653;,
        -0.541796;-1.028141;-0.761482;,
        -0.541796;-2.203372;-0.761482;,
        -0.807262;-2.203372;-0.761482;,
        -0.807262;-1.028141;-0.761482;,
        -0.541796;-1.028142;-0.087897;,
        -0.807262;-1.028141;-0.087897;,
        -0.807262;-2.203372;-0.087897;,
        -0.541796;-2.203372;-0.087897;,
        -0.541796;-1.028141;-0.761482;,
        -0.541796;-1.028142;-0.087897;,
        -0.541796;-2.203372;-0.087897;,
        -0.541796;-2.203372;-0.761482;,
        -0.541796;-2.203372;-0.761482;,
        -0.541796;-2.203372;-0.087897;,
        -0.807262;-2.203372;-0.087897;,
        -0.807262;-2.203372;-0.761482;,
        -0.807262;-2.203372;-0.761482;,
        -0.807262;-2.203372;-0.087897;,
        -0.807262;-1.028141;-0.087897;,
        -0.807262;-1.028141;-0.761482;,
        -0.541796;-1.028142;-0.087897;,
        -0.541796;-1.028141;-0.761482;,
        -0.807262;-1.028141;-0.761482;,
        -0.807262;-1.028141;-0.087897;,
        -0.541796; 2.205010;-0.761482;,
        -0.541796; 1.029779;-0.761482;,
        -0.807262; 1.029780;-0.761482;,
        -0.807262; 2.205010;-0.761482;,
        -0.541796; 2.205010;-0.087897;,
        -0.807262; 2.205010;-0.087897;,
        -0.807262; 1.029780;-0.087897;,
        -0.541796; 1.029779;-0.087897;,
        -0.541796; 2.205010;-0.761482;,
        -0.541796; 2.205010;-0.087897;,
        -0.541796; 1.029779;-0.087897;,
        -0.541796; 1.029779;-0.761482;,
        -0.541796; 1.029779;-0.761482;,
        -0.541796; 1.029779;-0.087897;,
        -0.807262; 1.029780;-0.087897;,
        -0.807262; 1.029780;-0.761482;,
        -0.807262; 1.029780;-0.761482;,
        -0.807262; 1.029780;-0.087897;,
        -0.807262; 2.205010;-0.087897;,
        -0.807262; 2.205010;-0.761482;,
        -0.541796; 2.205010;-0.087897;,
        -0.541796; 2.205010;-0.761482;,
        -0.807262; 2.205010;-0.761482;,
        -0.807262; 2.205010;-0.087897;,
         3.069449;-0.780046;-0.355098;,
         3.069449;-1.334098;-0.355098;,
         2.351277;-1.334098;-0.355098;,
         2.351277;-0.780046;-0.355098;,
         3.069449;-0.780046; 0.022151;,
         2.351277;-0.780046; 0.022151;,
         2.351277;-1.334098; 0.022151;,
         3.069448;-1.334098; 0.022151;,
         3.069449;-0.780046;-0.355098;,
         3.069449;-0.780046; 0.022151;,
         3.069448;-1.334098; 0.022151;,
         3.069449;-1.334098;-0.355098;,
         3.069449;-1.334098;-0.355098;,
         3.069448;-1.334098; 0.022151;,
         2.351277;-1.334098; 0.022151;,
         2.351277;-1.334098;-0.355098;,
         2.351277;-1.334098;-0.355098;,
         2.351277;-1.334098; 0.022151;,
         2.351277;-0.780046; 0.022151;,
         2.351277;-0.780046;-0.355098;,
         3.069449;-0.780046; 0.022151;,
         3.069449;-0.780046;-0.355098;,
         2.351277;-0.780046;-0.355098;,
         2.351277;-0.780046; 0.022151;,
         2.344139; 1.330517;-0.665609;,
         2.344139;-1.330517;-0.665609;,
         1.184825;-1.330517;-0.665609;,
         1.184825; 1.330518;-0.665609;,
         2.344139; 1.330517; 1.697116;,
         1.184825; 1.330517; 1.697116;,
         1.184825;-1.330517; 1.697116;,
         2.344138;-1.330518; 1.697116;,
         2.344139; 1.330517;-0.665609;,
         2.344139; 1.330517; 1.697116;,
         2.344138;-1.330518; 1.697116;,
         2.344139;-1.330517;-0.665609;,
         2.344139;-1.330517;-0.665609;,
         2.344138;-1.330518; 1.697116;,
         1.184825;-1.330517; 1.697116;,
         1.184825;-1.330517;-0.665609;,
         1.184825;-1.330517;-0.665609;,
         1.184825;-1.330517; 1.697116;,
         1.184825; 1.330517; 1.697116;,
         1.184825; 1.330518;-0.665609;,
         2.344139; 1.330517; 1.697116;,
         2.344139; 1.330517;-0.665609;,
         1.184825; 1.330518;-0.665609;,
         1.184825; 1.330517; 1.697116;,
        -1.224001; 1.166097;-1.215763;,
        -1.224001;-1.166097;-1.215763;,
