xof 0303txt 0032

template XSkinMeshHeader {
  <3cf169ce-ff7c-44ab-93c0-f78f62d172e2>
  WORD nMaxSkinWeightsPerVertex;
  WORD nMaxSkinWeightsPerFace;
  WORD nBones;
}

template SkinWeights {
  <6f0d123b-bad2-4167-a0d0-80224f25fabb>
  STRING transformNodeName;
  DWORD nWeights;
  array DWORD vertexIndices[nWeights];
  array float weights[nWeights];
  Matrix4x4 matrixOffset;
}

Frame Root {
  FrameTransformMatrix {
     1.000000, 0.000000, 0.000000, 0.000000,
     0.000000,-0.000000, 1.000000, 0.000000,
     0.000000, 1.000000, 0.000000, 0.000000,
     0.000000, 0.000000, 0.000000, 1.000000;;
  }
  Frame Armature {
    FrameTransformMatrix {
       1.000000, 0.000000, 0.000000, 0.000000,
       0.000000, 1.000000, 0.000000, 0.000000,
       0.000000, 0.000000, 1.000000, 0.000000,
      -0.084619, 0.009196, 3.448560, 1.000000;;
    }
    Frame Armature_torace {
      FrameTransformMatrix {
        -0.138787, 0.000000,-0.990322, 0.000000,
         0.990322, 0.000000,-0.138787, 0.000000,
         0.000000,-1.000000, 0.000000, 0.000000,
         1.095240, 0.000000,-1.023699, 1.000000;;
      }
      Frame Armature__1c {
        FrameTransformMatrix {
           0.054208,-0.028577,-0.998121, 0.000000,
          -0.874861, 0.480484,-0.061271, 0.000000,
           0.481332, 0.876538, 0.001045, 0.000000,
           0.042307, 1.822314,-0.000000, 1.000000;;
        }
      } // End of Armature__1c
      Frame Armature__2b {
        FrameTransformMatrix {
           0.709092,-0.111910,-0.696179, 0.000000,
          -0.704041,-0.166865,-0.690276, 0.000000,
          -0.038919, 0.979608,-0.197112, 0.000000,
           0.029414, 0.877311,-0.329659, 1.000000;;
        }
      } // End of Armature__2b
      Frame Armature__2c {
        FrameTransformMatrix {
          -0.000000,-0.000000,-1.000000, 0.000000,
          -0.987902,-0.155081,-0.000000, 0.000000,
          -0.155081, 0.987902, 0.000000, 0.000000,
           0.029414, 0.877311, 0.000000, 1.000000;;
        }
      } // End of Armature__2c
      Frame Armature__2d {
        FrameTransformMatrix {
          -0.786932, 0.126009,-0.604037, 0.000000,
          -0.616817,-0.186989, 0.764573, 0.000000,
          -0.016606, 0.974247, 0.224872, 0.000000,
           0.029414, 0.877311, 0.393720, 1.000000;;
        }
      } // End of Armature__2d
      Frame Armature_atlante {
        FrameTransformMatrix {
           0.975179,-0.221418,-0.000000, 0.000000,
           0.221418, 0.975179,-0.000000, 0.000000,
           0.000000,-0.000000, 1.000000, 0.000000,
           0.000000, 1.000000, 0.000000, 1.000000;;
        }
        Frame Armature_epistrofeo {
          FrameTransformMatrix {
             0.999616,-0.027695, 0.000000, 0.000000,
             0.027695, 0.999616, 0.000000, 0.000000,
            -0.000000,-0.000000, 1.000000, 0.000000,
            -0.000000, 0.702382,-0.000000, 1.000000;;
          }
          Frame Armature_collo {
            FrameTransformMatrix {
               0.933145, 0.359501, 0.000000, 0.000000,
              -0.359501, 0.933145,-0.000000, 0.000000,
              -0.000000, 0.000000, 1.000000, 0.000000,
               0.000000, 0.524595,-0.000000, 1.000000;;
            }
            Frame Armature_cornino1 {
              FrameTransformMatrix {
                 0.000000,-0.000000,-1.000000, 0.000000,
                -0.963627, 0.267252,-0.000000, 0.000000,
                 0.267252, 0.963627,-0.000000, 0.000000,
                -0.314093, 0.802819, 0.000000, 1.000000;;
              }
              Frame Armature_cornino2 {
                FrameTransformMatrix {
                   1.000000, 0.000000, 0.000000, 0.000000,
                   0.000000, 0.952459,-0.304667, 0.000000,
                  -0.000000, 0.304667, 0.952459, 0.000000,
                  -0.000000, 0.172815,-0.000000, 1.000000;;
                }
              } // End of Armature_cornino2
            } // End of Armature_cornino1
            Frame Armature_cornone1 {
              FrameTransformMatrix {
                -0.000000,-0.000000,-1.000000, 0.000000,
                -0.752607, 0.658470, 0.000000, 0.000000,
                 0.658470, 0.752607,-0.000000, 0.000000,
                -0.284194, 1.055911,-0.000000, 1.000000;;
              }
              Frame Armature_cornone2 {
                FrameTransformMatrix {
                   1.000000, 0.000000, 0.000000, 0.000000,
                   0.000000, 0.554628,-0.832099, 0.000000,
                  -0.000000, 0.832099, 0.554628, 0.000000,
                   0.000000, 0.760873, 0.000000, 1.000000;;
                }
              } // End of Armature_cornone2
            } // End of Armature_cornone1
            Frame Armature_muso {
              FrameTransformMatrix {
                 0.991339,-0.131326, 0.000000, 0.000000,
                 0.131326, 0.991339, 0.000000, 0.000000,
                -0.000000, 0.000000, 1.000000, 0.000000,
                 0.000000, 0.487278, 0.000000, 1.000000;;
              }
            } // End of Armature_muso
            Frame Armature_musostoot {
              FrameTransformMatrix {
                 0.997299,-0.073453,-0.000000, 0.000000,
                 0.073453, 0.997299,-0.000000, 0.000000,
                 0.000000,-0.000000, 1.000000, 0.000000,
                 0.351413, 1.208127,-0.000000, 1.000000;;
              }
            } // End of Armature_musostoot
            Frame Armature_orecchiol {
              FrameTransformMatrix {
                 0.466775,-0.054941,-0.882668, 0.000000,
                -0.881515, 0.051321,-0.469359, 0.000000,
                 0.071087, 0.997170,-0.024476, 0.000000,
                -0.334372, 0.584079,-0.323491, 1.000000;;
              }
            } // End of Armature_orecchiol
            Frame Armature_orecchior {
              FrameTransformMatrix {
                -0.394506, 0.046435,-0.917719, 0.000000,
                -0.916278, 0.055413, 0.396690, 0.000000,
                 0.069274, 0.997383, 0.020686, 0.000000,
                -0.321338, 0.581351, 0.299023, 1.000000;;
              }
            } // End of Armature_orecchior
          } // End of Armature_collo
        } // End of Armature_epistrofeo
      } // End of Armature_atlante
      Frame Armature_omerol {
        FrameTransformMatrix {
          -0.861292, 0.444695,-0.245811, 0.000000,
           0.491441, 0.606168,-0.625336, 0.000000,
          -0.129081,-0.659399,-0.740629, 0.000000,
          -0.051701, 1.451425,-0.442033, 1.000000;;
        }
        Frame Armature_radulnl {
          FrameTransformMatrix {
            -0.111755,-0.687151,-0.717868, 0.000000,
             0.271330, 0.673844,-0.687251, 0.000000,
             0.955976,-0.271583, 0.111139, 0.000000,
             0.000000, 1.108888,-0.000000, 1.000000;;
          }
          Frame Armature_unghiel {
            FrameTransformMatrix {
               0.990483,-0.111603,-0.080555, 0.000000,
               0.081271, 0.946565,-0.312105, 0.000000,
               0.111082, 0.302588, 0.946626, 0.000000,
               0.000000, 1.353295,-0.000000, 1.000000;;
            }
          } // End of Armature_unghiel
        } // End of Armature_radulnl
      } // End of Armature_omerol
      Frame Armature_omeror {
        FrameTransformMatrix {
           0.889547,-0.433082,-0.145414, 0.000000,
           0.415014, 0.633014, 0.653496, 0.000000,
          -0.190968,-0.641665, 0.742831, 0.000000,
          -0.035048, 1.481007, 0.449336, 1.000000;;
        }
        Frame Armature_radulnr {
          FrameTransformMatrix {
            -0.045155, 0.680584, 0.731277, 0.000000,
            -0.152137, 0.718800,-0.678366, 0.000000,
            -0.987327,-0.141886, 0.071084, 0.000000,
             0.000000, 1.053748, 0.000000, 1.000000;;
          }
          Frame Armature_unghier {
            FrameTransformMatrix {
               0.979053, 0.099855, 0.177437, 0.000000,
              -0.101631, 0.994822, 0.000927, 0.000000,
              -0.176425,-0.018941, 0.984132, 0.000000,
               0.000000, 1.374015, 0.000000, 1.000000;;
            }
          } // End of Armature_unghier
        } // End of Armature_radulnr
      } // End of Armature_omeror
    } // End of Armature_torace
    Frame Armature_pube {
      FrameTransformMatrix {
         0.192106, 0.000000,-0.981374, 0.000000,
        -0.981374, 0.000000,-0.192106, 0.000000,
         0.000000, 1.000000, 0.000000, 0.000000,
         1.095240, 0.000000,-1.023699, 1.000000;;
      }
      Frame Armature__3a {
        FrameTransformMatrix {
           0.895140, 0.036358,-0.444301, 0.000000,
           0.391997, 0.410417, 0.823345, 0.000000,
           0.212283,-0.911173, 0.353128, 0.000000,
          -0.308577, 0.134627, 0.688329, 1.000000;;
        }
      } // End of Armature__3a
      Frame Armature__3a_001 {
        FrameTransformMatrix {
           0.748182, 0.329092, 0.576127, 0.000000,
          -0.548908, 0.794799, 0.258834, 0.000000,
          -0.372724,-0.509896, 0.775296, 0.000000,
          -0.246905, 0.818261, 0.666716, 1.000000;;
        }
      } // End of Armature__3a_001
      Frame Armature__3b {
        FrameTransformMatrix {
           0.978943, 0.077425, 0.188881, 0.000000,
          -0.203680, 0.308802, 0.929062, 0.000000,
           0.013606,-0.947970, 0.318069, 0.000000,
          -0.308577, 0.134627, 0.331385, 1.000000;;
        }
      } // End of Armature__3b
      Frame Armature__3b_001 {
        FrameTransformMatrix {
           0.539620, 0.151670, 0.828135, 0.000000,
          -0.832187, 0.245142, 0.497363, 0.000000,
          -0.127575,-0.957550, 0.258501, 0.000000,
          -0.245630, 0.820715, 0.320328, 1.000000;;
        }
      } // End of Armature__3b_001
      Frame Armature__3c_002 {
        FrameTransformMatrix {
           0.097227, 0.019032, 0.995080, 0.000000,
          -0.927696, 0.363835, 0.083685, 0.000000,
          -0.360452,-0.931269, 0.053031, 0.000000,
          -0.308577, 0.134627, 0.000000, 1.000000;;
        }
      } // End of Armature__3c_002
      Frame Armature__3c_003 {
        FrameTransformMatrix {
          -0.000000,-0.000000, 1.000000, 0.000000,
          -0.154170, 0.988044,-0.000000, 0.000000,
          -0.988044,-0.154170,-0.000000, 0.000000,
          -0.245192, 0.821560, 0.000000, 1.000000;;
        }
      } // End of Armature__3c_003
      Frame Armature__3d {
        FrameTransformMatrix {
          -0.929126,-0.066131, 0.363801, 0.000000,
          -0.367422, 0.275651,-0.888267, 0.000000,
          -0.041540,-0.958980,-0.280412, 0.000000,
          -0.308577, 0.134627,-0.347534, 1.000000;;
        }
      } // End of Armature__3d
      Frame Armature__3d_001 {
        FrameTransformMatrix {
          -0.592251,-0.100170, 0.799503, 0.000000,
          -0.793712, 0.243426,-0.557463, 0.000000,
          -0.138779,-0.964733,-0.223675, 0.000000,
          -0.245382, 0.821193,-0.340231, 1.000000;;
        }
      } // End of Armature__3d_001
      Frame Armature__3e {
        FrameTransformMatrix {
          -0.922571,-0.054831,-0.381913, 0.000000,
           0.328021, 0.409695,-0.851206, 0.000000,
           0.203140,-0.910573,-0.359987, 0.000000,
          -0.308577, 0.134627,-0.707224, 1.000000;;
        }
      } // End of Armature__3e
      Frame Armature__3e_001 {
        FrameTransformMatrix {
          -0.688904,-0.206725, 0.694750, 0.000000,
          -0.433809, 0.885452,-0.166690, 0.000000,
          -0.580709,-0.416221,-0.699670, 0.000000,
          -0.248464, 0.815259,-0.677756, 1.000000;;
        }
      } // End of Armature__3e_001
      Frame Armature_coscial {
        FrameTransformMatrix {
           0.738398,-0.649936, 0.179866, 0.000000,
           0.635974, 0.759844, 0.134811, 0.000000,
          -0.224289, 0.014846, 0.974410, 0.000000,
           0.000000, 1.424550, 0.471134, 1.000000;;
        }
        Frame Armature_stincol {
          FrameTransformMatrix {
             0.815633, 0.578570,-0.000412, 0.000000,
            -0.576680, 0.812911,-0.081333, 0.000000,
            -0.046722, 0.066575, 0.996687, 0.000000,
             0.000000, 1.051942, 0.000000, 1.000000;;
          }
          Frame Armature_piedel {
            FrameTransformMatrix {
              -0.007836, 0.001806,-0.999968, 0.000000,
               0.995300,-0.096509,-0.007974, 0.000000,
              -0.096521,-0.995330,-0.001041, 0.000000,
              -0.000000, 0.912673, 0.000000, 1.000000;;
            }
          } // End of Armature_piedel
        } // End of Armature_stincol
      } // End of Armature_coscial
      Frame Armature_cosciar {
        FrameTransformMatrix {
           0.825871,-0.555542,-0.096492, 0.000000,
           0.534880, 0.826024,-0.177730, 0.000000,
           0.178441, 0.095170, 0.979337, 0.000000,
           0.000000, 1.424550,-0.398872, 1.000000;;
        }
        Frame Armature_stincor {
          FrameTransformMatrix {
             0.883804, 0.466904,-0.029835, 0.000000,
            -0.465743, 0.884076, 0.038635, 0.000000,
             0.044415,-0.020250, 0.998808, 0.000000,
             0.000000, 1.051942, 0.000000, 1.000000;;
          }
          Frame Armature_pieder {
            FrameTransformMatrix {
               0.017159,-0.003495,-0.999847, 0.000000,
               0.998617,-0.049640, 0.017312, 0.000000,
              -0.049693,-0.998761, 0.002638, 0.000000,
              -0.000000, 0.917407,-0.000000, 1.000000;;
            }
          } // End of Armature_pieder
        } // End of Armature_stincor
      } // End of Armature_cosciar
    } // End of Armature_pube
    Frame Cube {
      FrameTransformMatrix {
         0.425939, 0.000000, 0.000000, 0.000000,
         0.000000, 0.762540, 0.000000, 0.000000,
         0.000000,-0.000000, 0.731625, 0.000000,
         0.084619,-0.009196,-0.726697, 1.000000;;
      }
      Mesh { // Cube mesh
        2904;
        -1.039807; 0.949792; 0.821191;,
        -1.039807; 0.902524; 0.821191;,
        -5.536829; 0.902524; 0.821191;,
        -5.536829; 0.949792; 0.821191;,
        -1.039806; 0.949792; 0.862390;,
        -5.536829; 0.949792; 0.862390;,
        -5.536830; 0.902524; 0.862390;,
        -1.039808; 0.902524; 0.862390;,
        -1.039807; 0.949792; 0.821191;,
        -1.039806; 0.949792; 0.862390;,
        -1.039808; 0.902524; 0.862390;,
        -1.039807; 0.902524; 0.821191;,
        -1.039807; 0.902524; 0.821191;,
        -1.039808; 0.902524; 0.862390;,
        -5.536830; 0.902524; 0.862390;,
        -5.536829; 0.902524; 0.821191;,
        -5.536829; 0.902524; 0.821191;,
        -5.536830; 0.902524; 0.862390;,
        -5.536829; 0.949792; 0.862390;,
        -5.536829; 0.949792; 0.821191;,
        -1.039806; 0.949792; 0.862390;,
        -1.039807; 0.949792; 0.821191;,
        -5.536829; 0.949792; 0.821191;,
        -5.536829; 0.949792; 0.862390;,
        -1.039807; 0.949792; 0.672128;,
        -1.039807; 0.902524; 0.672128;,
        -5.738611; 0.902524; 0.672128;,
        -5.738610; 0.949792; 0.672128;,
        -1.039806; 0.949792; 0.713327;,
        -5.738610; 0.949792; 0.713327;,
        -5.738611; 0.902524; 0.713327;,
        -1.039808; 0.902524; 0.713327;,
        -1.039807; 0.949792; 0.672128;,
        -1.039806; 0.949792; 0.713327;,
        -1.039808; 0.902524; 0.713327;,
        -1.039807; 0.902524; 0.672128;,
        -1.039807; 0.902524; 0.672128;,
        -1.039808; 0.902524; 0.713327;,
        -5.738611; 0.902524; 0.713327;,
        -5.738611; 0.902524; 0.672128;,
        -5.738611; 0.902524; 0.672128;,
        -5.738611; 0.902524; 0.713327;,
        -5.738610; 0.949792; 0.713327;,
        -5.738610; 0.949792; 0.672128;,
        -1.039806; 0.949792; 0.713327;,
        -1.039807; 0.949792; 0.672128;,
        -5.738610; 0.949792; 0.672128;,
        -5.738610; 0.949792; 0.713327;,
        -1.039807; 0.949792; 0.495278;,
        -1.039807; 0.902524; 0.495278;,
        -5.879555; 0.902524; 0.495278;,
        -5.879554; 0.949792; 0.495278;,
        -1.039806; 0.949792; 0.536477;,
        -5.879554; 0.949792; 0.536477;,
        -5.879555; 0.902524; 0.536477;,
        -1.039808; 0.902524; 0.536477;,
        -1.039807; 0.949792; 0.495278;,
        -1.039806; 0.949792; 0.536477;,
        -1.039808; 0.902524; 0.536477;,
        -1.039807; 0.902524; 0.495278;,
        -1.039807; 0.902524; 0.495278;,
        -1.039808; 0.902524; 0.536477;,
        -5.879555; 0.902524; 0.536477;,
        -5.879555; 0.902524; 0.495278;,
        -5.879555; 0.902524; 0.495278;,
        -5.879555; 0.902524; 0.536477;,
        -5.879554; 0.949792; 0.536477;,
        -5.879554; 0.949792; 0.495278;,
        -1.039806; 0.949792; 0.536477;,
        -1.039807; 0.949792; 0.495278;,
        -5.879554; 0.949792; 0.495278;,
        -5.879554; 0.949792; 0.536477;,
        -1.039807; 0.949792; 0.319913;,
        -1.039807; 0.902524; 0.319913;,
        -5.971370; 0.902524; 0.319913;,
        -5.971370; 0.949792; 0.319913;,
        -1.039806; 0.949792; 0.361112;,
        -5.971370; 0.949792; 0.361112;,
        -5.971370; 0.902524; 0.361112;,
        -1.039808; 0.902524; 0.361112;,
        -1.039807; 0.949792; 0.319913;,
        -1.039806; 0.949792; 0.361112;,
        -1.039808; 0.902524; 0.361112;,
        -1.039807; 0.902524; 0.319913;,
        -1.039807; 0.902524; 0.319913;,
        -1.039808; 0.902524; 0.361112;,
        -5.971370; 0.902524; 0.361112;,
        -5.971370; 0.902524; 0.319913;,
        -5.971370; 0.902524; 0.319913;,
        -5.971370; 0.902524; 0.361112;,
        -5.971370; 0.949792; 0.361112;,
        -5.971370; 0.949792; 0.319913;,
        -1.039806; 0.949792; 0.361112;,
        -1.039807; 0.949792; 0.319913;,
        -5.971370; 0.949792; 0.319913;,
        -5.971370; 0.949792; 0.361112;,
        -1.039807; 0.949792; 0.101943;,
        -1.039807; 0.902524; 0.101943;,
        -6.184707; 0.902524; 0.101943;,
        -6.184707; 0.949792; 0.101943;,
        -1.039806; 0.949792; 0.143142;,
        -6.184707; 0.949792; 0.143142;,
        -6.184707; 0.902524; 0.143142;,
        -1.039808; 0.902524; 0.143142;,
        -1.039807; 0.949792; 0.101943;,
        -1.039806; 0.949792; 0.143142;,
        -1.039808; 0.902524; 0.143142;,
        -1.039807; 0.902524; 0.101943;,
        -1.039807; 0.902524; 0.101943;,
        -1.039808; 0.902524; 0.143142;,
        -6.184707; 0.902524; 0.143142;,
        -6.184707; 0.902524; 0.101943;,
        -6.184707; 0.902524; 0.101943;,
        -6.184707; 0.902524; 0.143142;,
        -6.184707; 0.949792; 0.143142;,
        -6.184707; 0.949792; 0.101943;,
        -1.039806; 0.949792; 0.143142;,
        -1.039807; 0.949792; 0.101943;,
        -6.184707; 0.949792; 0.101943;,
        -6.184707; 0.949792; 0.143142;,
        -1.039807; 0.949792;-0.851836;,
        -1.039807; 0.902524;-0.851836;,
        -6.755978; 0.902524;-0.851836;,
        -6.755978; 0.949792;-0.851836;,
        -1.039806; 0.949792;-0.810637;,
        -6.755978; 0.949792;-0.810637;,
        -6.755978; 0.902524;-0.810637;,
        -1.039808; 0.902524;-0.810637;,
        -1.039807; 0.949792;-0.851836;,
        -1.039806; 0.949792;-0.810637;,
        -1.039808; 0.902524;-0.810637;,
        -1.039807; 0.902524;-0.851836;,
        -1.039807; 0.902524;-0.851836;,
        -1.039808; 0.902524;-0.810637;,
        -6.755978; 0.902524;-0.810637;,
        -6.755978; 0.902524;-0.851836;,
        -6.755978; 0.902524;-0.851836;,
        -6.755978; 0.902524;-0.810637;,
        -6.755978; 0.949792;-0.810637;,
        -6.755978; 0.949792;-0.851836;,
        -1.039806; 0.949792;-0.810637;,
        -1.039807; 0.949792;-0.851836;,
        -6.755978; 0.949792;-0.851836;,
        -6.755978; 0.949792;-0.810637;,
        -1.039807; 0.949792;-0.633867;,
        -1.039807; 0.902524;-0.633867;,
        -6.593499; 0.902524;-0.633867;,
        -6.593499; 0.949792;-0.633867;,
        -1.039806; 0.949792;-0.592668;,
        -6.593499; 0.949792;-0.592668;,
        -6.593499; 0.902524;-0.592668;,
        -1.039808; 0.902524;-0.592668;,
        -1.039807; 0.949792;-0.633867;,
        -1.039806; 0.949792;-0.592668;,
        -1.039808; 0.902524;-0.592668;,
        -1.039807; 0.902524;-0.633867;,
        -1.039807; 0.902524;-0.633867;,
        -1.039808; 0.902524;-0.592668;,
        -6.593499; 0.902524;-0.592668;,
        -6.593499; 0.902524;-0.633867;,
        -6.593499; 0.902524;-0.633867;,
        -6.593499; 0.902524;-0.592668;,
        -6.593499; 0.949792;-0.592668;,
        -6.593499; 0.949792;-0.633867;,
        -1.039806; 0.949792;-0.592668;,
        -1.039807; 0.949792;-0.633867;,
        -6.593499; 0.949792;-0.633867;,
        -6.593499; 0.949792;-0.592668;,
        -1.039807; 0.949792;-0.458502;,
        -1.039807; 0.902524;-0.458502;,
        -6.492494; 0.902524;-0.458502;,
        -6.492493; 0.949792;-0.458502;,
        -1.039806; 0.949792;-0.417303;,
        -6.492493; 0.949792;-0.417303;,
        -6.492494; 0.902524;-0.417303;,
        -1.039808; 0.902524;-0.417303;,
        -1.039807; 0.949792;-0.458502;,
        -1.039806; 0.949792;-0.417303;,
        -1.039808; 0.902524;-0.417303;,
        -1.039807; 0.902524;-0.458502;,
        -1.039807; 0.902524;-0.458502;,
        -1.039808; 0.902524;-0.417303;,
        -6.492494; 0.902524;-0.417303;,
        -6.492494; 0.902524;-0.458502;,
        -6.492494; 0.902524;-0.458502;,
        -6.492494; 0.902524;-0.417303;,
        -6.492493; 0.949792;-0.417303;,
        -6.492493; 0.949792;-0.458502;,
        -1.039806; 0.949792;-0.417303;,
        -1.039807; 0.949792;-0.458502;,
        -6.492493; 0.949792;-0.458502;,
        -6.492493; 0.949792;-0.417303;,
        -1.039807; 0.949792;-0.281651;,
        -1.039807; 0.902524;-0.281651;,
        -6.455589; 0.902524;-0.281651;,
        -6.455589; 0.949792;-0.281651;,
        -1.039806; 0.949792;-0.240452;,
        -6.455589; 0.949792;-0.240452;,
        -6.455589; 0.902524;-0.240452;,
        -1.039808; 0.902524;-0.240452;,
        -1.039807; 0.949792;-0.281651;,
        -1.039806; 0.949792;-0.240452;,
        -1.039808; 0.902524;-0.240452;,
        -1.039807; 0.902524;-0.281651;,
        -1.039807; 0.902524;-0.281651;,
        -1.039808; 0.902524;-0.240452;,
        -6.455589; 0.902524;-0.240452;,
        -6.455589; 0.902524;-0.281651;,
        -6.455589; 0.902524;-0.281651;,
        -6.455589; 0.902524;-0.240452;,
        -6.455589; 0.949792;-0.240452;,
        -6.455589; 0.949792;-0.281651;,
        -1.039806; 0.949792;-0.240452;,
        -1.039807; 0.949792;-0.281651;,
        -6.455589; 0.949792;-0.281651;,
        -6.455589; 0.949792;-0.240452;,
        -1.039807; 0.949792;-0.132589;,
        -1.039807; 0.902524;-0.132589;,
        -6.307773; 0.902524;-0.132589;,
        -6.307773; 0.949792;-0.132589;,
        -1.039806; 0.949792;-0.091390;,
        -6.307773; 0.949792;-0.091390;,
        -6.307774; 0.902524;-0.091390;,
        -1.039808; 0.902524;-0.091390;,
        -1.039807; 0.949792;-0.132589;,
        -1.039806; 0.949792;-0.091390;,
        -1.039808; 0.902524;-0.091390;,
        -1.039807; 0.902524;-0.132589;,
        -1.039807; 0.902524;-0.132589;,
        -1.039808; 0.902524;-0.091390;,
        -6.307774; 0.902524;-0.091390;,
        -6.307773; 0.902524;-0.132589;,
        -6.307773; 0.902524;-0.132589;,
        -6.307774; 0.902524;-0.091390;,
        -6.307773; 0.949792;-0.091390;,
        -6.307773; 0.949792;-0.132589;,
        -1.039806; 0.949792;-0.091390;,
        -1.039807; 0.949792;-0.132589;,
        -6.307773; 0.949792;-0.132589;,
        -6.307773; 0.949792;-0.091390;,
        -1.039807; 0.452390;-0.132589;,
        -1.039807; 0.405122;-0.132589;,
        -7.146421; 0.405122;-0.132589;,
        -7.146421; 0.452390;-0.132589;,
        -1.039806; 0.452390;-0.091390;,
        -7.146421; 0.452390;-0.091390;,
        -7.146421; 0.405122;-0.091390;,
        -1.039808; 0.405122;-0.091390;,
        -1.039807; 0.452390;-0.132589;,
        -1.039806; 0.452390;-0.091390;,
        -1.039808; 0.405122;-0.091390;,
        -1.039807; 0.405122;-0.132589;,
        -1.039807; 0.405122;-0.132589;,
        -1.039808; 0.405122;-0.091390;,
        -7.146421; 0.405122;-0.091390;,
        -7.146421; 0.405122;-0.132589;,
        -7.146421; 0.405122;-0.132589;,
        -7.146421; 0.405122;-0.091390;,
        -7.146421; 0.452390;-0.091390;,
        -7.146421; 0.452390;-0.132589;,
        -1.039806; 0.452390;-0.091390;,
        -1.039807; 0.452390;-0.132589;,
        -7.146421; 0.452390;-0.132589;,
        -7.146421; 0.452390;-0.091390;,
        -1.039807; 0.452390;-0.281651;,
        -1.039807; 0.405122;-0.281651;,
        -7.282916; 0.405122;-0.281651;,
        -7.282915; 0.452390;-0.281651;,
        -1.039806; 0.452390;-0.240452;,
        -7.282915; 0.452390;-0.240452;,
        -7.282916; 0.405122;-0.240452;,
        -1.039808; 0.405122;-0.240452;,
        -1.039807; 0.452390;-0.281651;,
        -1.039806; 0.452390;-0.240452;,
        -1.039808; 0.405122;-0.240452;,
        -1.039807; 0.405122;-0.281651;,
        -1.039807; 0.405122;-0.281651;,
        -1.039808; 0.405122;-0.240452;,
        -7.282916; 0.405122;-0.240452;,
        -7.282916; 0.405122;-0.281651;,
        -7.282916; 0.405122;-0.281651;,
        -7.282916; 0.405122;-0.240452;,
        -7.282915; 0.452390;-0.240452;,
        -7.282915; 0.452390;-0.281651;,
        -1.039806; 0.452390;-0.240452;,
        -1.039807; 0.452390;-0.281651;,
        -7.282915; 0.452390;-0.281651;,
        -7.282915; 0.452390;-0.240452;,
        -1.039807; 0.452390;-0.458502;,
        -1.039807; 0.405122;-0.458502;,
        -7.391891; 0.405122;-0.458502;,
        -7.391890; 0.452390;-0.458502;,
        -1.039806; 0.452390;-0.417303;,
        -7.391890; 0.452390;-0.417303;,
        -7.391891; 0.405122;-0.417303;,
        -1.039808; 0.405122;-0.417303;,
        -1.039807; 0.452390;-0.458502;,
        -1.039806; 0.452390;-0.417303;,
        -1.039808; 0.405122;-0.417303;,
        -1.039807; 0.405122;-0.458502;,
        -1.039807; 0.405122;-0.458502;,
        -1.039808; 0.405122;-0.417303;,
        -7.391891; 0.405122;-0.417303;,
        -7.391891; 0.405122;-0.458502;,
        -7.391891; 0.405122;-0.458502;,
        -7.391891; 0.405122;-0.417303;,
        -7.391890; 0.452390;-0.417303;,
        -7.391890; 0.452390;-0.458502;,
        -1.039806; 0.452390;-0.417303;,
        -1.039807; 0.452390;-0.458502;,
        -7.391890; 0.452390;-0.458502;,
        -7.391890; 0.452390;-0.417303;,
        -1.039807; 0.452390;-0.633867;,
        -1.039807; 0.405122;-0.633867;,
        -7.501800; 0.405122;-0.633867;,
        -7.501800; 0.452390;-0.633867;,
        -1.039806; 0.452390;-0.592668;,
        -7.501800; 0.452390;-0.592668;,
        -7.501800; 0.405122;-0.592668;,
        -1.039808; 0.405122;-0.592668;,
        -1.039807; 0.452390;-0.633867;,
        -1.039806; 0.452390;-0.592668;,
        -1.039808; 0.405122;-0.592668;,
        -1.039807; 0.405122;-0.633867;,
        -1.039807; 0.405122;-0.633867;,
        -1.039808; 0.405122;-0.592668;,
        -7.501800; 0.405122;-0.592668;,
        -7.501800; 0.405122;-0.633867;,
        -7.501800; 0.405122;-0.633867;,
        -7.501800; 0.405122;-0.592668;,
        -7.501800; 0.452390;-0.592668;,
        -7.501800; 0.452390;-0.633867;,
        -1.039806; 0.452390;-0.592668;,
        -1.039807; 0.452390;-0.633867;,
        -7.501800; 0.452390;-0.633867;,
        -7.501800; 0.452390;-0.592668;,
        -1.039807; 0.452390;-0.851836;,
        -1.039807; 0.405122;-0.851836;,
        -7.747170; 0.405122;-0.851836;,
        -7.747169; 0.452390;-0.851836;,
        -1.039806; 0.452390;-0.810637;,
        -7.747169; 0.452390;-0.810637;,
        -7.747170; 0.405122;-0.810637;,
        -1.039808; 0.405122;-0.810637;,
        -1.039807; 0.452390;-0.851836;,
        -1.039806; 0.452390;-0.810637;,
        -1.039808; 0.405122;-0.810637;,
        -1.039807; 0.405122;-0.851836;,
        -1.039807; 0.405122;-0.851836;,
        -1.039808; 0.405122;-0.810637;,
        -7.747170; 0.405122;-0.810637;,
        -7.747170; 0.405122;-0.851836;,
        -7.747170; 0.405122;-0.851836;,
        -7.747170; 0.405122;-0.810637;,
        -7.747169; 0.452390;-0.810637;,
        -7.747169; 0.452390;-0.851836;,
        -1.039806; 0.452390;-0.810637;,
        -1.039807; 0.452390;-0.851836;,
        -7.747169; 0.452390;-0.851836;,
        -7.747169; 0.452390;-0.810637;,
        -1.039807; 0.452390; 0.101943;,
        -1.039807; 0.405122; 0.101943;,
        -7.087657; 0.405122; 0.101943;,
        -7.087657; 0.452390; 0.101943;,
        -1.039806; 0.452390; 0.143142;,
        -7.087657; 0.452390; 0.143142;,
        -7.087658; 0.405122; 0.143142;,
        -1.039808; 0.405122; 0.143142;,
        -1.039807; 0.452390; 0.101943;,
        -1.039806; 0.452390; 0.143142;,
        -1.039808; 0.405122; 0.143142;,
        -1.039807; 0.405122; 0.101943;,
        -1.039807; 0.405122; 0.101943;,
        -1.039808; 0.405122; 0.143142;,
        -7.087658; 0.405122; 0.143142;,
        -7.087657; 0.405122; 0.101943;,
        -7.087657; 0.405122; 0.101943;,
        -7.087658; 0.405122; 0.143142;,
        -7.087657; 0.452390; 0.143142;,
        -7.087657; 0.452390; 0.101943;,
        -1.039806; 0.452390; 0.143142;,
        -1.039807; 0.452390; 0.101943;,
        -7.087657; 0.452390; 0.101943;,
        -7.087657; 0.452390; 0.143142;,
        -1.039807; 0.452390; 0.319913;,
        -1.039807; 0.405122; 0.319913;,
        -6.973650; 0.405122; 0.319913;,
        -6.973650; 0.452390; 0.319913;,
        -1.039806; 0.452390; 0.361112;,
        -6.973650; 0.452390; 0.361112;,
        -6.973650; 0.405122; 0.361112;,
        -1.039808; 0.405122; 0.361112;,
        -1.039807; 0.452390; 0.319913;,
        -1.039806; 0.452390; 0.361112;,
        -1.039808; 0.405122; 0.361112;,
        -1.039807; 0.405122; 0.319913;,
        -1.039807; 0.405122; 0.319913;,
        -1.039808; 0.405122; 0.361112;,
        -6.973650; 0.405122; 0.361112;,
        -6.973650; 0.405122; 0.319913;,
        -6.973650; 0.405122; 0.319913;,
        -6.973650; 0.405122; 0.361112;,
        -6.973650; 0.452390; 0.361112;,
        -6.973650; 0.452390; 0.319913;,
        -1.039806; 0.452390; 0.361112;,
        -1.039807; 0.452390; 0.319913;,
        -6.973650; 0.452390; 0.319913;,
        -6.973650; 0.452390; 0.361112;,
        -1.039807; 0.452390; 0.495278;,
        -1.039807; 0.405122; 0.495278;,
        -6.867518; 0.405122; 0.495278;,
        -6.867518; 0.452390; 0.495278;,
        -1.039806; 0.452390; 0.536477;,
        -6.867518; 0.452390; 0.536477;,
        -6.867518; 0.405122; 0.536477;,
        -1.039808; 0.405122; 0.536477;,
        -1.039807; 0.452390; 0.495278;,
        -1.039806; 0.452390; 0.536477;,
        -1.039808; 0.405122; 0.536477;,
        -1.039807; 0.405122; 0.495278;,
        -1.039807; 0.405122; 0.495278;,
        -1.039808; 0.405122; 0.536477;,
        -6.867518; 0.405122; 0.536477;,
        -6.867518; 0.405122; 0.495278;,
        -6.867518; 0.405122; 0.495278;,
        -6.867518; 0.405122; 0.536477;,
        -6.867518; 0.452390; 0.536477;,
        -6.867518; 0.452390; 0.495278;,
        -1.039806; 0.452390; 0.536477;,
        -1.039807; 0.452390; 0.495278;,
        -6.867518; 0.452390; 0.495278;,
        -6.867518; 0.452390; 0.536477;,
        -1.039807; 0.452390; 0.672128;,
        -1.039807; 0.405122; 0.672128;,
        -6.755978; 0.405122; 0.672128;,
        -6.755978; 0.452390; 0.672128;,
        -1.039806; 0.452390; 0.713327;,
        -6.755978; 0.452390; 0.713327;,
        -6.755978; 0.405122; 0.713327;,
        -1.039808; 0.405122; 0.713327;,
        -1.039807; 0.452390; 0.672128;,
        -1.039806; 0.452390; 0.713327;,
        -1.039808; 0.405122; 0.713327;,
        -1.039807; 0.405122; 0.672128;,
        -1.039807; 0.405122; 0.672128;,
        -1.039808; 0.405122; 0.713327;,
        -6.755978; 0.405122; 0.713327;,
        -6.755978; 0.405122; 0.672128;,
        -6.755978; 0.405122; 0.672128;,
        -6.755978; 0.405122; 0.713327;,
        -6.755978; 0.452390; 0.713327;,
        -6.755978; 0.452390; 0.672128;,
        -1.039806; 0.452390; 0.713327;,
        -1.039807; 0.452390; 0.672128;,
        -6.755978; 0.452390; 0.672128;,
        -6.755978; 0.452390; 0.713327;,
        -1.039807; 0.452390; 0.821191;,
        -1.039807; 0.405122; 0.821191;,
        -6.593499; 0.405122; 0.821191;,
        -6.593499; 0.452390; 0.821191;,
        -1.039806; 0.452390; 0.862390;,
        -6.593499; 0.452390; 0.862390;,
        -6.593499; 0.405122; 0.862390;,
        -1.039808; 0.405122; 0.862390;,
        -1.039807; 0.452390; 0.821191;,
        -1.039806; 0.452390; 0.862390;,
        -1.039808; 0.405122; 0.862390;,
        -1.039807; 0.405122; 0.821191;,
        -1.039807; 0.405122; 0.821191;,
        -1.039808; 0.405122; 0.862390;,
        -6.593499; 0.405122; 0.862390;,
        -6.593499; 0.405122; 0.821191;,
        -6.593499; 0.405122; 0.821191;,
        -6.593499; 0.405122; 0.862390;,
        -6.593499; 0.452390; 0.862390;,
        -6.593499; 0.452390; 0.821191;,
        -1.039806; 0.452390; 0.862390;,
        -1.039807; 0.452390; 0.821191;,
        -6.593499; 0.452390; 0.821191;,
        -6.593499; 0.452390; 0.862390;,
        -1.039807;-0.866421; 0.821191;,
        -1.039807;-0.913690; 0.821191;,
        -5.536829;-0.913690; 0.821191;,
        -5.536829;-0.866421; 0.821191;,
        -1.039806;-0.866421; 0.862390;,
        -5.536829;-0.866421; 0.862390;,
        -5.536830;-0.913690; 0.862390;,
        -1.039808;-0.913690; 0.862390;,
        -1.039807;-0.866421; 0.821191;,
        -1.039806;-0.866421; 0.862390;,
        -1.039808;-0.913690; 0.862390;,
        -1.039807;-0.913690; 0.821191;,
        -1.039807;-0.913690; 0.821191;,
        -1.039808;-0.913690; 0.862390;,
        -5.536830;-0.913690; 0.862390;,
        -5.536829;-0.913690; 0.821191;,
        -5.536829;-0.913690; 0.821191;,
        -5.536830;-0.913690; 0.862390;,
        -5.536829;-0.866421; 0.862390;,
        -5.536829;-0.866421; 0.821191;,
        -1.039806;-0.866421; 0.862390;,
        -1.039807;-0.866421; 0.821191;,
        -5.536829;-0.866421; 0.821191;,
        -5.536829;-0.866421; 0.862390;,
        -1.039807;-0.866421; 0.672128;,
        -1.039807;-0.913690; 0.672128;,
        -5.738611;-0.913690; 0.672128;,
        -5.738610;-0.866421; 0.672128;,
        -1.039806;-0.866421; 0.713327;,
        -5.738610;-0.866421; 0.713327;,
        -5.738611;-0.913690; 0.713327;,
        -1.039808;-0.913690; 0.713327;,
        -1.039807;-0.866421; 0.672128;,
        -1.039806;-0.866421; 0.713327;,
        -1.039808;-0.913690; 0.713327;,
        -1.039807;-0.913690; 0.672128;,
        -1.039807;-0.913690; 0.672128;,
        -1.039808;-0.913690; 0.713327;,
        -5.738611;-0.913690; 0.713327;,
        -5.738611;-0.913690; 0.672128;,
        -5.738611;-0.913690; 0.672128;,
        -5.738611;-0.913690; 0.713327;,
        -5.738610;-0.866421; 0.713327;,
        -5.738610;-0.866421; 0.672128;,
        -1.039806;-0.866421; 0.713327;,
        -1.039807;-0.866421; 0.672128;,
        -5.738610;-0.866421; 0.672128;,
        -5.738610;-0.866421; 0.713327;,
        -1.039807;-0.866421; 0.495278;,
        -1.039807;-0.913690; 0.495278;,
        -5.879555;-0.913690; 0.495278;,
        -5.879554;-0.866421; 0.495278;,
        -1.039806;-0.866421; 0.536477;,
        -5.879554;-0.866421; 0.536477;,
        -5.879555;-0.913690; 0.536477;,
        -1.039808;-0.913690; 0.536477;,
        -1.039807;-0.866421; 0.495278;,
        -1.039806;-0.866421; 0.536477;,
        -1.039808;-0.913690; 0.536477;,
        -1.039807;-0.913690; 0.495278;,
        -1.039807;-0.913690; 0.495278;,
        -1.039808;-0.913690; 0.536477;,
        -5.879555;-0.913690; 0.536477;,
        -5.879555;-0.913690; 0.495278;,
        -5.879555;-0.913690; 0.495278;,
        -5.879555;-0.913690; 0.536477;,
        -5.879554;-0.866421; 0.536477;,
        -5.879554;-0.866421; 0.495278;,
        -1.039806;-0.866421; 0.536477;,
        -1.039807;-0.866421; 0.495278;,
        -5.879554;-0.866421; 0.495278;,
        -5.879554;-0.866421; 0.536477;,
        -1.039807;-0.866421; 0.319913;,
        -1.039807;-0.913690; 0.319913;,
        -5.971370;-0.913690; 0.319913;,
        -5.971370;-0.866421; 0.319913;,
        -1.039806;-0.866421; 0.361112;,
        -5.971370;-0.866421; 0.361112;,
        -5.971370;-0.913690; 0.361112;,
        -1.039808;-0.913690; 0.361112;,
        -1.039807;-0.866421; 0.319913;,
        -1.039806;-0.866421; 0.361112;,
        -1.039808;-0.913690; 0.361112;,
        -1.039807;-0.913690; 0.319913;,
        -1.039807;-0.913690; 0.319913;,
        -1.039808;-0.913690; 0.361112;,
        -5.971370;-0.913690; 0.361112;,
        -5.971370;-0.913690; 0.319913;,
        -5.971370;-0.913690; 0.319913;,
        -5.971370;-0.913690; 0.361112;,
        -5.971370;-0.866421; 0.361112;,
        -5.971370;-0.866421; 0.319913;,
        -1.039806;-0.866421; 0.361112;,
        -1.039807;-0.866421; 0.319913;,
        -5.971370;-0.866421; 0.319913;,
        -5.971370;-0.866421; 0.361112;,
        -1.039807;-0.866421; 0.101943;,
        -1.039807;-0.913690; 0.101943;,
        -6.184707;-0.913690; 0.101943;,
        -6.184707;-0.866421; 0.101943;,
        -1.039806;-0.866421; 0.143142;,
        -6.184707;-0.866421; 0.143142;,
        -6.184707;-0.913690; 0.143142;,
        -1.039808;-0.913690; 0.143142;,
        -1.039807;-0.866421; 0.101943;,
        -1.039806;-0.866421; 0.143142;,
        -1.039808;-0.913690; 0.143142;,
        -1.039807;-0.913690; 0.101943;,
        -1.039807;-0.913690; 0.101943;,
        -1.039808;-0.913690; 0.143142;,
        -6.184707;-0.913690; 0.143142;,
        -6.184707;-0.913690; 0.101943;,
        -6.184707;-0.913690; 0.101943;,
        -6.184707;-0.913690; 0.143142;,
        -6.184707;-0.866421; 0.143142;,
        -6.184707;-0.866421; 0.101943;,
        -1.039806;-0.866421; 0.143142;,
        -1.039807;-0.866421; 0.101943;,
        -6.184707;-0.866421; 0.101943;,
        -6.184707;-0.866421; 0.143142;,
        -1.039807;-0.866421;-0.851836;,
        -1.039807;-0.913690;-0.851836;,
        -6.755978;-0.913690;-0.851836;,
        -6.755978;-0.866421;-0.851836;,
        -1.039806;-0.866421;-0.810637;,
        -6.755978;-0.866421;-0.810637;,
        -6.755978;-0.913690;-0.810637;,
        -1.039808;-0.913690;-0.810637;,
        -1.039807;-0.866421;-0.851836;,
        -1.039806;-0.866421;-0.810637;,
        -1.039808;-0.913690;-0.810637;,
        -1.039807;-0.913690;-0.851836;,
        -1.039807;-0.913690;-0.851836;,
        -1.039808;-0.913690;-0.810637;,
        -6.755978;-0.913690;-0.810637;,
        -6.755978;-0.913690;-0.851836;,
        -6.755978;-0.913690;-0.851836;,
        -6.755978;-0.913690;-0.810637;,
        -6.755978;-0.866421;-0.810637;,
        -6.755978;-0.866421;-0.851836;,
        -1.039806;-0.866421;-0.810637;,
        -1.039807;-0.866421;-0.851836;,
        -6.755978;-0.866421;-0.851836;,
        -6.755978;-0.866421;-0.810637;,
        -1.039807;-0.866421;-0.633867;,
        -1.039807;-0.913690;-0.633867;,
        -6.593499;-0.913690;-0.633867;,
        -6.593499;-0.866421;-0.633867;,
        -1.039806;-0.866421;-0.592668;,
        -6.593499;-0.866421;-0.592668;,
        -6.593499;-0.913690;-0.592668;,
        -1.039808;-0.913690;-0.592668;,
        -1.039807;-0.866421;-0.633867;,
        -1.039806;-0.866421;-0.592668;,
        -1.039808;-0.913690;-0.592668;,
        -1.039807;-0.913690;-0.633867;,
        -1.039807;-0.913690;-0.633867;,
        -1.039808;-0.913690;-0.592668;,
        -6.593499;-0.913690;-0.592668;,
        -6.593499;-0.913690;-0.633867;,
        -6.593499;-0.913690;-0.633867;,
        -6.593499;-0.913690;-0.592668;,
        -6.593499;-0.866421;-0.592668;,
        -6.593499;-0.866421;-0.633867;,
        -1.039806;-0.866421;-0.592668;,
        -1.039807;-0.866421;-0.633867;,
        -6.593499;-0.866421;-0.633867;,
        -6.593499;-0.866421;-0.592668;,
        -1.039807;-0.866421;-0.458502;,
        -1.039807;-0.913690;-0.458502;,
        -6.492494;-0.913690;-0.458502;,
        -6.492493;-0.866421;-0.458502;,
        -1.039806;-0.866421;-0.417303;,
