xof 0303txt 0032

template XSkinMeshHeader {
  <3cf169ce-ff7c-44ab-93c0-f78f62d172e2>
  WORD nMaxSkinWeightsPerVertex;
  WORD nMaxSkinWeightsPerFace;
  WORD nBones;
}

template SkinWeights {
  <6f0d123b-bad2-4167-a0d0-80224f25fabb>
  STRING transformNodeName;
  DWORD nWeights;
  array DWORD vertexIndices[nWeights];
  array float weights[nWeights];
  Matrix4x4 matrixOffset;
}

Frame Root {
  FrameTransformMatrix {
     1.000000, 0.000000, 0.000000, 0.000000,
     0.000000,-0.000000, 1.000000, 0.000000,
     0.000000, 1.000000, 0.000000, 0.000000,
     0.000000, 0.000000, 0.000000, 1.000000;;
  }
  Frame Armature {
    FrameTransformMatrix {
       0.021317, 0.000000, 0.999773, 0.000000,
       0.000000, 1.000000, 0.000000, 0.000000,
      -0.999773, 0.000000, 0.021317, 0.000000,
       0.000000, 0.000000, 0.000000, 1.000000;;
    }
    Frame Armature_Bone {
      FrameTransformMatrix {
         0.999740, 0.000000,-0.022778, 0.000000,
         0.022778, 0.000000, 0.999741, 0.000000,
         0.000000,-1.000000, 0.000000, 0.000000,
         1.065799,-0.006872,-0.208286, 1.000000;;
      }
      Frame Armature_Bone_001 {
        FrameTransformMatrix {
          -0.000000, 0.000000,-1.000000, 0.000000,
           0.547920, 0.836531, 0.000000, 0.000000,
           0.836531,-0.547920,-0.000000, 0.000000,
           0.000000, 0.483546, 0.000000, 1.000000;;
        }
      } // End of Armature_Bone_001
    } // End of Armature_Bone
    Frame Armature_Bone_002 {
      FrameTransformMatrix {
        -0.000000,-1.000000,-0.000000, 0.000000,
         0.021317, 0.000000,-0.999773, 0.000000,
         0.999773,-0.000000, 0.021316, 0.000000,
         1.065799,-0.006872,-0.208286, 1.000000;;
      }
      Frame Armature_Bone_003 {
        FrameTransformMatrix {
           0.973970,-0.226625, 0.004881, 0.000000,
           0.223098, 0.954554,-0.197619, 0.000000,
           0.040126, 0.193564, 0.980267, 0.000000,
          -0.000000, 0.670872, 0.000000, 1.000000;;
        }
        Frame Armature_Bone_005 {
          FrameTransformMatrix {
            -0.973630,-0.227647,-0.014856, 0.000000,
            -0.013259, 0.121477,-0.992505, 0.000000,
             0.227746,-0.966137,-0.121292, 0.000000,
             0.000000, 0.895914, 0.000000, 1.000000;;
          }
          Frame Armature_Bone_008 {
            FrameTransformMatrix {
               0.998179, 0.060184,-0.003942, 0.000000,
              -0.060040, 0.985317,-0.159829, 0.000000,
              -0.005735, 0.159774, 0.987137, 0.000000,
              -0.000000, 0.327058,-0.000000, 1.000000;;
            }
          } // End of Armature_Bone_008
        } // End of Armature_Bone_005
      } // End of Armature_Bone_003
      Frame Armature_Bone_004 {
        FrameTransformMatrix {
           0.968843, 0.247655, 0.003195, 0.000000,
          -0.241602, 0.947844,-0.207894, 0.000000,
          -0.054514, 0.200645, 0.978146, 0.000000,
          -0.000000, 0.670872, 0.000000, 1.000000;;
        }
        Frame Armature_Bone_006 {
          FrameTransformMatrix {
            -0.968894, 0.243914, 0.041827, 0.000000,
             0.013532, 0.220977,-0.975185, 0.000000,
            -0.247104,-0.944286,-0.217404, 0.000000,
            -0.000000, 0.879801, 0.000000, 1.000000;;
          }
          Frame Armature_Bone_007 {
            FrameTransformMatrix {
               0.999896,-0.014412,-0.000614, 0.000000,
               0.014399, 0.994558, 0.103187, 0.000000,
              -0.000876,-0.103185, 0.994662, 0.000000,
              -0.000000, 0.332360, 0.000000, 1.000000;;
            }
          } // End of Armature_Bone_007
        } // End of Armature_Bone_006
      } // End of Armature_Bone_004
      Frame Armature_Bone_009 {
        FrameTransformMatrix {
          -0.014126, 0.015964, 0.999772, 0.000000,
          -0.748889,-0.662695,-0.000000, 0.000000,
           0.662545,-0.748719, 0.021317, 0.000000,
          -0.000000, 0.670872, 0.000000, 1.000000;;
        }
        Frame Armature_Bone_013 {
          FrameTransformMatrix {
             0.612131,-0.789432, 0.045743, 0.000000,
             0.790714, 0.611674,-0.025030, 0.000000,
            -0.008220, 0.051491, 0.998640, 0.000000,
            -0.000000, 0.801269, 0.000000, 1.000000;;
          }
          Frame Armature_Bone_014 {
            FrameTransformMatrix {
               0.529157, 0.848465,-0.010039, 0.000000,
              -0.848465, 0.528943,-0.018091, 0.000000,
              -0.010039, 0.018091, 0.999786, 0.000000,
               0.000000, 1.307975, 0.000000, 1.000000;;
            }
            Frame Armature_Bone_015 {
              FrameTransformMatrix {
                 0.465437, 0.885012,-0.011050, 0.000000,
                -0.885080, 0.465418,-0.004391, 0.000000,
                 0.001257, 0.011824, 0.999929, 0.000000,
                 0.000000, 1.216678,-0.000000, 1.000000;;
              }
            } // End of Armature_Bone_015
          } // End of Armature_Bone_014
        } // End of Armature_Bone_013
      } // End of Armature_Bone_009
      Frame Armature_Bone_010 {
        FrameTransformMatrix {
          -0.007787, 0.019843, 0.999773, 0.000000,
          -0.930882,-0.365319,-0.000000, 0.000000,
           0.365236,-0.930671, 0.021316, 0.000000,
          -0.000000, 0.670872, 0.000000, 1.000000;;
        }
        Frame Armature_Bone_016 {
          FrameTransformMatrix {
             0.835644,-0.545275, 0.066137, 0.000000,
             0.549261, 0.830279,-0.094596, 0.000000,
            -0.003331, 0.115375, 0.993316, 0.000000,
            -0.000000, 0.657161, 0.000000, 1.000000;;
          }
          Frame Armature_Bone_017 {
            FrameTransformMatrix {
               0.772838, 0.634585,-0.004843, 0.000000,
              -0.634585, 0.772735,-0.013530, 0.000000,
              -0.004843, 0.013530, 0.999897, 0.000000,
              -0.000000, 1.293949,-0.000000, 1.000000;;
            }
            Frame Armature_Bone_018 {
              FrameTransformMatrix {
                 0.750796, 0.660513,-0.005313, 0.000000,
                -0.660513, 0.750683,-0.014083, 0.000000,
                -0.005313, 0.014083, 0.999887, 0.000000,
                 0.000000, 1.223247, 0.000000, 1.000000;;
              }
            } // End of Armature_Bone_018
          } // End of Armature_Bone_017
        } // End of Armature_Bone_016
      } // End of Armature_Bone_010
      Frame Armature_Bone_011 {
        FrameTransformMatrix {
           0.005380, 0.020626, 0.999773, 0.000000,
          -0.967626, 0.252389,-0.000000, 0.000000,
          -0.252331,-0.967406, 0.021316, 0.000000,
          -0.000000, 0.670872, 0.000000, 1.000000;;
        }
        Frame Armature_Bone_019 {
          FrameTransformMatrix {
             0.976054,-0.204847, 0.073183, 0.000000,
             0.215953, 0.952905,-0.212923, 0.000000,
            -0.026119, 0.223629, 0.974324, 0.000000,
             0.000000, 0.618418,-0.000000, 1.000000;;
          }
          Frame Armature_Bone_020 {
            FrameTransformMatrix {
               0.907985, 0.418997,-0.001962, 0.000000,
              -0.418997, 0.907944,-0.008934, 0.000000,
              -0.001962, 0.008934, 0.999958, 0.000000,
              -0.000000, 1.315398, 0.000000, 1.000000;;
            }
            Frame Armature_Bone_021 {
              FrameTransformMatrix {
                 0.913643, 0.404596,-0.039467, 0.000000,
                -0.406472, 0.907786,-0.103465, 0.000000,
                -0.006034, 0.110572, 0.993850, 0.000000,
                -0.000000, 1.189158,-0.000000, 1.000000;;
              }
            } // End of Armature_Bone_021
          } // End of Armature_Bone_020
        } // End of Armature_Bone_019
      } // End of Armature_Bone_011
      Frame Armature_Bone_012 {
        FrameTransformMatrix {
           0.013751, 0.016287, 0.999773, 0.000000,
          -0.764079, 0.645123,-0.000000, 0.000000,
          -0.644976,-0.763905, 0.021316, 0.000000,
          -0.000000, 0.670872, 0.000000, 1.000000;;
        }
        Frame Armature_Bone_022 {
          FrameTransformMatrix {
             0.990581,-0.093743, 0.099811, 0.000000,
             0.135317, 0.781732,-0.608756, 0.000000,
            -0.020959, 0.616528, 0.787054, 0.000000,
            -0.000000, 0.778404, 0.000000, 1.000000;;
          }
          Frame Armature_Bone_023 {
            FrameTransformMatrix {
               0.923638, 0.374971,-0.079308, 0.000000,
              -0.375617, 0.926747, 0.007167, 0.000000,
               0.076186, 0.023170, 0.996824, 0.000000,
               0.000000, 1.297610,-0.000000, 1.000000;;
            }
            Frame Armature_Bone_024 {
              FrameTransformMatrix {
                 0.924374, 0.372463,-0.082484, 0.000000,
                -0.373192, 0.927728, 0.006982, 0.000000,
                 0.079123, 0.024329, 0.996568, 0.000000,
                -0.000000, 1.241177,-0.000000, 1.000000;;
              }
            } // End of Armature_Bone_024
          } // End of Armature_Bone_023
        } // End of Armature_Bone_022
      } // End of Armature_Bone_012
      Frame Armature_Bone_025 {
        FrameTransformMatrix {
           0.014909, 0.015235, 0.999773, 0.000000,
           0.714703,-0.699428, 0.000000, 0.000000,
           0.699270, 0.714540,-0.021316, 0.000000,
          -0.000000, 0.670872, 0.000000, 1.000000;;
        }
        Frame Armature_Bone_035 {
          FrameTransformMatrix {
            -0.632555, 0.766505, 0.111099, 0.000000,
             0.774478, 0.627388, 0.081044, 0.000000,
            -0.007582, 0.137309,-0.990499, 0.000000,
            -0.000000, 0.818235,-0.000000, 1.000000;;
          }
          Frame Armature_Bone_036 {
            FrameTransformMatrix {
              -0.453169, 0.891348,-0.011655, 0.000000,
               0.890931, 0.452444,-0.039197, 0.000000,
              -0.029665,-0.028147,-0.999163, 0.000000,
               0.000000, 1.309680,-0.000000, 1.000000;;
            }
            Frame Armature_Bone_037 {
              FrameTransformMatrix {
                -0.605770,-0.795603, 0.007726, 0.000000,
                -0.795622, 0.605793, 0.000849, 0.000000,
                -0.005356,-0.005632,-0.999970, 0.000000,
                -0.000000, 1.272890,-0.000000, 1.000000;;
              }
            } // End of Armature_Bone_037
          } // End of Armature_Bone_036
        } // End of Armature_Bone_035
      } // End of Armature_Bone_025
      Frame Armature_Bone_026 {
        FrameTransformMatrix {
           0.008658, 0.019478, 0.999773, 0.000000,
           0.913784,-0.406199, 0.000000, 0.000000,
           0.406107, 0.913577,-0.021316, 0.000000,
          -0.000000, 0.670872, 0.000000, 1.000000;;
        }
        Frame Armature_Bone_032 {
          FrameTransformMatrix {
            -0.851488, 0.521246, 0.057188, 0.000000,
             0.524365, 0.847024, 0.087127, 0.000000,
            -0.003025, 0.104175,-0.994554, 0.000000,
            -0.000000, 0.637408, 0.000000, 1.000000;;
          }
          Frame Armature_Bone_033 {
            FrameTransformMatrix {
              -0.746266, 0.665626,-0.005403, 0.000000,
               0.665256, 0.745522,-0.040386, 0.000000,
              -0.022854,-0.033734,-0.999170, 0.000000,
               0.000000, 1.263885,-0.000000, 1.000000;;
            }
            Frame Armature_Bone_034 {
              FrameTransformMatrix {
                -0.795131,-0.606329, 0.011510, 0.000000,
                -0.606427, 0.795087,-0.009068, 0.000000,
                -0.003653,-0.014191,-0.999893, 0.000000,
                -0.000000, 1.269338,-0.000000, 1.000000;;
              }
            } // End of Armature_Bone_034
          } // End of Armature_Bone_033
        } // End of Armature_Bone_032
      } // End of Armature_Bone_026
      Frame Armature_Bone_027 {
        FrameTransformMatrix {
          -0.003942, 0.020949, 0.999773, 0.000000,
           0.982753, 0.184923, 0.000000, 0.000000,
          -0.184881, 0.982530,-0.021317, 0.000000,
          -0.000000, 0.670872, 0.000000, 1.000000;;
        }
        Frame Armature_Bone_029 {
          FrameTransformMatrix {
            -0.972380, 0.219457, 0.079479, 0.000000,
             0.233404, 0.913179, 0.334107, 0.000000,
             0.000744, 0.343429,-0.939178, 0.000000,
             0.000000, 0.596423, 0.000000, 1.000000;;
          }
          Frame Armature_Bone_030 {
            FrameTransformMatrix {
              -0.864348, 0.502887,-0.002890, 0.000000,
               0.502773, 0.863996,-0.027018, 0.000000,
              -0.011090,-0.024806,-0.999631, 0.000000,
               0.000000, 1.294762, 0.000000, 1.000000;;
            }
            Frame Armature_Bone_031 {
              FrameTransformMatrix {
                -0.970449,-0.240840, 0.014977, 0.000000,
                -0.241060, 0.970392,-0.015162, 0.000000,
                -0.010881,-0.018324,-0.999773, 0.000000,
                 0.000000, 1.232208,-0.000000, 1.000000;;
              }
            } // End of Armature_Bone_031
          } // End of Armature_Bone_030
        } // End of Armature_Bone_029
      } // End of Armature_Bone_027
      Frame Armature_Bone_028 {
        FrameTransformMatrix {
          -0.012989, 0.016902, 0.999773, 0.000000,
           0.792906, 0.609344, 0.000000, 0.000000,
          -0.609205, 0.792726,-0.021317, 0.000000,
          -0.000000, 0.670872, 0.000000, 1.000000;;
        }
        Frame Armature_Bone_038 {
          FrameTransformMatrix {
            -0.986669, 0.104818, 0.124492, 0.000000,
             0.155494, 0.832938, 0.531070, 0.000000,
            -0.048028, 0.543348,-0.838132, 0.000000,
             0.000000, 0.740060,-0.000000, 1.000000;;
          }
          Frame Armature_Bone_039 {
            FrameTransformMatrix {
               0.895999,-0.417700, 0.150708, 0.000000,
               0.419100, 0.907625, 0.023903, 0.000000,
              -0.146770, 0.041745, 0.988289, 0.000000,
               0.000000, 1.299262,-0.000000, 1.000000;;
            }
            Frame Armature_Bone_040 {
              FrameTransformMatrix {
                 0.966234,-0.239179, 0.095840, 0.000000,
                 0.239803, 0.970808, 0.005121, 0.000000,
                -0.094267, 0.018034, 0.995384, 0.000000,
                -0.000000, 1.244353,-0.000000, 1.000000;;
              }
            } // End of Armature_Bone_040
          } // End of Armature_Bone_039
        } // End of Armature_Bone_038
      } // End of Armature_Bone_028
    } // End of Armature_Bone_002
    Frame Cube_001 {
      FrameTransformMatrix {
        -0.004667,-0.000000, 0.218871, 0.000000,
         0.000000,-0.444127,-0.000000, 0.000000,
         0.189131, 0.000000, 0.004033, 0.000000,
         0.272755, 0.000000, 0.005816, 1.000000;;
      }
      Mesh { // Cube_001 mesh
        744;
        -7.659575;-0.264360;-3.054280;,
        -7.659575;-0.636283;-3.054280;,
        -8.232993;-0.636283;-3.054280;,
        -8.232993;-0.264360;-3.054280;,
        -7.659575;-0.264360;-1.022868;,
        -8.232993;-0.264360;-1.022868;,
        -8.232993;-0.636283;-1.022868;,
        -7.659575;-0.636283;-1.022868;,
        -7.659575;-0.264360;-3.054280;,
        -7.659575;-0.264360;-1.022868;,
        -7.659575;-0.636283;-1.022868;,
        -7.659575;-0.636283;-3.054280;,
        -7.659575;-0.636283;-3.054280;,
        -7.659575;-0.636283;-1.022868;,
        -8.232993;-0.636283;-1.022868;,
        -8.232993;-0.636283;-3.054280;,
        -8.232993;-0.636283;-3.054280;,
        -8.232993;-0.636283;-1.022868;,
        -8.232993;-0.264360;-1.022868;,
        -8.232993;-0.264360;-3.054280;,
        -7.659575;-0.264360;-1.022868;,
        -7.659575;-0.264360;-3.054280;,
        -8.232993;-0.264360;-3.054280;,
        -8.232993;-0.264360;-1.022868;,
        -7.659575; 0.636283;-3.054280;,
        -7.659575; 0.264360;-3.054280;,
        -8.232993; 0.264360;-3.054280;,
        -8.232993; 0.636283;-3.054280;,
        -7.659575; 0.636283;-1.022868;,
        -8.232993; 0.636283;-1.022868;,
        -8.232993; 0.264360;-1.022868;,
        -7.659575; 0.264360;-1.022868;,
        -7.659575; 0.636283;-3.054280;,
        -7.659575; 0.636283;-1.022868;,
        -7.659575; 0.264360;-1.022868;,
        -7.659575; 0.264360;-3.054280;,
        -7.659575; 0.264360;-3.054280;,
        -7.659575; 0.264360;-1.022868;,
        -8.232993; 0.264360;-1.022868;,
        -8.232993; 0.264360;-3.054280;,
        -8.232993; 0.264360;-3.054280;,
        -8.232993; 0.264360;-1.022868;,
        -8.232993; 0.636283;-1.022868;,
        -8.232993; 0.636283;-3.054280;,
        -7.659575; 0.636283;-1.022868;,
        -7.659575; 0.636283;-3.054280;,
        -8.232993; 0.636283;-3.054280;,
        -8.232993; 0.636283;-1.022868;,
        -5.812137; 6.961293;-0.422890;,
        -5.812137; 4.191816;-0.422890;,
        -6.542995; 4.191816;-0.422890;,
        -6.542995; 6.961294;-0.422890;,
        -5.812137; 6.961293; 0.422890;,
        -6.542995; 6.961293; 0.422890;,
        -6.542995; 4.191817; 0.422890;,
        -5.812137; 4.191815; 0.422890;,
        -5.812137; 6.961293;-0.422890;,
        -5.812137; 6.961293; 0.422890;,
        -5.812137; 4.191815; 0.422890;,
        -5.812137; 4.191816;-0.422890;,
        -5.812137; 4.191816;-0.422890;,
        -5.812137; 4.191815; 0.422890;,
        -6.542995; 4.191817; 0.422890;,
        -6.542995; 4.191816;-0.422890;,
        -6.542995; 4.191816;-0.422890;,
        -6.542995; 4.191817; 0.422890;,
        -6.542995; 6.961293; 0.422890;,
        -6.542995; 6.961294;-0.422890;,
        -5.812137; 6.961293; 0.422890;,
        -5.812137; 6.961293;-0.422890;,
        -6.542995; 6.961294;-0.422890;,
        -6.542995; 6.961293; 0.422890;,
        -5.812137; 4.173129;-0.422890;,
        -5.812137; 1.403652;-0.422890;,
        -6.542995; 1.403652;-0.422890;,
        -6.542995; 4.173130;-0.422890;,
        -5.812137; 4.173128; 0.422890;,
        -6.542995; 4.173129; 0.422890;,
        -6.542995; 1.403652; 0.422890;,
        -5.812137; 1.403651; 0.422890;,
        -5.812137; 4.173129;-0.422890;,
        -5.812137; 4.173128; 0.422890;,
        -5.812137; 1.403651; 0.422890;,
        -5.812137; 1.403652;-0.422890;,
        -5.812137; 1.403652;-0.422890;,
        -5.812137; 1.403651; 0.422890;,
        -6.542995; 1.403652; 0.422890;,
        -6.542995; 1.403652;-0.422890;,
        -6.542995; 1.403652;-0.422890;,
        -6.542995; 1.403652; 0.422890;,
        -6.542995; 4.173129; 0.422890;,
        -6.542995; 4.173130;-0.422890;,
        -5.812137; 4.173128; 0.422890;,
        -5.812137; 4.173129;-0.422890;,
        -6.542995; 4.173130;-0.422890;,
        -6.542995; 4.173129; 0.422890;,
        -5.903494;11.474860;-0.317168;,
        -5.903494; 6.971646;-0.317168;,
        -6.451638; 6.971646;-0.317168;,
        -6.451638;11.474861;-0.317168;,
        -5.903494;11.474859; 0.317168;,
        -6.451638;11.474861; 0.317168;,
        -6.451638; 6.971646; 0.317168;,
        -5.903494; 6.971644; 0.317168;,
        -5.903494;11.474860;-0.317168;,
        -5.903494;11.474859; 0.317168;,
        -5.903494; 6.971644; 0.317168;,
        -5.903494; 6.971646;-0.317168;,
        -5.903494; 6.971646;-0.317168;,
        -5.903494; 6.971644; 0.317168;,
        -6.451638; 6.971646; 0.317168;,
        -6.451638; 6.971646;-0.317168;,
        -6.451638; 6.971646;-0.317168;,
        -6.451638; 6.971646; 0.317168;,
        -6.451638;11.474861; 0.317168;,
        -6.451638;11.474861;-0.317168;,
        -5.903494;11.474859; 0.317168;,
        -5.903494;11.474860;-0.317168;,
        -6.451638;11.474861;-0.317168;,
        -6.451638;11.474861; 0.317168;,
        -4.447227;11.493556;-0.317168;,
        -4.447227; 6.990342;-0.317168;,
        -4.995371; 6.990342;-0.317168;,
        -4.995371;11.493557;-0.317168;,
        -4.447227;11.493555; 0.317168;,
        -4.995371;11.493557; 0.317168;,
        -4.995371; 6.990342; 0.317168;,
        -4.447227; 6.990340; 0.317168;,
        -4.447227;11.493556;-0.317168;,
        -4.447227;11.493555; 0.317168;,
        -4.447227; 6.990340; 0.317168;,
        -4.447227; 6.990342;-0.317168;,
        -4.447227; 6.990342;-0.317168;,
        -4.447227; 6.990340; 0.317168;,
        -4.995371; 6.990342; 0.317168;,
        -4.995371; 6.990342;-0.317168;,
        -4.995371; 6.990342;-0.317168;,
        -4.995371; 6.990342; 0.317168;,
        -4.995371;11.493557; 0.317168;,
        -4.995371;11.493557;-0.317168;,
        -4.447227;11.493555; 0.317168;,
        -4.447227;11.493556;-0.317168;,
        -4.995371;11.493557;-0.317168;,
        -4.995371;11.493557; 0.317168;,
        -4.355870; 4.173129;-0.422890;,
        -4.355870; 1.403652;-0.422890;,
        -5.086729; 1.403652;-0.422890;,
        -5.086728; 4.173130;-0.422890;,
        -4.355870; 4.173128; 0.422890;,
        -5.086729; 4.173129; 0.422890;,
        -5.086729; 1.403652; 0.422890;,
        -4.355870; 1.403651; 0.422890;,
        -4.355870; 4.173129;-0.422890;,
        -4.355870; 4.173128; 0.422890;,
        -4.355870; 1.403651; 0.422890;,
        -4.355870; 1.403652;-0.422890;,
        -4.355870; 1.403652;-0.422890;,
        -4.355870; 1.403651; 0.422890;,
        -5.086729; 1.403652; 0.422890;,
        -5.086729; 1.403652;-0.422890;,
        -5.086729; 1.403652;-0.422890;,
        -5.086729; 1.403652; 0.422890;,
        -5.086729; 4.173129; 0.422890;,
        -5.086728; 4.173130;-0.422890;,
        -4.355870; 4.173128; 0.422890;,
        -4.355870; 4.173129;-0.422890;,
        -5.086728; 4.173130;-0.422890;,
        -5.086729; 4.173129; 0.422890;,
        -4.355870; 6.961293;-0.422890;,
        -4.355870; 4.191816;-0.422890;,
        -5.086729; 4.191816;-0.422890;,
        -5.086728; 6.961294;-0.422890;,
        -4.355870; 6.961293; 0.422890;,
        -5.086729; 6.961293; 0.422890;,
        -5.086729; 4.191817; 0.422890;,
        -4.355870; 4.191815; 0.422890;,
        -4.355870; 6.961293;-0.422890;,
        -4.355870; 6.961293; 0.422890;,
        -4.355870; 4.191815; 0.422890;,
        -4.355870; 4.191816;-0.422890;,
        -4.355870; 4.191816;-0.422890;,
        -4.355870; 4.191815; 0.422890;,
        -5.086729; 4.191817; 0.422890;,
        -5.086729; 4.191816;-0.422890;,
        -5.086729; 4.191816;-0.422890;,
        -5.086729; 4.191817; 0.422890;,
        -5.086729; 6.961293; 0.422890;,
        -5.086728; 6.961294;-0.422890;,
        -4.355870; 6.961293; 0.422890;,
        -4.355870; 6.961293;-0.422890;,
        -5.086728; 6.961294;-0.422890;,
        -5.086729; 6.961293; 0.422890;,
        -2.719372; 6.961293;-0.422890;,
        -2.719372; 4.191816;-0.422890;,
        -3.450230; 4.191816;-0.422890;,
        -3.450230; 6.961294;-0.422890;,
        -2.719372; 6.961293; 0.422890;,
        -3.450230; 6.961293; 0.422890;,
        -3.450231; 4.191817; 0.422890;,
        -2.719372; 4.191815; 0.422890;,
        -2.719372; 6.961293;-0.422890;,
        -2.719372; 6.961293; 0.422890;,
        -2.719372; 4.191815; 0.422890;,
        -2.719372; 4.191816;-0.422890;,
        -2.719372; 4.191816;-0.422890;,
        -2.719372; 4.191815; 0.422890;,
        -3.450231; 4.191817; 0.422890;,
        -3.450230; 4.191816;-0.422890;,
        -3.450230; 4.191816;-0.422890;,
        -3.450231; 4.191817; 0.422890;,
        -3.450230; 6.961293; 0.422890;,
        -3.450230; 6.961294;-0.422890;,
        -2.719372; 6.961293; 0.422890;,
        -2.719372; 6.961293;-0.422890;,
        -3.450230; 6.961294;-0.422890;,
        -3.450230; 6.961293; 0.422890;,
        -2.719372; 4.173129;-0.422890;,
        -2.719372; 1.403652;-0.422890;,
        -3.450230; 1.403652;-0.422890;,
        -3.450230; 4.173130;-0.422890;,
        -2.719372; 4.173128; 0.422890;,
        -3.450230; 4.173129; 0.422890;,
        -3.450231; 1.403652; 0.422890;,
        -2.719372; 1.403651; 0.422890;,
        -2.719372; 4.173129;-0.422890;,
        -2.719372; 4.173128; 0.422890;,
        -2.719372; 1.403651; 0.422890;,
        -2.719372; 1.403652;-0.422890;,
        -2.719372; 1.403652;-0.422890;,
        -2.719372; 1.403651; 0.422890;,
        -3.450231; 1.403652; 0.422890;,
        -3.450230; 1.403652;-0.422890;,
        -3.450230; 1.403652;-0.422890;,
        -3.450231; 1.403652; 0.422890;,
        -3.450230; 4.173129; 0.422890;,
        -3.450230; 4.173130;-0.422890;,
        -2.719372; 4.173128; 0.422890;,
        -2.719372; 4.173129;-0.422890;,
        -3.450230; 4.173130;-0.422890;,
        -3.450230; 4.173129; 0.422890;,
        -2.810729;11.478621;-0.317168;,
        -2.810729; 6.975407;-0.317168;,
        -3.358873; 6.975408;-0.317168;,
        -3.358873;11.478622;-0.317168;,
        -2.810729;11.478621; 0.317168;,
        -3.358873;11.478622; 0.317168;,
        -3.358873; 6.975408; 0.317168;,
        -2.810730; 6.975406; 0.317168;,
        -2.810729;11.478621;-0.317168;,
        -2.810729;11.478621; 0.317168;,
        -2.810730; 6.975406; 0.317168;,
        -2.810729; 6.975407;-0.317168;,
        -2.810729; 6.975407;-0.317168;,
        -2.810730; 6.975406; 0.317168;,
        -3.358873; 6.975408; 0.317168;,
        -3.358873; 6.975408;-0.317168;,
        -3.358873; 6.975408;-0.317168;,
        -3.358873; 6.975408; 0.317168;,
        -3.358873;11.478622; 0.317168;,
        -3.358873;11.478622;-0.317168;,
        -2.810729;11.478621; 0.317168;,
        -2.810729;11.478621;-0.317168;,
        -3.358873;11.478622;-0.317168;,
        -3.358873;11.478622; 0.317168;,
        -1.344629;11.497518;-0.317168;,
        -1.344629; 6.994303;-0.317168;,
        -1.892773; 6.994304;-0.317168;,
        -1.892773;11.497519;-0.317168;,
        -1.344629;11.497517; 0.317168;,
        -1.892773;11.497519; 0.317168;,
        -1.892773; 6.994304; 0.317168;,
        -1.344629; 6.994302; 0.317168;,
        -1.344629;11.497518;-0.317168;,
        -1.344629;11.497517; 0.317168;,
        -1.344629; 6.994302; 0.317168;,
        -1.344629; 6.994303;-0.317168;,
        -1.344629; 6.994303;-0.317168;,
        -1.344629; 6.994302; 0.317168;,
        -1.892773; 6.994304; 0.317168;,
        -1.892773; 6.994304;-0.317168;,
        -1.892773; 6.994304;-0.317168;,
        -1.892773; 6.994304; 0.317168;,
        -1.892773;11.497519; 0.317168;,
        -1.892773;11.497519;-0.317168;,
        -1.344629;11.497517; 0.317168;,
        -1.344629;11.497518;-0.317168;,
        -1.892773;11.497519;-0.317168;,
        -1.892773;11.497519; 0.317168;,
        -1.253272; 4.173129;-0.422890;,
        -1.253272; 1.403652;-0.422890;,
        -1.984130; 1.403652;-0.422890;,
        -1.984130; 4.173130;-0.422890;,
        -1.253272; 4.173128; 0.422890;,
        -1.984130; 4.173129; 0.422890;,
        -1.984130; 1.403652; 0.422890;,
        -1.253272; 1.403651; 0.422890;,
        -1.253272; 4.173129;-0.422890;,
        -1.253272; 4.173128; 0.422890;,
        -1.253272; 1.403651; 0.422890;,
        -1.253272; 1.403652;-0.422890;,
        -1.253272; 1.403652;-0.422890;,
        -1.253272; 1.403651; 0.422890;,
        -1.984130; 1.403652; 0.422890;,
        -1.984130; 1.403652;-0.422890;,
        -1.984130; 1.403652;-0.422890;,
        -1.984130; 1.403652; 0.422890;,
        -1.984130; 4.173129; 0.422890;,
        -1.984130; 4.173130;-0.422890;,
        -1.253272; 4.173128; 0.422890;,
        -1.253272; 4.173129;-0.422890;,
        -1.984130; 4.173130;-0.422890;,
        -1.984130; 4.173129; 0.422890;,
        -1.253272; 6.961293;-0.422890;,
        -1.253272; 4.191816;-0.422890;,
        -1.984130; 4.191816;-0.422890;,
        -1.984130; 6.961294;-0.422890;,
        -1.253272; 6.961293; 0.422890;,
        -1.984130; 6.961293; 0.422890;,
        -1.984130; 4.191817; 0.422890;,
        -1.253272; 4.191815; 0.422890;,
        -1.253272; 6.961293;-0.422890;,
        -1.253272; 6.961293; 0.422890;,
        -1.253272; 4.191815; 0.422890;,
        -1.253272; 4.191816;-0.422890;,
        -1.253272; 4.191816;-0.422890;,
        -1.253272; 4.191815; 0.422890;,
        -1.984130; 4.191817; 0.422890;,
        -1.984130; 4.191816;-0.422890;,
        -1.984130; 4.191816;-0.422890;,
        -1.984130; 4.191817; 0.422890;,
        -1.984130; 6.961293; 0.422890;,
        -1.984130; 6.961294;-0.422890;,
        -1.253272; 6.961293; 0.422890;,
        -1.253272; 6.961293;-0.422890;,
        -1.984130; 6.961294;-0.422890;,
        -1.984130; 6.961293; 0.422890;,
        -1.253272;-1.409979;-0.422890;,
        -1.253272;-4.179456;-0.422890;,
        -1.984130;-4.179456;-0.422890;,
        -1.984130;-1.409979;-0.422890;,
        -1.253272;-1.409980; 0.422890;,
        -1.984130;-1.409979; 0.422890;,
        -1.984130;-4.179456; 0.422890;,
        -1.253272;-4.179457; 0.422890;,
        -1.253272;-1.409979;-0.422890;,
        -1.253272;-1.409980; 0.422890;,
        -1.253272;-4.179457; 0.422890;,
        -1.253272;-4.179456;-0.422890;,
        -1.253272;-4.179456;-0.422890;,
        -1.253272;-4.179457; 0.422890;,
        -1.984130;-4.179456; 0.422890;,
        -1.984130;-4.179456;-0.422890;,
        -1.984130;-4.179456;-0.422890;,
        -1.984130;-4.179456; 0.422890;,
        -1.984130;-1.409979; 0.422890;,
        -1.984130;-1.409979;-0.422890;,
        -1.253272;-1.409980; 0.422890;,
        -1.253272;-1.409979;-0.422890;,
        -1.984130;-1.409979;-0.422890;,
        -1.984130;-1.409979; 0.422890;,
        -1.253272;-4.198144;-0.422890;,
        -1.253272;-6.967621;-0.422890;,
        -1.984130;-6.967621;-0.422890;,
        -1.984130;-4.198143;-0.422890;,
        -1.253272;-4.198144; 0.422890;,
        -1.984130;-4.198144; 0.422890;,
        -1.984130;-6.967620; 0.422890;,
        -1.253272;-6.967622; 0.422890;,
        -1.253272;-4.198144;-0.422890;,
        -1.253272;-4.198144; 0.422890;,
        -1.253272;-6.967622; 0.422890;,
        -1.253272;-6.967621;-0.422890;,
        -1.253272;-6.967621;-0.422890;,
        -1.253272;-6.967622; 0.422890;,
        -1.984130;-6.967620; 0.422890;,
        -1.984130;-6.967621;-0.422890;,
        -1.984130;-6.967621;-0.422890;,
        -1.984130;-6.967620; 0.422890;,
        -1.984130;-4.198144; 0.422890;,
        -1.984130;-4.198143;-0.422890;,
        -1.253272;-4.198144; 0.422890;,
        -1.253272;-4.198144;-0.422890;,
        -1.984130;-4.198143;-0.422890;,
        -1.984130;-4.198144; 0.422890;,
        -1.344629;-6.997741;-0.317168;,
        -1.344629;-11.500956;-0.317168;,
        -1.892773;-11.500955;-0.317168;,
        -1.892773;-6.997740;-0.317168;,
        -1.344629;-6.997742; 0.317168;,
        -1.892773;-6.997740; 0.317168;,
        -1.892773;-11.500955; 0.317168;,
        -1.344629;-11.500957; 0.317168;,
        -1.344629;-6.997741;-0.317168;,
        -1.344629;-6.997742; 0.317168;,
        -1.344629;-11.500957; 0.317168;,
        -1.344629;-11.500956;-0.317168;,
        -1.344629;-11.500956;-0.317168;,
        -1.344629;-11.500957; 0.317168;,
        -1.892773;-11.500955; 0.317168;,
        -1.892773;-11.500955;-0.317168;,
        -1.892773;-11.500955;-0.317168;,
        -1.892773;-11.500955; 0.317168;,
        -1.892773;-6.997740; 0.317168;,
        -1.892773;-6.997740;-0.317168;,
        -1.344629;-6.997742; 0.317168;,
        -1.344629;-6.997741;-0.317168;,
        -1.892773;-6.997740;-0.317168;,
        -1.892773;-6.997740; 0.317168;,
        -2.800112;-7.018692;-0.317168;,
        -2.800112;-11.521906;-0.317168;,
        -3.348256;-11.521906;-0.317168;,
        -3.348256;-7.018691;-0.317168;,
        -2.800112;-7.018693; 0.317168;,
        -3.348256;-7.018692; 0.317168;,
        -3.348256;-11.521906; 0.317168;,
        -2.800112;-11.521908; 0.317168;,
        -2.800112;-7.018692;-0.317168;,
        -2.800112;-7.018693; 0.317168;,
        -2.800112;-11.521908; 0.317168;,
        -2.800112;-11.521906;-0.317168;,
        -2.800112;-11.521906;-0.317168;,
        -2.800112;-11.521908; 0.317168;,
        -3.348256;-11.521906; 0.317168;,
        -3.348256;-11.521906;-0.317168;,
        -3.348256;-11.521906;-0.317168;,
        -3.348256;-11.521906; 0.317168;,
        -3.348256;-7.018692; 0.317168;,
        -3.348256;-7.018691;-0.317168;,
        -2.800112;-7.018693; 0.317168;,
        -2.800112;-7.018692;-0.317168;,
        -3.348256;-7.018691;-0.317168;,
        -3.348256;-7.018692; 0.317168;,
        -2.708755;-4.198144;-0.422890;,
        -2.708755;-6.967621;-0.422890;,
        -3.439613;-6.967621;-0.422890;,
        -3.439613;-4.198143;-0.422890;,
        -2.708754;-4.198144; 0.422890;,
        -3.439613;-4.198144; 0.422890;,
        -3.439613;-6.967620; 0.422890;,
        -2.708755;-6.967622; 0.422890;,
        -2.708755;-4.198144;-0.422890;,
        -2.708754;-4.198144; 0.422890;,
        -2.708755;-6.967622; 0.422890;,
        -2.708755;-6.967621;-0.422890;,
        -2.708755;-6.967621;-0.422890;,
        -2.708755;-6.967622; 0.422890;,
        -3.439613;-6.967620; 0.422890;,
        -3.439613;-6.967621;-0.422890;,
        -3.439613;-6.967621;-0.422890;,
        -3.439613;-6.967620; 0.422890;,
        -3.439613;-4.198144; 0.422890;,
        -3.439613;-4.198143;-0.422890;,
        -2.708754;-4.198144; 0.422890;,
        -2.708755;-4.198144;-0.422890;,
        -3.439613;-4.198143;-0.422890;,
        -3.439613;-4.198144; 0.422890;,
        -2.708755;-1.409979;-0.422890;,
        -2.708755;-4.179456;-0.422890;,
        -3.439613;-4.179456;-0.422890;,
        -3.439613;-1.409979;-0.422890;,
        -2.708754;-1.409980; 0.422890;,
        -3.439613;-1.409979; 0.422890;,
        -3.439613;-4.179456; 0.422890;,
        -2.708755;-4.179457; 0.422890;,
        -2.708755;-1.409979;-0.422890;,
        -2.708754;-1.409980; 0.422890;,
        -2.708755;-4.179457; 0.422890;,
        -2.708755;-4.179456;-0.422890;,
        -2.708755;-4.179456;-0.422890;,
        -2.708755;-4.179457; 0.422890;,
        -3.439613;-4.179456; 0.422890;,
        -3.439613;-4.179456;-0.422890;,
        -3.439613;-4.179456;-0.422890;,
        -3.439613;-4.179456; 0.422890;,
        -3.439613;-1.409979; 0.422890;,
        -3.439613;-1.409979;-0.422890;,
        -2.708754;-1.409980; 0.422890;,
        -2.708755;-1.409979;-0.422890;,
        -3.439613;-1.409979;-0.422890;,
        -3.439613;-1.409979; 0.422890;,
        -4.473421;-1.409979;-0.422890;,
        -4.473421;-4.179456;-0.422890;,
        -5.204280;-4.179456;-0.422890;,
        -5.204279;-1.409979;-0.422890;,
        -4.473421;-1.409980; 0.422890;,
        -5.204280;-1.409979; 0.422890;,
        -5.204280;-4.179456; 0.422890;,
        -4.473422;-4.179457; 0.422890;,
        -4.473421;-1.409979;-0.422890;,
        -4.473421;-1.409980; 0.422890;,
        -4.473422;-4.179457; 0.422890;,
        -4.473421;-4.179456;-0.422890;,
        -4.473421;-4.179456;-0.422890;,
        -4.473422;-4.179457; 0.422890;,
        -5.204280;-4.179456; 0.422890;,
        -5.204280;-4.179456;-0.422890;,
        -5.204280;-4.179456;-0.422890;,
        -5.204280;-4.179456; 0.422890;,
        -5.204280;-1.409979; 0.422890;,
        -5.204279;-1.409979;-0.422890;,
        -4.473421;-1.409980; 0.422890;,
        -4.473421;-1.409979;-0.422890;,
        -5.204279;-1.409979;-0.422890;,
        -5.204280;-1.409979; 0.422890;,
        -4.473421;-4.198144;-0.422890;,
        -4.473421;-6.967621;-0.422890;,
        -5.204280;-6.967621;-0.422890;,
        -5.204279;-4.198143;-0.422890;,
        -4.473421;-4.198144; 0.422890;,
        -5.204280;-4.198144; 0.422890;,
        -5.204280;-6.967620; 0.422890;,
        -4.473422;-6.967622; 0.422890;,
        -4.473421;-4.198144;-0.422890;,
        -4.473421;-4.198144; 0.422890;,
        -4.473422;-6.967622; 0.422890;,
        -4.473421;-6.967621;-0.422890;,
        -4.473421;-6.967621;-0.422890;,
        -4.473422;-6.967622; 0.422890;,
        -5.204280;-6.967620; 0.422890;,
        -5.204280;-6.967621;-0.422890;,
        -5.204280;-6.967621;-0.422890;,
        -5.204280;-6.967620; 0.422890;,
        -5.204280;-4.198144; 0.422890;,
        -5.204279;-4.198143;-0.422890;,
        -4.473421;-4.198144; 0.422890;,
        -4.473421;-4.198144;-0.422890;,
        -5.204279;-4.198143;-0.422890;,
        -5.204280;-4.198144; 0.422890;,
        -4.564778;-6.985010;-0.317168;,
        -4.564778;-11.488224;-0.317168;,
        -5.112923;-11.488224;-0.317168;,
        -5.112922;-6.985009;-0.317168;,
        -4.564778;-6.985011; 0.317168;,
        -5.112922;-6.985010; 0.317168;,
        -5.112923;-11.488224; 0.317168;,
        -4.564779;-11.488226; 0.317168;,
        -4.564778;-6.985010;-0.317168;,
        -4.564778;-6.985011; 0.317168;,
        -4.564779;-11.488226; 0.317168;,
        -4.564778;-11.488224;-0.317168;,
        -4.564778;-11.488224;-0.317168;,
        -4.564779;-11.488226; 0.317168;,
        -5.112923;-11.488224; 0.317168;,
        -5.112923;-11.488224;-0.317168;,
        -5.112923;-11.488224;-0.317168;,
        -5.112923;-11.488224; 0.317168;,
        -5.112922;-6.985010; 0.317168;,
        -5.112922;-6.985009;-0.317168;,
        -4.564778;-6.985011; 0.317168;,
        -4.564778;-6.985010;-0.317168;,
        -5.112922;-6.985009;-0.317168;,
        -5.112922;-6.985010; 0.317168;,
        -6.024647;-7.006655;-0.422890;,
        -6.024647;-11.509869;-0.422890;,
        -6.755506;-11.509869;-0.422890;,
        -6.755506;-7.006654;-0.422890;,
        -6.024647;-7.006656; 0.422890;,
        -6.755506;-7.006654; 0.422890;,
        -6.755506;-11.509869; 0.422890;,
        -6.024648;-11.509871; 0.422890;,
        -6.024647;-7.006655;-0.422890;,
        -6.024647;-7.006656; 0.422890;,
        -6.024648;-11.509871; 0.422890;,
        -6.024647;-11.509869;-0.422890;,
        -6.024647;-11.509869;-0.422890;,
        -6.024648;-11.509871; 0.422890;,
        -6.755506;-11.509869; 0.422890;,
        -6.755506;-11.509869;-0.422890;,
        -6.755506;-11.509869;-0.422890;,
        -6.755506;-11.509869; 0.422890;,
        -6.755506;-7.006654; 0.422890;,
        -6.755506;-7.006654;-0.422890;,
        -6.024647;-7.006656; 0.422890;,
        -6.024647;-7.006655;-0.422890;,
        -6.755506;-7.006654;-0.422890;,
        -6.755506;-7.006654; 0.422890;,
        -6.024647;-4.198144;-0.422890;,
        -6.024647;-6.967621;-0.422890;,
        -6.755506;-6.967621;-0.422890;,
        -6.755506;-4.198143;-0.422890;,
        -6.024647;-4.198144; 0.422890;,
        -6.755506;-4.198144; 0.422890;,
        -6.755506;-6.967620; 0.422890;,
        -6.024648;-6.967622; 0.422890;,
        -6.024647;-4.198144;-0.422890;,
        -6.024647;-4.198144; 0.422890;,
        -6.024648;-6.967622; 0.422890;,
        -6.024647;-6.967621;-0.422890;,
        -6.024647;-6.967621;-0.422890;,
        -6.024648;-6.967622; 0.422890;,
        -6.755506;-6.967620; 0.422890;,
        -6.755506;-6.967621;-0.422890;,
        -6.755506;-6.967621;-0.422890;,
        -6.755506;-6.967620; 0.422890;,
        -6.755506;-4.198144; 0.422890;,
        -6.755506;-4.198143;-0.422890;,
        -6.024647;-4.198144; 0.422890;,
        -6.024647;-4.198144;-0.422890;,
        -6.755506;-4.198143;-0.422890;,
        -6.755506;-4.198144; 0.422890;,
        -6.024647;-1.409979;-0.422890;,
        -6.024647;-4.179456;-0.422890;,
        -6.755506;-4.179456;-0.422890;,
