xof 0303txt 0032

template XSkinMeshHeader {
  <3cf169ce-ff7c-44ab-93c0-f78f62d172e2>
  WORD nMaxSkinWeightsPerVertex;
  WORD nMaxSkinWeightsPerFace;
  WORD nBones;
}

template SkinWeights {
  <6f0d123b-bad2-4167-a0d0-80224f25fabb>
  STRING transformNodeName;
  DWORD nWeights;
  array DWORD vertexIndices[nWeights];
  array float weights[nWeights];
  Matrix4x4 matrixOffset;
}

Frame Root {
  FrameTransformMatrix {
     1.000000, 0.000000, 0.000000, 0.000000,
     0.000000,-0.000000, 1.000000, 0.000000,
     0.000000, 1.000000, 0.000000, 0.000000,
     0.000000, 0.000000, 0.000000, 1.000000;;
  }
  Frame Armature {
    FrameTransformMatrix {
       0.021317, 0.000000, 0.999773, 0.000000,
       0.000000, 1.000000, 0.000000, 0.000000,
      -0.999773, 0.000000, 0.021317, 0.000000,
       0.000000, 0.000000, 0.000000, 1.000000;;
    }
    Frame Armature_Bone {
      FrameTransformMatrix {
         0.999740, 0.000000,-0.022778, 0.000000,
         0.022778, 0.000000, 0.999741, 0.000000,
         0.000000,-1.000000, 0.000000, 0.000000,
         0.180945,-0.006872, 1.647028, 1.000000;;
      }
      Frame Armature_Bone_001 {
        FrameTransformMatrix {
          -0.156309,-0.243930,-0.957113, 0.000000,
           0.541812, 0.789039,-0.289580, 0.000000,
           0.825837,-0.563839, 0.008830, 0.000000,
          -0.000000, 0.483547, 0.000000, 1.000000;;
        }
      } // End of Armature_Bone_001
    } // End of Armature_Bone
    Frame Armature_Bone_002 {
      FrameTransformMatrix {
         0.091321,-0.948841, 0.302260, 0.000000,
         0.011153,-0.302535,-0.953073, 0.000000,
         0.995759, 0.090407,-0.017046, 0.000000,
         0.180945,-0.006872, 1.647028, 1.000000;;
      }
      Frame Armature_Bone_003 {
        FrameTransformMatrix {
           0.973970,-0.226625, 0.004881, 0.000000,
           0.223098, 0.954554,-0.197619, 0.000000,
           0.040126, 0.193564, 0.980267, 0.000000,
          -0.000000, 0.670872, 0.000000, 1.000000;;
        }
        Frame Armature_Bone_005 {
          FrameTransformMatrix {
            -0.967829,-0.247696,-0.044206, 0.000000,
            -0.251050, 0.962367, 0.104036, 0.000000,
             0.016773, 0.111788,-0.993590, 0.000000,
            -0.000000, 0.895914, 0.000000, 1.000000;;
          }
          Frame Armature_Bone_008 {
            FrameTransformMatrix {
               0.998179, 0.060184,-0.003942, 0.000000,
              -0.060040, 0.985317,-0.159829, 0.000000,
              -0.005735, 0.159774, 0.987137, 0.000000,
              -0.000000, 0.327058,-0.000000, 1.000000;;
            }
          } // End of Armature_Bone_008
        } // End of Armature_Bone_005
      } // End of Armature_Bone_003
      Frame Armature_Bone_004 {
        FrameTransformMatrix {
           0.968843, 0.247655, 0.003195, 0.000000,
          -0.241602, 0.947844,-0.207894, 0.000000,
          -0.054514, 0.200645, 0.978146, 0.000000,
          -0.000000, 0.670872, 0.000000, 1.000000;;
        }
        Frame Armature_Bone_006 {
          FrameTransformMatrix {
            -0.965634, 0.254092, 0.054668, 0.000000,
             0.257080, 0.964701, 0.057110, 0.000000,
            -0.038227, 0.069201,-0.996870, 0.000000,
            -0.000000, 0.879802,-0.000000, 1.000000;;
          }
          Frame Armature_Bone_007 {
            FrameTransformMatrix {
               0.999896,-0.014412,-0.000614, 0.000000,
               0.014399, 0.994558, 0.103187, 0.000000,
              -0.000876,-0.103185, 0.994662, 0.000000,
              -0.000000, 0.332360,-0.000000, 1.000000;;
            }
          } // End of Armature_Bone_007
        } // End of Armature_Bone_006
      } // End of Armature_Bone_004
      Frame Armature_Bone_009 {
        FrameTransformMatrix {
          -0.014126, 0.015964, 0.999772, 0.000000,
          -0.748889,-0.662695,-0.000000, 0.000000,
           0.662545,-0.748719, 0.021317, 0.000000,
          -0.000000, 0.670872, 0.000000, 1.000000;;
        }
        Frame Armature_Bone_013 {
          FrameTransformMatrix {
             0.955337, 0.022280,-0.294678, 0.000000,
            -0.096355, 0.966144,-0.239334, 0.000000,
             0.279369, 0.257038, 0.925140, 0.000000,
             0.000000, 0.801269,-0.000000, 1.000000;;
          }
          Frame Armature_Bone_014 {
            FrameTransformMatrix {
               0.915839,-0.229862, 0.329247, 0.000000,
               0.155210, 0.958861, 0.237688, 0.000000,
              -0.370337,-0.166582, 0.913839, 0.000000,
              -0.000000, 1.307975, 0.000000, 1.000000;;
            }
            Frame Armature_Bone_015 {
              FrameTransformMatrix {
                 0.969726,-0.236221,-0.061901, 0.000000,
                 0.017703,-0.184818, 0.982614, 0.000000,
                -0.243554,-0.953961,-0.175041, 0.000000,
                -0.000000, 1.216678, 0.000000, 1.000000;;
              }
            } // End of Armature_Bone_015
          } // End of Armature_Bone_014
        } // End of Armature_Bone_013
      } // End of Armature_Bone_009
      Frame Armature_Bone_010 {
        FrameTransformMatrix {
          -0.007787, 0.019843, 0.999773, 0.000000,
          -0.930882,-0.365319,-0.000000, 0.000000,
           0.365236,-0.930671, 0.021316, 0.000000,
          -0.000000, 0.670872, 0.000000, 1.000000;;
        }
        Frame Armature_Bone_016 {
          FrameTransformMatrix {
             0.994907, 0.095765, 0.031438, 0.000000,
            -0.090326, 0.985516,-0.143524, 0.000000,
            -0.044727, 0.139953, 0.989147, 0.000000,
             0.000000, 0.657161,-0.000000, 1.000000;;
          }
          Frame Armature_Bone_017 {
            FrameTransformMatrix {
               0.962812,-0.262572,-0.063624, 0.000000,
               0.264232, 0.964270, 0.019101, 0.000000,
               0.056335,-0.035202, 0.997791, 0.000000,
              -0.000000, 1.293949,-0.000000, 1.000000;;
            }
            Frame Armature_Bone_018 {
              FrameTransformMatrix {
                 0.998647, 0.050389,-0.012804, 0.000000,
                -0.049809, 0.997867, 0.042190, 0.000000,
                 0.014903,-0.041495, 0.999027, 0.000000,
                 0.000000, 1.223247,-0.000000, 1.000000;;
              }
            } // End of Armature_Bone_018
          } // End of Armature_Bone_017
        } // End of Armature_Bone_016
      } // End of Armature_Bone_010
      Frame Armature_Bone_011 {
        FrameTransformMatrix {
           0.005380, 0.020626, 0.999773, 0.000000,
          -0.967626, 0.252389,-0.000000, 0.000000,
          -0.252331,-0.967406, 0.021316, 0.000000,
          -0.000000, 0.670872, 0.000000, 1.000000;;
        }
        Frame Armature_Bone_019 {
          FrameTransformMatrix {
             0.984514,-0.060059, 0.164696, 0.000000,
             0.094195, 0.973572,-0.208049, 0.000000,
            -0.147848, 0.220341, 0.964153, 0.000000,
            -0.000000, 0.618418,-0.000000, 1.000000;;
          }
          Frame Armature_Bone_020 {
            FrameTransformMatrix {
               0.941697, 0.102249,-0.320549, 0.000000,
              -0.099656, 0.994719, 0.024530, 0.000000,
               0.321365, 0.008845, 0.946914, 0.000000,
               0.000000, 1.315398, 0.000000, 1.000000;;
            }
            Frame Armature_Bone_021 {
              FrameTransformMatrix {
                 0.893234,-0.048898, 0.446924, 0.000000,
                 0.160665, 0.963144,-0.215731, 0.000000,
                -0.419904, 0.264503, 0.868170, 0.000000,
                 0.000000, 1.189158, 0.000000, 1.000000;;
              }
            } // End of Armature_Bone_021
          } // End of Armature_Bone_020
        } // End of Armature_Bone_019
      } // End of Armature_Bone_011
      Frame Armature_Bone_012 {
        FrameTransformMatrix {
           0.013751, 0.016287, 0.999773, 0.000000,
          -0.764079, 0.645123,-0.000000, 0.000000,
          -0.644976,-0.763905, 0.021316, 0.000000,
          -0.000000, 0.670872, 0.000000, 1.000000;;
        }
        Frame Armature_Bone_022 {
          FrameTransformMatrix {
             0.997882, 0.005034, 0.064847, 0.000000,
             0.006269, 0.984914,-0.172929, 0.000000,
            -0.064740, 0.172969, 0.982797, 0.000000,
            -0.000000, 0.778404, 0.000000, 1.000000;;
          }
          Frame Armature_Bone_023 {
            FrameTransformMatrix {
               0.990757,-0.051546,-0.125474, 0.000000,
               0.047913, 0.998345,-0.031806, 0.000000,
               0.126906, 0.025500, 0.991587, 0.000000,
               0.000000, 1.297610, 0.000000, 1.000000;;
            }
            Frame Armature_Bone_024 {
              FrameTransformMatrix {
                 0.992700, 0.071404,-0.097207, 0.000000,
                 0.010865, 0.749721, 0.661665, 0.000000,
                 0.120123,-0.657890, 0.743472, 0.000000,
                -0.000000, 1.241178,-0.000000, 1.000000;;
              }
            } // End of Armature_Bone_024
          } // End of Armature_Bone_023
        } // End of Armature_Bone_022
      } // End of Armature_Bone_012
      Frame Armature_Bone_025 {
        FrameTransformMatrix {
           0.014909, 0.015235, 0.999773, 0.000000,
           0.714703,-0.699428, 0.000000, 0.000000,
           0.699270, 0.714540,-0.021316, 0.000000,
          -0.000000, 0.670872, 0.000000, 1.000000;;
        }
        Frame Armature_Bone_035 {
          FrameTransformMatrix {
            -0.828316,-0.096493, 0.551889, 0.000000,
            -0.228314, 0.957689,-0.175228, 0.000000,
            -0.511630,-0.271148,-0.815300, 0.000000,
            -0.000000, 0.818235, 0.000000, 1.000000;;
          }
          Frame Armature_Bone_036 {
            FrameTransformMatrix {
              -0.766665,-0.182221,-0.615646, 0.000000,
               0.072188, 0.928336,-0.364667, 0.000000,
               0.637976,-0.324020,-0.698569, 0.000000,
               0.000000, 1.309680,-0.000000, 1.000000;;
            }
            Frame Armature_Bone_037 {
              FrameTransformMatrix {
                -0.869814,-0.175520,-0.461104, 0.000000,
                -0.019152, 0.945889,-0.323925, 0.000000,
                 0.493009,-0.272923,-0.826109, 0.000000,
                -0.000000, 1.272891, 0.000000, 1.000000;;
              }
            } // End of Armature_Bone_037
          } // End of Armature_Bone_036
        } // End of Armature_Bone_035
      } // End of Armature_Bone_025
      Frame Armature_Bone_026 {
        FrameTransformMatrix {
           0.008658, 0.019478, 0.999773, 0.000000,
           0.913784,-0.406199, 0.000000, 0.000000,
           0.406107, 0.913577,-0.021316, 0.000000,
          -0.000000, 0.670872, 0.000000, 1.000000;;
        }
        Frame Armature_Bone_032 {
          FrameTransformMatrix {
            -0.392117, 0.463838,-0.794417, 0.000000,
            -0.186143, 0.805706, 0.562307, 0.000000,
             0.900886, 0.368366,-0.229591, 0.000000,
            -0.000000, 0.637408, 0.000000, 1.000000;;
          }
          Frame Armature_Bone_033 {
            FrameTransformMatrix {
              -0.989438, 0.125765,-0.072081, 0.000000,
               0.122441, 0.991274, 0.048836, 0.000000,
               0.077593, 0.039494,-0.996203, 0.000000,
               0.000000, 1.263885,-0.000000, 1.000000;;
            }
            Frame Armature_Bone_034 {
              FrameTransformMatrix {
                -0.834651,-0.500154, 0.230660, 0.000000,
                -0.542995, 0.817379,-0.192477, 0.000000,
                -0.092268,-0.285898,-0.953807, 0.000000,
                -0.000000, 1.269338,-0.000000, 1.000000;;
              }
            } // End of Armature_Bone_034
          } // End of Armature_Bone_033
        } // End of Armature_Bone_032
      } // End of Armature_Bone_026
      Frame Armature_Bone_027 {
        FrameTransformMatrix {
          -0.003942, 0.020949, 0.999773, 0.000000,
           0.982753, 0.184923, 0.000000, 0.000000,
          -0.184881, 0.982530,-0.021317, 0.000000,
          -0.000000, 0.670872, 0.000000, 1.000000;;
        }
        Frame Armature_Bone_029 {
          FrameTransformMatrix {
            -0.947553,-0.319317, 0.013402, 0.000000,
            -0.293049, 0.884810, 0.362262, 0.000000,
            -0.127535, 0.339335,-0.931980, 0.000000,
            -0.000000, 0.596423,-0.000000, 1.000000;;
          }
          Frame Armature_Bone_030 {
            FrameTransformMatrix {
              -0.955351,-0.233103,-0.181569, 0.000000,
              -0.237577, 0.971364, 0.002980, 0.000000,
               0.175675, 0.045984,-0.983374, 0.000000,
              -0.000000, 1.294762,-0.000000, 1.000000;;
            }
            Frame Armature_Bone_031 {
              FrameTransformMatrix {
                -0.999161,-0.025318,-0.032181, 0.000000,
                -0.023684, 0.998459,-0.050190, 0.000000,
                 0.033402,-0.049386,-0.998221, 0.000000,
                -0.000000, 1.232208,-0.000000, 1.000000;;
              }
            } // End of Armature_Bone_031
          } // End of Armature_Bone_030
        } // End of Armature_Bone_029
      } // End of Armature_Bone_027
      Frame Armature_Bone_028 {
        FrameTransformMatrix {
          -0.012989, 0.016902, 0.999773, 0.000000,
           0.792906, 0.609344, 0.000000, 0.000000,
          -0.609205, 0.792726,-0.021317, 0.000000,
          -0.000000, 0.670872, 0.000000, 1.000000;;
        }
        Frame Armature_Bone_038 {
          FrameTransformMatrix {
            -0.891921,-0.350930, 0.285175, 0.000000,
            -0.144994, 0.819301, 0.554728, 0.000000,
            -0.428315, 0.453425,-0.781634, 0.000000,
            -0.000000, 0.740060,-0.000000, 1.000000;;
          }
          Frame Armature_Bone_039 {
            FrameTransformMatrix {
               0.992636,-0.036596,-0.115479, 0.000000,
               0.010303, 0.975327,-0.220526, 0.000000,
               0.120700, 0.217712, 0.968521, 0.000000,
               0.000000, 1.299262,-0.000000, 1.000000;;
            }
            Frame Armature_Bone_040 {
              FrameTransformMatrix {
                 0.803274, 0.105940, 0.586113, 0.000000,
                -0.061530, 0.993549,-0.095256, 0.000000,
                -0.592423, 0.040453, 0.804610, 0.000000,
                -0.000000, 1.244353,-0.000000, 1.000000;;
              }
            } // End of Armature_Bone_040
          } // End of Armature_Bone_039
        } // End of Armature_Bone_038
      } // End of Armature_Bone_028
    } // End of Armature_Bone_002
    Frame Cube_001 {
      FrameTransformMatrix {
        -0.004667,-0.000000, 0.218871, 0.000000,
         0.000000,-0.444127,-0.000000, 0.000000,
         0.189131, 0.000000, 0.004033, 0.000000,
         0.272755, 0.000000, 0.005816, 1.000000;;
      }
      Mesh { // Cube_001 mesh
        744;
        -7.659575;-0.264360;-3.054280;,
        -7.659575;-0.636283;-3.054280;,
        -8.232993;-0.636283;-3.054280;,
        -8.232993;-0.264360;-3.054280;,
        -7.659575;-0.264360;-1.022868;,
        -8.232993;-0.264360;-1.022868;,
        -8.232993;-0.636283;-1.022868;,
        -7.659575;-0.636283;-1.022868;,
        -7.659575;-0.264360;-3.054280;,
        -7.659575;-0.264360;-1.022868;,
        -7.659575;-0.636283;-1.022868;,
        -7.659575;-0.636283;-3.054280;,
        -7.659575;-0.636283;-3.054280;,
        -7.659575;-0.636283;-1.022868;,
        -8.232993;-0.636283;-1.022868;,
        -8.232993;-0.636283;-3.054280;,
        -8.232993;-0.636283;-3.054280;,
        -8.232993;-0.636283;-1.022868;,
        -8.232993;-0.264360;-1.022868;,
        -8.232993;-0.264360;-3.054280;,
        -7.659575;-0.264360;-1.022868;,
        -7.659575;-0.264360;-3.054280;,
        -8.232993;-0.264360;-3.054280;,
        -8.232993;-0.264360;-1.022868;,
        -7.659575; 0.636283;-3.054280;,
        -7.659575; 0.264360;-3.054280;,
        -8.232993; 0.264360;-3.054280;,
        -8.232993; 0.636283;-3.054280;,
        -7.659575; 0.636283;-1.022868;,
        -8.232993; 0.636283;-1.022868;,
        -8.232993; 0.264360;-1.022868;,
        -7.659575; 0.264360;-1.022868;,
        -7.659575; 0.636283;-3.054280;,
        -7.659575; 0.636283;-1.022868;,
        -7.659575; 0.264360;-1.022868;,
        -7.659575; 0.264360;-3.054280;,
        -7.659575; 0.264360;-3.054280;,
        -7.659575; 0.264360;-1.022868;,
        -8.232993; 0.264360;-1.022868;,
        -8.232993; 0.264360;-3.054280;,
        -8.232993; 0.264360;-3.054280;,
        -8.232993; 0.264360;-1.022868;,
        -8.232993; 0.636283;-1.022868;,
        -8.232993; 0.636283;-3.054280;,
        -7.659575; 0.636283;-1.022868;,
        -7.659575; 0.636283;-3.054280;,
        -8.232993; 0.636283;-3.054280;,
        -8.232993; 0.636283;-1.022868;,
        -5.812137; 6.961293;-0.422890;,
        -5.812137; 4.191816;-0.422890;,
        -6.542995; 4.191816;-0.422890;,
        -6.542995; 6.961294;-0.422890;,
        -5.812137; 6.961293; 0.422890;,
        -6.542995; 6.961293; 0.422890;,
        -6.542995; 4.191817; 0.422890;,
        -5.812137; 4.191815; 0.422890;,
        -5.812137; 6.961293;-0.422890;,
        -5.812137; 6.961293; 0.422890;,
        -5.812137; 4.191815; 0.422890;,
        -5.812137; 4.191816;-0.422890;,
        -5.812137; 4.191816;-0.422890;,
        -5.812137; 4.191815; 0.422890;,
        -6.542995; 4.191817; 0.422890;,
        -6.542995; 4.191816;-0.422890;,
        -6.542995; 4.191816;-0.422890;,
        -6.542995; 4.191817; 0.422890;,
        -6.542995; 6.961293; 0.422890;,
        -6.542995; 6.961294;-0.422890;,
        -5.812137; 6.961293; 0.422890;,
        -5.812137; 6.961293;-0.422890;,
        -6.542995; 6.961294;-0.422890;,
        -6.542995; 6.961293; 0.422890;,
        -5.812137; 4.173129;-0.422890;,
        -5.812137; 1.403652;-0.422890;,
        -6.542995; 1.403652;-0.422890;,
        -6.542995; 4.173130;-0.422890;,
        -5.812137; 4.173128; 0.422890;,
        -6.542995; 4.173129; 0.422890;,
        -6.542995; 1.403652; 0.422890;,
        -5.812137; 1.403651; 0.422890;,
        -5.812137; 4.173129;-0.422890;,
        -5.812137; 4.173128; 0.422890;,
        -5.812137; 1.403651; 0.422890;,
        -5.812137; 1.403652;-0.422890;,
        -5.812137; 1.403652;-0.422890;,
        -5.812137; 1.403651; 0.422890;,
        -6.542995; 1.403652; 0.422890;,
        -6.542995; 1.403652;-0.422890;,
        -6.542995; 1.403652;-0.422890;,
        -6.542995; 1.403652; 0.422890;,
        -6.542995; 4.173129; 0.422890;,
        -6.542995; 4.173130;-0.422890;,
        -5.812137; 4.173128; 0.422890;,
        -5.812137; 4.173129;-0.422890;,
        -6.542995; 4.173130;-0.422890;,
        -6.542995; 4.173129; 0.422890;,
        -5.903494;11.474860;-0.317168;,
        -5.903494; 6.971646;-0.317168;,
        -6.451638; 6.971646;-0.317168;,
        -6.451638;11.474861;-0.317168;,
        -5.903494;11.474859; 0.317168;,
        -6.451638;11.474861; 0.317168;,
        -6.451638; 6.971646; 0.317168;,
        -5.903494; 6.971644; 0.317168;,
        -5.903494;11.474860;-0.317168;,
        -5.903494;11.474859; 0.317168;,
        -5.903494; 6.971644; 0.317168;,
        -5.903494; 6.971646;-0.317168;,
        -5.903494; 6.971646;-0.317168;,
        -5.903494; 6.971644; 0.317168;,
        -6.451638; 6.971646; 0.317168;,
        -6.451638; 6.971646;-0.317168;,
        -6.451638; 6.971646;-0.317168;,
        -6.451638; 6.971646; 0.317168;,
        -6.451638;11.474861; 0.317168;,
        -6.451638;11.474861;-0.317168;,
        -5.903494;11.474859; 0.317168;,
        -5.903494;11.474860;-0.317168;,
        -6.451638;11.474861;-0.317168;,
        -6.451638;11.474861; 0.317168;,
        -4.447227;11.493556;-0.317168;,
        -4.447227; 6.990342;-0.317168;,
        -4.995371; 6.990342;-0.317168;,
        -4.995371;11.493557;-0.317168;,
        -4.447227;11.493555; 0.317168;,
        -4.995371;11.493557; 0.317168;,
        -4.995371; 6.990342; 0.317168;,
        -4.447227; 6.990340; 0.317168;,
        -4.447227;11.493556;-0.317168;,
        -4.447227;11.493555; 0.317168;,
        -4.447227; 6.990340; 0.317168;,
        -4.447227; 6.990342;-0.317168;,
        -4.447227; 6.990342;-0.317168;,
        -4.447227; 6.990340; 0.317168;,
        -4.995371; 6.990342; 0.317168;,
        -4.995371; 6.990342;-0.317168;,
        -4.995371; 6.990342;-0.317168;,
        -4.995371; 6.990342; 0.317168;,
        -4.995371;11.493557; 0.317168;,
        -4.995371;11.493557;-0.317168;,
        -4.447227;11.493555; 0.317168;,
        -4.447227;11.493556;-0.317168;,
        -4.995371;11.493557;-0.317168;,
        -4.995371;11.493557; 0.317168;,
        -4.355870; 4.173129;-0.422890;,
        -4.355870; 1.403652;-0.422890;,
        -5.086729; 1.403652;-0.422890;,
        -5.086728; 4.173130;-0.422890;,
        -4.355870; 4.173128; 0.422890;,
        -5.086729; 4.173129; 0.422890;,
        -5.086729; 1.403652; 0.422890;,
        -4.355870; 1.403651; 0.422890;,
        -4.355870; 4.173129;-0.422890;,
        -4.355870; 4.173128; 0.422890;,
        -4.355870; 1.403651; 0.422890;,
        -4.355870; 1.403652;-0.422890;,
        -4.355870; 1.403652;-0.422890;,
        -4.355870; 1.403651; 0.422890;,
        -5.086729; 1.403652; 0.422890;,
        -5.086729; 1.403652;-0.422890;,
        -5.086729; 1.403652;-0.422890;,
        -5.086729; 1.403652; 0.422890;,
        -5.086729; 4.173129; 0.422890;,
        -5.086728; 4.173130;-0.422890;,
        -4.355870; 4.173128; 0.422890;,
        -4.355870; 4.173129;-0.422890;,
        -5.086728; 4.173130;-0.422890;,
        -5.086729; 4.173129; 0.422890;,
        -4.355870; 6.961293;-0.422890;,
        -4.355870; 4.191816;-0.422890;,
        -5.086729; 4.191816;-0.422890;,
        -5.086728; 6.961294;-0.422890;,
        -4.355870; 6.961293; 0.422890;,
        -5.086729; 6.961293; 0.422890;,
        -5.086729; 4.191817; 0.422890;,
        -4.355870; 4.191815; 0.422890;,
        -4.355870; 6.961293;-0.422890;,
        -4.355870; 6.961293; 0.422890;,
        -4.355870; 4.191815; 0.422890;,
        -4.355870; 4.191816;-0.422890;,
        -4.355870; 4.191816;-0.422890;,
        -4.355870; 4.191815; 0.422890;,
        -5.086729; 4.191817; 0.422890;,
        -5.086729; 4.191816;-0.422890;,
        -5.086729; 4.191816;-0.422890;,
        -5.086729; 4.191817; 0.422890;,
        -5.086729; 6.961293; 0.422890;,
        -5.086728; 6.961294;-0.422890;,
        -4.355870; 6.961293; 0.422890;,
        -4.355870; 6.961293;-0.422890;,
        -5.086728; 6.961294;-0.422890;,
        -5.086729; 6.961293; 0.422890;,
        -2.719372; 6.961293;-0.422890;,
        -2.719372; 4.191816;-0.422890;,
        -3.450230; 4.191816;-0.422890;,
        -3.450230; 6.961294;-0.422890;,
        -2.719372; 6.961293; 0.422890;,
        -3.450230; 6.961293; 0.422890;,
        -3.450231; 4.191817; 0.422890;,
        -2.719372; 4.191815; 0.422890;,
        -2.719372; 6.961293;-0.422890;,
        -2.719372; 6.961293; 0.422890;,
        -2.719372; 4.191815; 0.422890;,
        -2.719372; 4.191816;-0.422890;,
        -2.719372; 4.191816;-0.422890;,
        -2.719372; 4.191815; 0.422890;,
        -3.450231; 4.191817; 0.422890;,
        -3.450230; 4.191816;-0.422890;,
        -3.450230; 4.191816;-0.422890;,
        -3.450231; 4.191817; 0.422890;,
        -3.450230; 6.961293; 0.422890;,
        -3.450230; 6.961294;-0.422890;,
        -2.719372; 6.961293; 0.422890;,
        -2.719372; 6.961293;-0.422890;,
        -3.450230; 6.961294;-0.422890;,
        -3.450230; 6.961293; 0.422890;,
        -2.719372; 4.173129;-0.422890;,
        -2.719372; 1.403652;-0.422890;,
        -3.450230; 1.403652;-0.422890;,
        -3.450230; 4.173130;-0.422890;,
        -2.719372; 4.173128; 0.422890;,
        -3.450230; 4.173129; 0.422890;,
        -3.450231; 1.403652; 0.422890;,
        -2.719372; 1.403651; 0.422890;,
        -2.719372; 4.173129;-0.422890;,
        -2.719372; 4.173128; 0.422890;,
        -2.719372; 1.403651; 0.422890;,
        -2.719372; 1.403652;-0.422890;,
        -2.719372; 1.403652;-0.422890;,
        -2.719372; 1.403651; 0.422890;,
        -3.450231; 1.403652; 0.422890;,
        -3.450230; 1.403652;-0.422890;,
        -3.450230; 1.403652;-0.422890;,
        -3.450231; 1.403652; 0.422890;,
        -3.450230; 4.173129; 0.422890;,
        -3.450230; 4.173130;-0.422890;,
        -2.719372; 4.173128; 0.422890;,
        -2.719372; 4.173129;-0.422890;,
        -3.450230; 4.173130;-0.422890;,
        -3.450230; 4.173129; 0.422890;,
        -2.810729;11.478621;-0.317168;,
        -2.810729; 6.975407;-0.317168;,
        -3.358873; 6.975408;-0.317168;,
        -3.358873;11.478622;-0.317168;,
        -2.810729;11.478621; 0.317168;,
        -3.358873;11.478622; 0.317168;,
        -3.358873; 6.975408; 0.317168;,
        -2.810730; 6.975406; 0.317168;,
        -2.810729;11.478621;-0.317168;,
        -2.810729;11.478621; 0.317168;,
        -2.810730; 6.975406; 0.317168;,
        -2.810729; 6.975407;-0.317168;,
        -2.810729; 6.975407;-0.317168;,
        -2.810730; 6.975406; 0.317168;,
        -3.358873; 6.975408; 0.317168;,
        -3.358873; 6.975408;-0.317168;,
        -3.358873; 6.975408;-0.317168;,
        -3.358873; 6.975408; 0.317168;,
        -3.358873;11.478622; 0.317168;,
        -3.358873;11.478622;-0.317168;,
        -2.810729;11.478621; 0.317168;,
        -2.810729;11.478621;-0.317168;,
        -3.358873;11.478622;-0.317168;,
        -3.358873;11.478622; 0.317168;,
        -1.344629;11.497518;-0.317168;,
        -1.344629; 6.994303;-0.317168;,
        -1.892773; 6.994304;-0.317168;,
        -1.892773;11.497519;-0.317168;,
        -1.344629;11.497517; 0.317168;,
        -1.892773;11.497519; 0.317168;,
        -1.892773; 6.994304; 0.317168;,
        -1.344629; 6.994302; 0.317168;,
        -1.344629;11.497518;-0.317168;,
        -1.344629;11.497517; 0.317168;,
        -1.344629; 6.994302; 0.317168;,
        -1.344629; 6.994303;-0.317168;,
        -1.344629; 6.994303;-0.317168;,
        -1.344629; 6.994302; 0.317168;,
        -1.892773; 6.994304; 0.317168;,
        -1.892773; 6.994304;-0.317168;,
        -1.892773; 6.994304;-0.317168;,
        -1.892773; 6.994304; 0.317168;,
        -1.892773;11.497519; 0.317168;,
        -1.892773;11.497519;-0.317168;,
        -1.344629;11.497517; 0.317168;,
        -1.344629;11.497518;-0.317168;,
        -1.892773;11.497519;-0.317168;,
        -1.892773;11.497519; 0.317168;,
        -1.253272; 4.173129;-0.422890;,
        -1.253272; 1.403652;-0.422890;,
        -1.984130; 1.403652;-0.422890;,
        -1.984130; 4.173130;-0.422890;,
        -1.253272; 4.173128; 0.422890;,
        -1.984130; 4.173129; 0.422890;,
        -1.984130; 1.403652; 0.422890;,
        -1.253272; 1.403651; 0.422890;,
        -1.253272; 4.173129;-0.422890;,
        -1.253272; 4.173128; 0.422890;,
        -1.253272; 1.403651; 0.422890;,
        -1.253272; 1.403652;-0.422890;,
        -1.253272; 1.403652;-0.422890;,
        -1.253272; 1.403651; 0.422890;,
        -1.984130; 1.403652; 0.422890;,
        -1.984130; 1.403652;-0.422890;,
        -1.984130; 1.403652;-0.422890;,
        -1.984130; 1.403652; 0.422890;,
        -1.984130; 4.173129; 0.422890;,
        -1.984130; 4.173130;-0.422890;,
        -1.253272; 4.173128; 0.422890;,
        -1.253272; 4.173129;-0.422890;,
        -1.984130; 4.173130;-0.422890;,
        -1.984130; 4.173129; 0.422890;,
        -1.253272; 6.961293;-0.422890;,
        -1.253272; 4.191816;-0.422890;,
        -1.984130; 4.191816;-0.422890;,
        -1.984130; 6.961294;-0.422890;,
        -1.253272; 6.961293; 0.422890;,
        -1.984130; 6.961293; 0.422890;,
        -1.984130; 4.191817; 0.422890;,
        -1.253272; 4.191815; 0.422890;,
        -1.253272; 6.961293;-0.422890;,
        -1.253272; 6.961293; 0.422890;,
        -1.253272; 4.191815; 0.422890;,
        -1.253272; 4.191816;-0.422890;,
        -1.253272; 4.191816;-0.422890;,
        -1.253272; 4.191815; 0.422890;,
        -1.984130; 4.191817; 0.422890;,
        -1.984130; 4.191816;-0.422890;,
        -1.984130; 4.191816;-0.422890;,
        -1.984130; 4.191817; 0.422890;,
        -1.984130; 6.961293; 0.422890;,
        -1.984130; 6.961294;-0.422890;,
        -1.253272; 6.961293; 0.422890;,
        -1.253272; 6.961293;-0.422890;,
        -1.984130; 6.961294;-0.422890;,
        -1.984130; 6.961293; 0.422890;,
        -1.253272;-1.409979;-0.422890;,
        -1.253272;-4.179456;-0.422890;,
        -1.984130;-4.179456;-0.422890;,
        -1.984130;-1.409979;-0.422890;,
        -1.253272;-1.409980; 0.422890;,
        -1.984130;-1.409979; 0.422890;,
        -1.984130;-4.179456; 0.422890;,
        -1.253272;-4.179457; 0.422890;,
        -1.253272;-1.409979;-0.422890;,
        -1.253272;-1.409980; 0.422890;,
        -1.253272;-4.179457; 0.422890;,
        -1.253272;-4.179456;-0.422890;,
        -1.253272;-4.179456;-0.422890;,
        -1.253272;-4.179457; 0.422890;,
        -1.984130;-4.179456; 0.422890;,
        -1.984130;-4.179456;-0.422890;,
        -1.984130;-4.179456;-0.422890;,
        -1.984130;-4.179456; 0.422890;,
        -1.984130;-1.409979; 0.422890;,
        -1.984130;-1.409979;-0.422890;,
        -1.253272;-1.409980; 0.422890;,
        -1.253272;-1.409979;-0.422890;,
        -1.984130;-1.409979;-0.422890;,
        -1.984130;-1.409979; 0.422890;,
        -1.253272;-4.198144;-0.422890;,
        -1.253272;-6.967621;-0.422890;,
        -1.984130;-6.967621;-0.422890;,
        -1.984130;-4.198143;-0.422890;,
        -1.253272;-4.198144; 0.422890;,
        -1.984130;-4.198144; 0.422890;,
        -1.984130;-6.967620; 0.422890;,
        -1.253272;-6.967622; 0.422890;,
        -1.253272;-4.198144;-0.422890;,
        -1.253272;-4.198144; 0.422890;,
        -1.253272;-6.967622; 0.422890;,
        -1.253272;-6.967621;-0.422890;,
        -1.253272;-6.967621;-0.422890;,
        -1.253272;-6.967622; 0.422890;,
        -1.984130;-6.967620; 0.422890;,
        -1.984130;-6.967621;-0.422890;,
        -1.984130;-6.967621;-0.422890;,
        -1.984130;-6.967620; 0.422890;,
        -1.984130;-4.198144; 0.422890;,
        -1.984130;-4.198143;-0.422890;,
        -1.253272;-4.198144; 0.422890;,
        -1.253272;-4.198144;-0.422890;,
        -1.984130;-4.198143;-0.422890;,
        -1.984130;-4.198144; 0.422890;,
        -1.344629;-6.997741;-0.317168;,
        -1.344629;-11.500956;-0.317168;,
        -1.892773;-11.500955;-0.317168;,
        -1.892773;-6.997740;-0.317168;,
        -1.344629;-6.997742; 0.317168;,
        -1.892773;-6.997740; 0.317168;,
        -1.892773;-11.500955; 0.317168;,
        -1.344629;-11.500957; 0.317168;,
        -1.344629;-6.997741;-0.317168;,
        -1.344629;-6.997742; 0.317168;,
        -1.344629;-11.500957; 0.317168;,
        -1.344629;-11.500956;-0.317168;,
        -1.344629;-11.500956;-0.317168;,
        -1.344629;-11.500957; 0.317168;,
        -1.892773;-11.500955; 0.317168;,
        -1.892773;-11.500955;-0.317168;,
        -1.892773;-11.500955;-0.317168;,
        -1.892773;-11.500955; 0.317168;,
        -1.892773;-6.997740; 0.317168;,
        -1.892773;-6.997740;-0.317168;,
        -1.344629;-6.997742; 0.317168;,
        -1.344629;-6.997741;-0.317168;,
        -1.892773;-6.997740;-0.317168;,
        -1.892773;-6.997740; 0.317168;,
        -2.800112;-7.018692;-0.317168;,
        -2.800112;-11.521906;-0.317168;,
        -3.348256;-11.521906;-0.317168;,
        -3.348256;-7.018691;-0.317168;,
        -2.800112;-7.018693; 0.317168;,
        -3.348256;-7.018692; 0.317168;,
        -3.348256;-11.521906; 0.317168;,
        -2.800112;-11.521908; 0.317168;,
        -2.800112;-7.018692;-0.317168;,
        -2.800112;-7.018693; 0.317168;,
        -2.800112;-11.521908; 0.317168;,
        -2.800112;-11.521906;-0.317168;,
        -2.800112;-11.521906;-0.317168;,
        -2.800112;-11.521908; 0.317168;,
        -3.348256;-11.521906; 0.317168;,
        -3.348256;-11.521906;-0.317168;,
        -3.348256;-11.521906;-0.317168;,
        -3.348256;-11.521906; 0.317168;,
        -3.348256;-7.018692; 0.317168;,
        -3.348256;-7.018691;-0.317168;,
        -2.800112;-7.018693; 0.317168;,
        -2.800112;-7.018692;-0.317168;,
        -3.348256;-7.018691;-0.317168;,
        -3.348256;-7.018692; 0.317168;,
        -2.708755;-4.198144;-0.422890;,
        -2.708755;-6.967621;-0.422890;,
        -3.439613;-6.967621;-0.422890;,
        -3.439613;-4.198143;-0.422890;,
        -2.708754;-4.198144; 0.422890;,
        -3.439613;-4.198144; 0.422890;,
        -3.439613;-6.967620; 0.422890;,
        -2.708755;-6.967622; 0.422890;,
        -2.708755;-4.198144;-0.422890;,
        -2.708754;-4.198144; 0.422890;,
        -2.708755;-6.967622; 0.422890;,
        -2.708755;-6.967621;-0.422890;,
        -2.708755;-6.967621;-0.422890;,
        -2.708755;-6.967622; 0.422890;,
        -3.439613;-6.967620; 0.422890;,
        -3.439613;-6.967621;-0.422890;,
        -3.439613;-6.967621;-0.422890;,
        -3.439613;-6.967620; 0.422890;,
        -3.439613;-4.198144; 0.422890;,
        -3.439613;-4.198143;-0.422890;,
        -2.708754;-4.198144; 0.422890;,
        -2.708755;-4.198144;-0.422890;,
        -3.439613;-4.198143;-0.422890;,
        -3.439613;-4.198144; 0.422890;,
        -2.708755;-1.409979;-0.422890;,
        -2.708755;-4.179456;-0.422890;,
        -3.439613;-4.179456;-0.422890;,
        -3.439613;-1.409979;-0.422890;,
        -2.708754;-1.409980; 0.422890;,
        -3.439613;-1.409979; 0.422890;,
        -3.439613;-4.179456; 0.422890;,
        -2.708755;-4.179457; 0.422890;,
        -2.708755;-1.409979;-0.422890;,
        -2.708754;-1.409980; 0.422890;,
        -2.708755;-4.179457; 0.422890;,
        -2.708755;-4.179456;-0.422890;,
        -2.708755;-4.179456;-0.422890;,
        -2.708755;-4.179457; 0.422890;,
        -3.439613;-4.179456; 0.422890;,
        -3.439613;-4.179456;-0.422890;,
        -3.439613;-4.179456;-0.422890;,
        -3.439613;-4.179456; 0.422890;,
        -3.439613;-1.409979; 0.422890;,
        -3.439613;-1.409979;-0.422890;,
        -2.708754;-1.409980; 0.422890;,
        -2.708755;-1.409979;-0.422890;,
        -3.439613;-1.409979;-0.422890;,
        -3.439613;-1.409979; 0.422890;,
        -4.473421;-1.409979;-0.422890;,
        -4.473421;-4.179456;-0.422890;,
        -5.204280;-4.179456;-0.422890;,
        -5.204279;-1.409979;-0.422890;,
        -4.473421;-1.409980; 0.422890;,
        -5.204280;-1.409979; 0.422890;,
        -5.204280;-4.179456; 0.422890;,
        -4.473422;-4.179457; 0.422890;,
        -4.473421;-1.409979;-0.422890;,
        -4.473421;-1.409980; 0.422890;,
        -4.473422;-4.179457; 0.422890;,
        -4.473421;-4.179456;-0.422890;,
        -4.473421;-4.179456;-0.422890;,
        -4.473422;-4.179457; 0.422890;,
        -5.204280;-4.179456; 0.422890;,
        -5.204280;-4.179456;-0.422890;,
        -5.204280;-4.179456;-0.422890;,
        -5.204280;-4.179456; 0.422890;,
        -5.204280;-1.409979; 0.422890;,
        -5.204279;-1.409979;-0.422890;,
        -4.473421;-1.409980; 0.422890;,
        -4.473421;-1.409979;-0.422890;,
        -5.204279;-1.409979;-0.422890;,
        -5.204280;-1.409979; 0.422890;,
        -4.473421;-4.198144;-0.422890;,
        -4.473421;-6.967621;-0.422890;,
        -5.204280;-6.967621;-0.422890;,
        -5.204279;-4.198143;-0.422890;,
        -4.473421;-4.198144; 0.422890;,
        -5.204280;-4.198144; 0.422890;,
        -5.204280;-6.967620; 0.422890;,
        -4.473422;-6.967622; 0.422890;,
        -4.473421;-4.198144;-0.422890;,
        -4.473421;-4.198144; 0.422890;,
        -4.473422;-6.967622; 0.422890;,
        -4.473421;-6.967621;-0.422890;,
        -4.473421;-6.967621;-0.422890;,
        -4.473422;-6.967622; 0.422890;,
        -5.204280;-6.967620; 0.422890;,
        -5.204280;-6.967621;-0.422890;,
        -5.204280;-6.967621;-0.422890;,
        -5.204280;-6.967620; 0.422890;,
        -5.204280;-4.198144; 0.422890;,
        -5.204279;-4.198143;-0.422890;,
        -4.473421;-4.198144; 0.422890;,
        -4.473421;-4.198144;-0.422890;,
        -5.204279;-4.198143;-0.422890;,
        -5.204280;-4.198144; 0.422890;,
        -4.564778;-6.985010;-0.317168;,
        -4.564778;-11.488224;-0.317168;,
        -5.112923;-11.488224;-0.317168;,
        -5.112922;-6.985009;-0.317168;,
        -4.564778;-6.985011; 0.317168;,
        -5.112922;-6.985010; 0.317168;,
        -5.112923;-11.488224; 0.317168;,
        -4.564779;-11.488226; 0.317168;,
        -4.564778;-6.985010;-0.317168;,
        -4.564778;-6.985011; 0.317168;,
        -4.564779;-11.488226; 0.317168;,
        -4.564778;-11.488224;-0.317168;,
        -4.564778;-11.488224;-0.317168;,
        -4.564779;-11.488226; 0.317168;,
        -5.112923;-11.488224; 0.317168;,
        -5.112923;-11.488224;-0.317168;,
        -5.112923;-11.488224;-0.317168;,
        -5.112923;-11.488224; 0.317168;,
        -5.112922;-6.985010; 0.317168;,
        -5.112922;-6.985009;-0.317168;,
        -4.564778;-6.985011; 0.317168;,
        -4.564778;-6.985010;-0.317168;,
        -5.112922;-6.985009;-0.317168;,
        -5.112922;-6.985010; 0.317168;,
        -6.024647;-7.006655;-0.422890;,
        -6.024647;-11.509869;-0.422890;,
        -6.755506;-11.509869;-0.422890;,
        -6.755506;-7.006654;-0.422890;,
        -6.024647;-7.006656; 0.422890;,
        -6.755506;-7.006654; 0.422890;,
        -6.755506;-11.509869; 0.422890;,
        -6.024648;-11.509871; 0.422890;,
        -6.024647;-7.006655;-0.422890;,
        -6.024647;-7.006656; 0.422890;,
        -6.024648;-11.509871; 0.422890;,
        -6.024647;-11.509869;-0.422890;,
        -6.024647;-11.509869;-0.422890;,
        -6.024648;-11.509871; 0.422890;,
        -6.755506;-11.509869; 0.422890;,
        -6.755506;-11.509869;-0.422890;,
        -6.755506;-11.509869;-0.422890;,
        -6.755506;-11.509869; 0.422890;,
        -6.755506;-7.006654; 0.422890;,
        -6.755506;-7.006654;-0.422890;,
        -6.024647;-7.006656; 0.422890;,
        -6.024647;-7.006655;-0.422890;,
        -6.755506;-7.006654;-0.422890;,
        -6.755506;-7.006654; 0.422890;,
        -6.024647;-4.198144;-0.422890;,
        -6.024647;-6.967621;-0.422890;,
        -6.755506;-6.967621;-0.422890;,
        -6.755506;-4.198143;-0.422890;,
        -6.024647;-4.198144; 0.422890;,
        -6.755506;-4.198144; 0.422890;,
        -6.755506;-6.967620; 0.422890;,
        -6.024648;-6.967622; 0.422890;,
        -6.024647;-4.198144;-0.422890;,
        -6.024647;-4.198144; 0.422890;,
        -6.024648;-6.967622; 0.422890;,
        -6.024647;-6.967621;-0.422890;,
        -6.024647;-6.967621;-0.422890;,
        -6.024648;-6.967622; 0.422890;,
        -6.755506;-6.967620; 0.422890;,
        -6.755506;-6.967621;-0.422890;,
        -6.755506;-6.967621;-0.422890;,
        -6.755506;-6.967620; 0.422890;,
        -6.755506;-4.198144; 0.422890;,
        -6.755506;-4.198143;-0.422890;,
        -6.024647;-4.198144; 0.422890;,
        -6.024647;-4.198144;-0.422890;,
        -6.755506;-4.198143;-0.422890;,
        -6.755506;-4.198144; 0.422890;,
        -6.024647;-1.409979;-0.422890;,
        -6.024647;-4.179456;-0.422890;,
        -6.755506;-4.179456;-0.422890;,
