xof 0303txt 0032

template XSkinMeshHeader {
  <3cf169ce-ff7c-44ab-93c0-f78f62d172e2>
  WORD nMaxSkinWeightsPerVertex;
  WORD nMaxSkinWeightsPerFace;
  WORD nBones;
}

template SkinWeights {
  <6f0d123b-bad2-4167-a0d0-80224f25fabb>
  STRING transformNodeName;
  DWORD nWeights;
  array DWORD vertexIndices[nWeights];
  array float weights[nWeights];
  Matrix4x4 matrixOffset;
}

Frame Root {
  FrameTransformMatrix {
     1.000000, 0.000000, 0.000000, 0.000000,
     0.000000,-0.000000, 1.000000, 0.000000,
     0.000000, 1.000000, 0.000000, 0.000000,
     0.000000, 0.000000, 0.000000, 1.000000;;
  }
  Frame Armature {
    FrameTransformMatrix {
       1.000000, 0.000000, 0.000000, 0.000000,
       0.000000, 1.000000, 0.000000, 0.000000,
       0.000000, 0.000000, 1.000000, 0.000000,
      -0.264667, 1.678176, 2.002629, 1.000000;;
    }
    Frame Armature_abbome {
      FrameTransformMatrix {
         1.000000, 0.000000, 0.000000, 0.000000,
         0.000000, 0.000000, 1.000000, 0.000000,
         0.000000,-1.000000, 0.000000, 0.000000,
        -0.394251,-1.715704, 0.573097, 1.000000;;
      }
      Frame Armature_coscia {
        FrameTransformMatrix {
          -0.062863,-0.052549, 0.996642, 0.000000,
           0.116208,-0.992206,-0.044985, 0.000000,
           0.991234, 0.112990, 0.068476, 0.000000,
           0.179433, 0.071535, 1.051934, 1.000000;;
        }
        Frame Armature_stinor {
          FrameTransformMatrix {
            -0.987323, 0.142988,-0.068898, 0.000000,
             0.046475,-0.154613,-0.986882, 0.000000,
            -0.151765,-0.977573, 0.146007, 0.000000,
            -0.000000, 1.834388, 0.000000, 1.000000;;
          }
          Frame Armature_calr {
            FrameTransformMatrix {
               0.955793,-0.182437, 0.230600, 0.000000,
               0.069759,-0.621167,-0.780567, 0.000000,
               0.285646, 0.762147,-0.580981, 0.000000,
               0.000000, 0.872159, 0.000000, 1.000000;;
            }
            Frame Armature__4r {
              FrameTransformMatrix {
                -0.480974, 0.451632,-0.751460, 0.000000,
                 0.870711, 0.346365,-0.349133, 0.000000,
                 0.102600,-0.822228,-0.559834, 0.000000,
                -0.000000, 1.118684, 0.000000, 1.000000;;
              }
            } // End of Armature__4r
            Frame Armature__5r {
              FrameTransformMatrix {
                -0.967803, 0.031779,-0.249696, 0.000000,
                 0.223727, 0.563176,-0.795475, 0.000000,
                 0.115343,-0.825726,-0.552153, 0.000000,
                -0.000000, 1.118684, 0.000000, 1.000000;;
              }
            } // End of Armature__5r
            Frame Armature__6r {
              FrameTransformMatrix {
                -0.807554,-0.385357, 0.446493, 0.000000,
                -0.578986, 0.373708,-0.724651, 0.000000,
                 0.112391,-0.843707,-0.524906, 0.000000,
                -0.000000, 1.118684, 0.000000, 1.000000;;
              }
            } // End of Armature__6r
          } // End of Armature_calr
        } // End of Armature_stinor
      } // End of Armature_coscia
      Frame Armature_coscial {
        FrameTransformMatrix {
           0.009114, 0.000274, 0.999951, 0.000000,
           0.114089,-0.993470,-0.000767, 0.000000,
           0.993429, 0.114091,-0.009086, 0.000000,
           0.200663, 0.043340,-1.011285, 1.000000;;
        }
        Frame Armature_stinol {
          FrameTransformMatrix {
            -0.999901, 0.005289,-0.013020, 0.000000,
             0.011568,-0.216210,-0.976278, 0.000000,
            -0.007979,-0.976332, 0.216128, 0.000000,
            -0.000000, 1.806588,-0.000000, 1.000000;;
          }
          Frame Armature_calll {
            FrameTransformMatrix {
              -0.966910, 0.203119,-0.154360, 0.000000,
              -0.019507,-0.662150,-0.749117, 0.000000,
              -0.254370,-0.721318, 0.644202, 0.000000,
              -0.000000, 0.858785, 0.000000, 1.000000;;
            }
            Frame Armature__4l {
              FrameTransformMatrix {
                 0.457378, 0.460462, 0.760776, 0.000000,
                -0.880338, 0.355414, 0.314143, 0.000000,
                -0.125740,-0.813422, 0.567921, 0.000000,
                 0.000000, 1.164215, 0.000000, 1.000000;;
              }
            } // End of Armature__4l
            Frame Armature__5l {
              FrameTransformMatrix {
                 0.972268, 0.012748, 0.233520, 0.000000,
                -0.197190, 0.581533, 0.789262, 0.000000,
                -0.125738,-0.813423, 0.567920, 0.000000,
                 0.000000, 1.164215, 0.000000, 1.000000;;
              }
            } // End of Armature__5l
            Frame Armature__6l {
              FrameTransformMatrix {
                 0.776801,-0.437187,-0.453264, 0.000000,
                 0.613550, 0.363218, 0.701162, 0.000000,
                -0.141905,-0.822764, 0.550384, 0.000000,
                 0.000000, 1.164215, 0.000000, 1.000000;;
              }
            } // End of Armature__6l
          } // End of Armature_calll
        } // End of Armature_stinol
      } // End of Armature_coscial
      Frame Armature_torace {
        FrameTransformMatrix {
           0.946114,-0.320550,-0.045992, 0.000000,
           0.320416, 0.947219,-0.010472, 0.000000,
           0.046921,-0.004828, 0.998887, 0.000000,
           0.000000, 0.742770, 0.000000, 1.000000;;
        }
        Frame Armature_gobba {
          FrameTransformMatrix {
            -0.104120,-0.018806, 0.994387, 0.000000,
             0.970963, 0.214597, 0.105726, 0.000000,
            -0.215381, 0.976522,-0.004084, 0.000000,
            -0.000000, 1.157396, 0.000000, 1.000000;;
          }
          Frame Armature_dorso {
            FrameTransformMatrix {
               0.996667,-0.081507,-0.003475, 0.000000,
               0.060438, 0.766301,-0.639633, 0.000000,
               0.054798, 0.637291, 0.768672, 0.000000,
               0.000000, 0.681268, 0.000000, 1.000000;;
            }
            Frame Armature_collino {
              FrameTransformMatrix {
                 0.817277, 0.566206,-0.107096, 0.000000,
                -0.527681, 0.810037, 0.255720, 0.000000,
                 0.231542,-0.152482, 0.960801, 0.000000,
                 0.000000, 0.804107, 0.000000, 1.000000;;
              }
              Frame Armature_collo {
                FrameTransformMatrix {
                   0.865310,-0.395779, 0.307568, 0.000000,
                  -0.025291, 0.578361, 0.815389, 0.000000,
                  -0.500599,-0.713342, 0.490452, 0.000000,
                   0.000000, 0.154761,-0.000000, 1.000000;;
                }
                Frame Armature_boccagiù {
                  FrameTransformMatrix {
                     0.998044,-0.059680, 0.018627, 0.000000,
                     0.062295, 0.974511,-0.215516, 0.000000,
                    -0.005290, 0.216254, 0.976323, 0.000000,
                    -0.048696, 0.792057,-0.689136, 1.000000;;
                  }
                } // End of Armature_boccagiù
                Frame Armature_testa {
                  FrameTransformMatrix {
                     0.995867, 0.006093, 0.090621, 0.000000,
                    -0.002284, 0.999112,-0.042080, 0.000000,
                    -0.090797, 0.041699, 0.994996, 0.000000,
                    -0.000000, 0.404870,-0.000000, 1.000000;;
                  }
                  Frame Armature_bocasu {
                    FrameTransformMatrix {
                       0.992684,-0.107685,-0.054609, 0.000000,
                       0.079121, 0.921811,-0.379479, 0.000000,
                       0.091204, 0.372382, 0.923587, 0.000000,
                      -0.000000, 0.640526,-0.000000, 1.000000;;
                    }
                  } // End of Armature_bocasu
                } // End of Armature_testa
              } // End of Armature_collo
              Frame Armature_spallal {
                FrameTransformMatrix {
                   0.218242, 0.931565, 0.290786, 0.000000,
                  -0.706062, 0.356421,-0.611915, 0.000000,
                  -0.673681,-0.071767, 0.735529, 0.000000,
                  -0.183263, 0.132991, 0.329763, 1.000000;;
                }
                Frame Armature_omerol {
                  FrameTransformMatrix {
                     0.965138,-0.177333,-0.192515, 0.000000,
                    -0.083598, 0.488146,-0.868749, 0.000000,
                     0.248033, 0.854557, 0.456303, 0.000000,
                     0.000000, 1.174967,-0.000000, 1.000000;;
                  }
                  Frame Armature_aaval {
                    FrameTransformMatrix {
                       0.010108,-0.306587,-0.951789, 0.000000,
                       0.484978,-0.830891, 0.272794, 0.000000,
                      -0.874468,-0.464354, 0.140289, 0.000000,
                       0.000000, 3.205672,-0.000000, 1.000000;;
                    }
                    Frame Armature__1l {
                      FrameTransformMatrix {
                         0.672945, 0.681420,-0.287771, 0.000000,
                        -0.739579, 0.626662,-0.245596, 0.000000,
                         0.012981, 0.378102, 0.925673, 0.000000,
                         0.000000, 1.786478, 0.000000, 1.000000;;
                      }
                    } // End of Armature__1l
                    Frame Armature__2l {
                      FrameTransformMatrix {
                         0.997604, 0.052882,-0.044603, 0.000000,
                        -0.065347, 0.931950,-0.356651, 0.000000,
                         0.022708, 0.358711, 0.933173, 0.000000,
                         0.000000, 1.786478, 0.000000, 1.000000;;
                      }
                    } // End of Armature__2l
                    Frame Armature__3l {
                      FrameTransformMatrix {
                         0.781274,-0.581602, 0.226606, 0.000000,
                         0.624054, 0.720262,-0.302951, 0.000000,
                         0.012981, 0.378102, 0.925673, 0.000000,
                         0.000000, 1.786478, 0.000000, 1.000000;;
                      }
                    } // End of Armature__3l
                  } // End of Armature_aaval
                } // End of Armature_omerol
              } // End of Armature_spallal
              Frame Armature_spallar {
                FrameTransformMatrix {
                  -0.404382,-0.838683,-0.364809, 0.000000,
                   0.911374,-0.402937,-0.083899, 0.000000,
                  -0.076630,-0.366405, 0.927294, 0.000000,
                  -0.183263, 0.132991, 0.329763, 1.000000;;
                }
                Frame Armature_omeror {
                  FrameTransformMatrix {
                    -0.995576, 0.018193,-0.092177, 0.000000,
                     0.088987, 0.497382,-0.862955, 0.000000,
                     0.030148,-0.867341,-0.496800, 0.000000,
                     0.000000, 1.194318, 0.000000, 1.000000;;
                  }
                  Frame Armature_avaar {
                    FrameTransformMatrix {
                      -0.005120, 0.210557,-0.977568, 0.000000,
                       0.365177,-0.909672,-0.197845, 0.000000,
                      -0.930924,-0.357999,-0.072233, 0.000000,
                      -0.000000, 3.028818, 0.000000, 1.000000;;
                    }
                    Frame Armature__1r {
                      FrameTransformMatrix {
                         0.758665, 0.631886,-0.158582, 0.000000,
                        -0.651014, 0.726101,-0.221263, 0.000000,
                        -0.024667, 0.271103, 0.962234, 0.000000,
                         0.000000, 1.752142,-0.000000, 1.000000;;
                      }
                    } // End of Armature__1r
                    Frame Armature__2r {
                      FrameTransformMatrix {
                         0.997958,-0.029043, 0.056882, 0.000000,
                         0.043038, 0.963852,-0.262940, 0.000000,
                        -0.047189, 0.264851, 0.963134, 0.000000,
                         0.000000, 1.752142,-0.000000, 1.000000;;
                      }
                    } // End of Armature__2r
                    Frame Armature__3r {
                      FrameTransformMatrix {
                         0.724302,-0.659145, 0.202275, 0.000000,
                         0.688946, 0.703468,-0.174602, 0.000000,
                        -0.027206, 0.265821, 0.963638, 0.000000,
                         0.000000, 1.752142,-0.000000, 1.000000;;
                      }
                    } // End of Armature__3r
                  } // End of Armature_avaar
                } // End of Armature_omeror
              } // End of Armature_spallar
            } // End of Armature_collino
          } // End of Armature_dorso
        } // End of Armature_gobba
      } // End of Armature_torace
    } // End of Armature_abbome
    Frame Cube_002 {
      FrameTransformMatrix {
         1.000000, 0.000000, 0.000000, 0.000000,
         0.000000, 1.000000, 0.000000, 0.000000,
         0.000000, 0.000000, 1.000000, 0.000000,
        -0.356963,-1.722743, 1.619488, 1.000000;;
      }
      Mesh { // Cube_002 mesh
        848;
         1.516509; 0.983117; 0.223696;,
         1.516509; 1.183117; 0.223696;,
         1.516509; 1.183117;-2.776303;,
         1.516509; 0.983117;-2.776303;,
         1.516509; 1.183117; 0.223696;,
         1.716509; 1.183117; 0.223696;,
         1.716509; 1.183117;-2.776304;,
         1.516509; 1.183117;-2.776303;,
         1.716509; 0.983117; 0.223696;,
         1.716509; 1.183117; 0.223696;,
         1.516509; 1.183117; 0.223696;,
         1.516509; 0.983117; 0.223696;,
         1.716509; 1.183117; 0.226662;,
         1.716509; 0.983117; 0.226662;,
         1.716509; 0.983117;-2.773338;,
         1.716509; 1.183117;-2.773338;,
         1.716509; 0.983117; 0.226662;,
         1.516509; 0.983117; 0.226662;,
         1.516509; 0.983117;-2.773337;,
         1.716509; 0.983117;-2.773338;,
         3.542668; 1.066343;-2.897904;,
         4.249775; 1.773450;-2.897905;,
         4.956882; 1.066343;-2.897906;,
         4.249775; 0.359236;-2.897905;,
         3.542668; 1.066343;-2.840287;,
         4.249775; 1.773450;-2.840287;,
         4.249775; 1.773450;-2.880287;,
         3.542668; 1.066343;-2.880287;,
         4.249775; 0.359236;-2.840287;,
         3.542668; 1.066343;-2.840287;,
         3.542668; 1.066343;-2.880287;,
         4.249775; 0.359236;-2.880287;,
         4.249775; 0.359236;-2.840287;,
         4.956882; 1.066343;-2.840289;,
         4.249775; 1.773450;-2.840287;,
         3.542668; 1.066343;-2.840287;,
         4.249775; 1.773450;-2.851399;,
         4.956882; 1.066343;-2.851400;,
         4.956882; 1.066343;-2.891400;,
         4.249775; 1.773450;-2.891399;,
         4.956882; 1.066343;-2.851400;,
         4.249775; 0.359236;-2.851399;,
         4.249775; 0.359236;-2.891399;,
         4.956882; 1.066343;-2.891400;,
         3.535072; 1.118985;-2.817209;,
         4.383600; 0.270456;-2.817210;,
         4.383600; 0.270456;-2.917210;,
         3.535072; 1.118985;-2.917209;,
         4.312889; 0.199746;-2.817210;,
         4.383600; 0.270456;-2.817210;,
         3.535072; 1.118985;-2.817209;,
         3.464361; 1.048274;-2.817209;,
         4.383600; 1.900016;-2.817210;,
         3.535072; 1.051488;-2.817209;,
         3.535072; 1.051488;-2.917209;,
         4.383600; 1.900016;-2.917210;,
         4.383600; 1.900016;-2.817210;,
         4.312889; 1.970727;-2.817210;,
         3.464361; 1.122199;-2.817209;,
         3.535072; 1.051488;-2.817209;,
         5.103730; 1.033117;-2.817210;,
         3.503730; 1.033117;-2.817209;,
         3.503730; 1.033117;-2.917209;,
         5.103730; 1.033117;-2.917211;,
         3.503730; 1.033117;-2.917209;,
         3.503730; 1.133117;-2.917209;,
         5.103730; 1.133117;-2.917211;,
         5.103730; 1.033117;-2.917211;,
         4.383600; 0.270456;-2.811869;,
         4.312890; 0.199746;-2.811869;,
         4.312890; 0.199746;-2.911869;,
         4.383600; 0.270456;-2.911869;,
         4.312890; 0.199746;-2.811869;,
         3.464361; 1.048274;-2.811867;,
         3.464361; 1.048274;-2.911867;,
         4.312890; 0.199746;-2.911869;,
         3.464361; 1.048274;-2.911867;,
         3.535072; 1.118985;-2.911867;,
         4.383600; 0.270456;-2.911869;,
         4.312890; 0.199746;-2.911869;,
         3.464361; 1.122199;-2.811867;,
         4.312890; 1.970727;-2.811869;,
         4.312890; 1.970727;-2.911869;,
         3.464361; 1.122199;-2.911867;,
         4.312890; 1.970727;-2.811869;,
         4.383600; 1.900016;-2.811869;,
         4.383600; 1.900016;-2.911869;,
         4.312890; 1.970727;-2.911869;,
         3.535072; 1.051488;-2.911867;,
         3.464361; 1.122199;-2.911867;,
         4.312890; 1.970727;-2.911869;,
         4.383600; 1.900016;-2.911869;,
         3.503730; 1.133117;-2.811867;,
         5.103730; 1.133117;-2.811870;,
         5.103730; 1.133117;-2.911870;,
         3.503730; 1.133117;-2.911867;,
         5.103730; 1.133117;-2.811870;,
         5.103730; 1.033117;-2.811870;,
         5.103730; 1.033117;-2.911870;,
         5.103730; 1.133117;-2.911870;,
         5.103730; 1.033117;-2.811870;,
         5.103730; 1.133117;-2.811870;,
         3.503730; 1.133117;-2.811867;,
         3.503730; 1.033117;-2.811867;,
         1.512932; 0.983117;-2.761864;,
         1.512932; 1.183117;-2.761864;,
         1.512932; 1.183117;-2.961864;,
         1.512932; 0.983117;-2.961864;,
         1.512932; 1.183117;-2.761864;,
         3.512932; 1.183117;-2.761868;,
         3.512932; 1.183117;-2.961867;,
         1.512932; 1.183117;-2.961864;,
         3.512932; 1.183117;-2.761868;,
         3.512932; 0.983117;-2.761868;,
         3.512932; 0.983117;-2.961867;,
         3.512932; 1.183117;-2.961867;,
         3.512932; 0.983117;-2.761868;,
         1.512932; 0.983117;-2.761864;,
         1.512932; 0.983117;-2.961864;,
         3.512932; 0.983117;-2.961867;,
         1.512932; 0.983117;-2.961864;,
         1.512932; 1.183117;-2.961864;,
         3.512932; 1.183117;-2.961867;,
         3.512932; 0.983117;-2.961867;,
         3.512932; 0.983117;-2.761868;,
         3.512932; 1.183117;-2.761868;,
         1.512932; 1.183117;-2.761864;,
         1.512932; 0.983117;-2.761864;,
         3.565329;-1.087713;-2.647340;,
         4.272436;-0.380606;-2.647341;,
         4.272436;-0.380606;-2.687340;,
         3.565329;-1.087713;-2.687340;,
         4.272436;-0.380606;-2.647341;,
         4.979543;-1.087713;-2.647341;,
         4.979543;-1.087713;-2.687341;,
         4.272436;-0.380606;-2.687340;,
         4.979543;-1.087713;-2.647341;,
         4.272436;-1.794820;-2.647341;,
         4.272436;-1.794820;-2.687340;,
         4.979543;-1.087713;-2.687341;,
         4.272436;-1.794820;-2.647341;,
         3.565329;-1.087713;-2.647340;,
         3.565329;-1.087713;-2.687340;,
         4.272436;-1.794820;-2.687340;,
         3.565329;-1.087713;-2.687340;,
         4.272436;-0.380606;-2.687340;,
         4.979543;-1.087713;-2.687341;,
         4.272436;-1.794820;-2.687340;,
         4.272436;-1.794820;-2.647341;,
         4.979543;-1.087713;-2.647341;,
         4.272436;-0.380606;-2.647341;,
         3.565329;-1.087713;-2.647340;,
         3.526390;-1.120939;-2.613150;,
         3.526390;-1.020939;-2.613150;,
         3.526390;-1.020939;-2.713151;,
         3.526390;-1.120939;-2.713151;,
         5.126390;-1.120939;-2.613151;,
         3.526390;-1.120939;-2.613150;,
         3.526390;-1.120939;-2.713151;,
         5.126390;-1.120939;-2.713151;,
         3.526390;-1.120939;-2.713151;,
         3.526390;-1.020939;-2.713151;,
         5.126390;-1.020939;-2.713151;,
         5.126390;-1.120939;-2.713151;,
         3.487021;-1.105782;-2.613066;,
         3.557732;-1.035071;-2.613066;,
         3.557732;-1.035071;-2.713067;,
         3.487021;-1.105782;-2.713067;,
         3.557732;-1.035071;-2.613066;,
         4.406260;-1.883600;-2.613067;,
         4.406260;-1.883600;-2.713067;,
         3.557732;-1.035071;-2.713067;,
         4.406260;-1.883600;-2.613067;,
         4.335549;-1.954310;-2.613067;,
         4.335549;-1.954310;-2.713067;,
         4.406260;-1.883600;-2.713067;,
         4.335549;-1.954310;-2.613067;,
         3.487021;-1.105782;-2.613066;,
         3.487021;-1.105782;-2.713067;,
         4.335549;-1.954310;-2.713067;,
         3.487021;-1.105782;-2.713067;,
         3.557732;-1.035071;-2.713067;,
         4.406260;-1.883600;-2.713067;,
         4.335549;-1.954310;-2.713067;,
         4.335549;-1.954310;-2.613067;,
         4.406260;-1.883600;-2.613067;,
         3.557732;-1.035071;-2.613066;,
         3.487021;-1.105782;-2.613066;,
         3.557732;-1.102568;-2.613066;,
         3.487021;-1.031857;-2.613066;,
         3.487021;-1.031857;-2.713067;,
         3.557732;-1.102568;-2.713067;,
         3.487021;-1.031857;-2.613066;,
         4.335549;-0.183329;-2.613067;,
         4.335549;-0.183329;-2.713067;,
         3.487021;-1.031857;-2.713067;,
         4.335549;-0.183329;-2.613067;,
         4.406260;-0.254040;-2.613067;,
         4.406260;-0.254040;-2.713067;,
         4.335549;-0.183329;-2.713067;,
         4.406260;-0.254040;-2.613067;,
         3.557732;-1.102568;-2.613066;,
         3.557732;-1.102568;-2.713067;,
         4.406260;-0.254040;-2.713067;,
         3.557732;-1.102568;-2.713067;,
         3.487021;-1.031857;-2.713067;,
         4.335549;-0.183329;-2.713067;,
         4.406260;-0.254040;-2.713067;,
         4.406260;-0.254040;-2.613067;,
         4.335549;-0.183329;-2.613067;,
         3.487021;-1.031857;-2.613066;,
         3.557732;-1.102568;-2.613066;,
         3.526390;-1.020939;-2.613066;,
         5.126390;-1.020939;-2.613068;,
         5.126390;-1.020939;-2.713068;,
         3.526390;-1.020939;-2.713067;,
         5.126390;-1.020939;-2.613068;,
         5.126390;-1.120939;-2.613068;,
         5.126390;-1.120939;-2.713068;,
         5.126390;-1.020939;-2.713068;,
         5.126390;-1.120939;-2.613068;,
         5.126390;-1.020939;-2.613068;,
         3.526390;-1.020939;-2.613066;,
         3.526390;-1.120939;-2.613066;,
         1.535592;-1.170939;-2.563065;,
         1.535592;-0.970939;-2.563065;,
         1.535592;-0.970939;-2.763065;,
         1.535592;-1.170939;-2.763065;,
         1.535592;-0.970939;-2.563065;,
         3.535592;-0.970939;-2.563066;,
         3.535592;-0.970939;-2.763066;,
         1.535592;-0.970939;-2.763065;,
         3.535592;-0.970939;-2.563066;,
         3.535592;-1.170939;-2.563066;,
         3.535592;-1.170939;-2.763066;,
         3.535592;-0.970939;-2.763066;,
         3.535592;-1.170939;-2.563066;,
         1.535592;-1.170939;-2.563065;,
         1.535592;-1.170939;-2.763065;,
         3.535592;-1.170939;-2.763066;,
         1.535592;-1.170939;-2.763065;,
         1.535592;-0.970939;-2.763065;,
         3.535592;-0.970939;-2.763066;,
         3.535592;-1.170939;-2.763066;,
         3.535592;-1.170939;-2.563066;,
         3.535592;-0.970939;-2.563066;,
         1.535592;-0.970939;-2.563065;,
         1.535592;-1.170939;-2.563065;,
         1.516509;-1.170939; 0.227490;,
         1.516509;-0.970939; 0.227490;,
         1.516509;-0.970939;-2.772510;,
         1.516509;-1.170939;-2.772510;,
         1.516509;-0.970939; 0.227490;,
         1.716509;-0.970939; 0.227490;,
         1.716509;-0.970939;-2.772510;,
         1.516509;-0.970939;-2.772510;,
         1.716509;-0.970939; 0.227490;,
         1.716509;-1.170939; 0.227490;,
         1.716509;-1.170939;-2.772510;,
         1.716509;-0.970939;-2.772510;,
         1.716509;-1.170939; 0.227490;,
         1.516509;-1.170939; 0.227490;,
         1.516509;-1.170939;-2.772510;,
         1.716509;-1.170939;-2.772510;,
         1.516509;-1.170939;-2.772510;,
         1.516509;-0.970939;-2.772510;,
         1.716509;-0.970939;-2.772510;,
         1.716509;-1.170939;-2.772510;,
         1.716509;-1.170939; 0.227490;,
         1.716509;-0.970939; 0.227490;,
         1.516509;-0.970939; 0.227490;,
         1.516509;-1.170939; 0.227490;,
         2.683403;-0.400000; 0.176100;,
         2.683403; 0.400000; 0.176100;,
         2.683403; 0.400000;-0.023900;,
         2.683403;-0.400000;-0.023900;,
         2.683403; 0.400000; 0.176100;,
         3.083404; 0.400000; 0.176099;,
         3.083404; 0.400000;-0.023901;,
         2.683403; 0.400000;-0.023900;,
         3.083404; 0.400000; 0.176099;,
         3.083404;-0.400000; 0.176099;,
         3.083404;-0.400000;-0.023901;,
         3.083404; 0.400000;-0.023901;,
         3.083404;-0.400000; 0.176099;,
         2.683403;-0.400000; 0.176100;,
         2.683403;-0.400000;-0.023900;,
         3.083404;-0.400000;-0.023901;,
         2.683403;-0.400000;-0.023900;,
         2.683403; 0.400000;-0.023900;,
         3.083404; 0.400000;-0.023901;,
         3.083404;-0.400000;-0.023901;,
         3.083404;-0.400000; 0.176099;,
         3.083404; 0.400000; 0.176099;,
         2.683403; 0.400000; 0.176100;,
         2.683403;-0.400000; 0.176100;,
         2.683403;-0.400000; 0.984531;,
         2.683403; 0.400000; 0.984531;,
         2.683403; 0.400000; 0.384531;,
         2.683403;-0.400000; 0.384531;,
         2.683403; 0.400000; 0.984531;,
         3.083404; 0.400000; 0.984530;,
         3.083404; 0.400000; 0.384530;,
         2.683403; 0.400000; 0.384531;,
         3.083404; 0.400000; 0.984530;,
         3.083404;-0.400000; 0.984530;,
         3.083404;-0.400000; 0.384530;,
         3.083404; 0.400000; 0.384530;,
         3.083404;-0.400000; 0.984530;,
         2.683403;-0.400000; 0.984531;,
         2.683403;-0.400000; 0.384531;,
         3.083404;-0.400000; 0.384530;,
         2.683403;-0.400000; 0.384531;,
         2.683403; 0.400000; 0.384531;,
         3.083404; 0.400000; 0.384530;,
         3.083404;-0.400000; 0.384530;,
         3.083404;-0.400000; 0.984530;,
         3.083404; 0.400000; 0.984530;,
         2.683403; 0.400000; 0.984531;,
         2.683403;-0.400000; 0.984531;,
         2.089015;-0.400000; 0.976762;,
         2.089015; 0.400000; 0.976762;,
         2.089015; 0.400000;-0.023237;,
         2.089015;-0.400000;-0.023237;,
         2.089015; 0.400000; 0.976762;,
         2.689015; 0.400000; 0.976762;,
         2.689015; 0.400000;-0.023238;,
         2.089015; 0.400000;-0.023237;,
         2.689015; 0.400000; 0.976762;,
         2.689015;-0.400000; 0.976762;,
         2.689015;-0.400000;-0.023238;,
         2.689015; 0.400000;-0.023238;,
         2.689015;-0.400000; 0.976762;,
         2.089015;-0.400000; 0.976762;,
         2.089015;-0.400000;-0.023237;,
         2.689015;-0.400000;-0.023238;,
         2.089015;-0.400000;-0.023237;,
         2.089015; 0.400000;-0.023237;,
         2.689015; 0.400000;-0.023238;,
         2.689015;-0.400000;-0.023238;,
         2.689015;-0.400000; 0.976762;,
         2.689015; 0.400000; 0.976762;,
         2.089015; 0.400000; 0.976762;,
         2.089015;-0.400000; 0.976762;,
         1.758533;-0.200000; 0.676763;,
         1.758533; 0.200000; 0.676763;,
         1.758533; 0.200000; 0.276763;,
         1.758533;-0.200000; 0.276763;,
         1.758533; 0.200000; 0.676763;,
         2.158533; 0.200000; 0.676763;,
         2.158533; 0.200000; 0.276763;,
         1.758533; 0.200000; 0.276763;,
         2.158533; 0.200000; 0.676763;,
         2.158533;-0.200000; 0.676763;,
         2.158533;-0.200000; 0.276763;,
         2.158533; 0.200000; 0.276763;,
         2.158533;-0.200000; 0.676763;,
         1.758533;-0.200000; 0.676763;,
         1.758533;-0.200000; 0.276763;,
         2.158533;-0.200000; 0.276763;,
         1.758533;-0.200000; 0.276763;,
         1.758533; 0.200000; 0.276763;,
         2.158533; 0.200000; 0.276763;,
         2.158533;-0.200000; 0.276763;,
         2.158533;-0.200000; 0.676763;,
         2.158533; 0.200000; 0.676763;,
         1.758533; 0.200000; 0.676763;,
         1.758533;-0.200000; 0.676763;,
         1.471298;-1.200000; 0.530620;,
         1.471298; 1.200000; 0.530620;,
         1.471298; 1.200000; 0.230620;,
         1.471298;-1.200000; 0.230620;,
         1.471298; 1.200000; 0.530620;,
         1.771298; 1.200000; 0.530620;,
         1.771298; 1.200000; 0.230620;,
         1.471298; 1.200000; 0.230620;,
         1.771298; 1.200000; 0.530620;,
         1.771298;-1.200000; 0.530620;,
         1.771298;-1.200000; 0.230620;,
         1.771298; 1.200000; 0.230620;,
         1.771298;-1.200000; 0.530620;,
         1.471298;-1.200000; 0.530620;,
         1.471298;-1.200000; 0.230620;,
         1.771298;-1.200000; 0.230620;,
         1.471298;-1.200000; 0.230620;,
         1.471298; 1.200000; 0.230620;,
         1.771298; 1.200000; 0.230620;,
         1.771298;-1.200000; 0.230620;,
         1.771298;-1.200000; 0.530620;,
         1.771298; 1.200000; 0.530620;,
         1.471298; 1.200000; 0.530620;,
         1.471298;-1.200000; 0.530620;,
         1.467928;-0.900000; 1.135295;,
         1.467928; 0.900000; 1.135295;,
         1.467928; 0.900000; 0.535295;,
         1.467928;-0.900000; 0.535295;,
         1.467928; 0.900000; 1.135295;,
         1.867927; 0.900000; 1.135294;,
         1.867927; 0.900000; 0.535294;,
         1.467928; 0.900000; 0.535295;,
         1.867927; 0.900000; 1.135294;,
         1.867927;-0.900000; 1.135294;,
         1.867927;-0.900000; 0.535294;,
         1.867927; 0.900000; 0.535294;,
         1.867927;-0.900000; 1.135294;,
         1.467928;-0.900000; 1.135295;,
         1.467928;-0.900000; 0.535295;,
         1.867927;-0.900000; 0.535294;,
         1.467928;-0.900000; 0.535295;,
         1.467928; 0.900000; 0.535295;,
         1.867927; 0.900000; 0.535294;,
         1.867927;-0.900000; 0.535294;,
         1.867927;-0.900000; 1.135294;,
         1.867927; 0.900000; 1.135294;,
         1.467928; 0.900000; 1.135295;,
         1.467928;-0.900000; 1.135295;,
         0.870924;-0.900000; 1.360179;,
         0.870924; 0.900000; 1.360179;,
         0.870924; 0.900000; 0.360179;,
         0.870924;-0.900000; 0.360179;,
         0.870924; 0.900000; 1.360179;,
         1.470924; 0.900000; 1.360178;,
         1.470924; 0.900000; 0.360179;,
         0.870924; 0.900000; 0.360179;,
         1.470924; 0.900000; 1.360178;,
         1.470924;-0.900000; 1.360178;,
         1.470924;-0.900000; 0.360179;,
         1.470924; 0.900000; 0.360179;,
         1.470924;-0.900000; 1.360178;,
         0.870924;-0.900000; 1.360179;,
         0.870924;-0.900000; 0.360179;,
         1.470924;-0.900000; 0.360179;,
         0.870924;-0.900000; 0.360179;,
         0.870924; 0.900000; 0.360179;,
         1.470924; 0.900000; 0.360179;,
         1.470924;-0.900000; 0.360179;,
         1.470924;-0.900000; 1.360178;,
         1.470924; 0.900000; 1.360178;,
         0.870924; 0.900000; 1.360179;,
         0.870924;-0.900000; 1.360179;,
         0.282529;-0.900000; 1.187992;,
         0.282529; 0.900000; 1.187992;,
         0.282529; 0.900000; 0.187992;,
         0.282529;-0.900000; 0.187992;,
         0.282529; 0.900000; 1.187992;,
         0.882529; 0.900000; 1.187991;,
         0.882529; 0.900000; 0.187992;,
         0.282529; 0.900000; 0.187992;,
         0.882529; 0.900000; 1.187991;,
         0.882529;-0.900000; 1.187991;,
         0.882529;-0.900000; 0.187992;,
         0.882529; 0.900000; 0.187992;,
         0.882529;-0.900000; 1.187991;,
         0.282529;-0.900000; 1.187992;,
         0.282529;-0.900000; 0.187992;,
         0.882529;-0.900000; 0.187992;,
         0.282529;-0.900000; 0.187992;,
         0.282529; 0.900000; 0.187992;,
         0.882529; 0.900000; 0.187992;,
         0.882529;-0.900000; 0.187992;,
         0.882529;-0.900000; 1.187991;,
         0.882529; 0.900000; 1.187991;,
         0.282529; 0.900000; 1.187992;,
         0.282529;-0.900000; 1.187992;,
        -0.300000;-0.800000; 0.894222;,
        -0.300000; 0.800000; 0.894222;,
        -0.300000; 0.800000;-0.305778;,
        -0.300000;-0.800000;-0.305778;,
        -0.300000; 0.800000; 0.894222;,
         0.300000; 0.800000; 0.894221;,
         0.300000; 0.800000;-0.305779;,
        -0.300000; 0.800000;-0.305778;,
         0.300000; 0.800000; 0.894221;,
         0.300000;-0.800000; 0.894221;,
         0.300000;-0.800000;-0.305779;,
         0.300000; 0.800000;-0.305779;,
         0.300000;-0.800000; 0.894221;,
        -0.300000;-0.800000; 0.894222;,
        -0.300000;-0.800000;-0.305778;,
         0.300000;-0.800000;-0.305779;,
        -0.300000;-0.800000;-0.305778;,
        -0.300000; 0.800000;-0.305778;,
         0.300000; 0.800000;-0.305779;,
         0.300000;-0.800000;-0.305779;,
         0.300000;-0.800000; 0.894221;,
         0.300000; 0.800000; 0.894221;,
        -0.300000; 0.800000; 0.894222;,
        -0.300000;-0.800000; 0.894222;,
        -0.400487;-1.200000;-0.264516;,
        -0.400487; 1.200000;-0.264516;,
        -0.400487; 1.200000;-1.064516;,
        -0.400487;-1.200000;-1.064516;,
        -0.400487; 1.200000;-0.264516;,
         0.399513; 1.200000;-0.264517;,
         0.399513; 1.200000;-1.064517;,
        -0.400487; 1.200000;-1.064516;,
         0.399513; 1.200000;-0.264517;,
         0.399513;-1.200000;-0.264517;,
         0.399513;-1.200000;-1.064517;,
         0.399513; 1.200000;-1.064517;,
         0.399513;-1.200000;-0.264517;,
        -0.400487;-1.200000;-0.264516;,
        -0.400487;-1.200000;-1.064516;,
         0.399513;-1.200000;-1.064517;,
        -0.400487;-1.200000;-1.064516;,
        -0.400487; 1.200000;-1.064516;,
         0.399513; 1.200000;-1.064517;,
         0.399513;-1.200000;-1.064517;,
         0.399513;-1.200000;-0.264517;,
         0.399513; 1.200000;-0.264517;,
        -0.400487; 1.200000;-0.264516;,
        -0.400487;-1.200000;-0.264516;,
         0.749420;-1.644226;-3.602118;,
         0.042313;-0.937119;-3.602117;,
         0.042313;-0.937119;-3.642117;,
         0.749420;-1.644226;-3.642118;,
         0.042313;-0.937119;-3.602117;,
         0.749420;-0.230012;-3.602118;,
         0.749420;-0.230012;-3.642118;,
         0.042313;-0.937119;-3.642117;,
         0.749420;-0.230012;-3.602118;,
         1.456527;-0.937119;-3.602118;,
         1.456527;-0.937119;-3.642118;,
         0.749420;-0.230012;-3.642118;,
         1.456527;-0.937119;-3.602118;,
         0.749420;-1.644226;-3.602118;,
         0.749420;-1.644226;-3.642118;,
         1.456527;-0.937119;-3.642118;,
         0.749420;-1.644226;-3.642118;,
         0.042313;-0.937119;-3.642117;,
         0.749420;-0.230012;-3.642118;,
         1.456527;-0.937119;-3.642118;,
         1.456527;-0.937119;-3.602118;,
         0.749420;-0.230012;-3.602118;,
         0.042313;-0.937119;-3.602117;,
         0.749420;-1.644226;-3.602118;,
        -0.019641;-1.118155;-0.954226;,
        -0.019641;-0.798155;-0.954226;,
         0.258960;-0.798155;-2.934726;,
         0.258960;-1.118155;-2.934726;,
        -0.019641;-0.798155;-0.954226;,
         0.297239;-0.798155;-0.909650;,
         0.575840;-0.798155;-2.890150;,
         0.258960;-0.798155;-2.934726;,
         0.297239;-0.798155;-0.909650;,
         0.297239;-1.118155;-0.909650;,
         0.575840;-1.118155;-2.890150;,
         0.575840;-0.798155;-2.890150;,
         0.297239;-1.118155;-0.909650;,
        -0.019641;-1.118155;-0.954226;,
         0.258960;-1.118155;-2.934726;,
         0.575840;-1.118155;-2.890150;,
         0.258960;-1.118155;-2.934726;,
         0.258960;-0.798155;-2.934726;,
         0.575840;-0.798155;-2.890150;,
         0.575840;-1.118155;-2.890150;,
         0.297239;-1.118155;-0.909650;,
         0.297239;-0.798155;-0.909650;,
        -0.019641;-0.798155;-0.954226;,
        -0.019641;-1.118155;-0.954226;,
        -0.487122;-1.058154;-2.785600;,
        -0.487122;-0.858154;-2.785600;,
         0.300725;-0.858154;-2.924519;,
         0.300725;-1.058154;-2.924519;,
        -0.487122;-0.858154;-2.785600;,
        -0.452392;-0.858154;-2.588639;,
         0.335454;-0.858154;-2.727558;,
         0.300725;-0.858154;-2.924519;,
        -0.452392;-0.858154;-2.588639;,
        -0.452392;-1.058154;-2.588639;,
         0.335454;-1.058154;-2.727558;,
         0.335454;-0.858154;-2.727558;,
        -0.452392;-1.058154;-2.588639;,
        -0.487122;-1.058154;-2.785600;,
         0.300725;-1.058154;-2.924519;,
         0.335454;-1.058154;-2.727558;,
         0.300725;-1.058154;-2.924519;,
         0.300725;-0.858154;-2.924519;,
         0.335454;-0.858154;-2.727558;,
         0.335454;-1.058154;-2.727558;,
        -0.452392;-1.058154;-2.588639;,
        -0.452392;-0.858154;-2.588639;,
        -0.487122;-0.858154;-2.785600;,
        -0.487122;-1.058154;-2.785600;,
        -0.578313;-1.058154;-2.675339;,
        -0.578313;-0.858154;-2.675339;,
         0.037969;-0.858154;-3.704998;,
         0.037969;-1.058154;-3.704998;,
        -0.578313;-0.858154;-2.675339;,
        -0.406703;-0.858154;-2.572626;,
         0.209579;-0.858154;-3.602285;,
         0.037969;-0.858154;-3.704998;,
        -0.406703;-0.858154;-2.572626;,
        -0.406703;-1.058154;-2.572626;,
         0.209579;-1.058154;-3.602285;,
         0.209579;-0.858154;-3.602285;,
        -0.406703;-1.058154;-2.572626;,
        -0.578313;-1.058154;-2.675339;,
         0.037969;-1.058154;-3.704998;,
         0.209579;-1.058154;-3.602285;,
         0.037969;-1.058154;-3.704998;,
         0.037969;-0.858154;-3.704998;,
         0.209579;-0.858154;-3.602285;,
         0.209579;-1.058154;-3.602285;,
        -0.406703;-1.058154;-2.572626;,
        -0.406703;-0.858154;-2.572626;,
        -0.578313;-0.858154;-2.675339;,
        -0.578313;-1.058154;-2.675339;,
         0.980004;-1.781250;-3.722117;,
         0.838582;-1.922671;-3.722117;,
        -0.009946;-1.074143;-3.722117;,
         0.131476;-0.932722;-3.722117;,
         0.980004;-1.781250;-3.522118;,
         0.131475;-0.932721;-3.522117;,
        -0.009946;-1.074142;-3.522117;,
         0.838582;-1.922671;-3.522118;,
         0.980004;-1.781250;-3.722117;,
         0.980004;-1.781250;-3.522118;,
         0.838582;-1.922671;-3.522118;,
         0.838582;-1.922671;-3.722117;,
         0.838582;-1.922671;-3.722117;,
         0.838582;-1.922671;-3.522118;,
        -0.009946;-1.074142;-3.522117;,
        -0.009946;-1.074143;-3.722117;,
        -0.009946;-1.074143;-3.722117;,
        -0.009946;-1.074142;-3.522117;,
         0.131475;-0.932721;-3.522117;,
         0.131476;-0.932722;-3.722117;,
         0.980004;-1.781250;-3.522118;,
         0.980004;-1.781250;-3.722117;,
         0.131476;-0.932722;-3.722117;,
         0.131475;-0.932721;-3.522117;,
         0.838582;-0.023394;-3.722117;,
         0.980004;-0.164816;-3.722117;,
         0.131475;-1.013344;-3.722117;,
        -0.009946;-0.871922;-3.722117;,
         0.838582;-0.023394;-3.522118;,
        -0.009946;-0.871922;-3.522117;,
         0.131475;-1.013344;-3.522117;,
         0.980003;-0.164816;-3.522118;,
         0.838582;-0.023394;-3.722117;,
         0.838582;-0.023394;-3.522118;,
         0.980003;-0.164816;-3.522118;,
         0.980004;-0.164816;-3.722117;,
         0.980004;-0.164816;-3.722117;,
         0.980003;-0.164816;-3.522118;,
         0.131475;-1.013344;-3.522117;,
         0.131475;-1.013344;-3.722117;,
         0.131475;-1.013344;-3.722117;,
         0.131475;-1.013344;-3.522117;,
        -0.009946;-0.871922;-3.522117;,
        -0.009946;-0.871922;-3.722117;,
         0.838582;-0.023394;-3.522118;,
         0.838582;-0.023394;-3.722117;,
        -0.009946;-0.871922;-3.722117;,
        -0.009946;-0.871922;-3.522117;,
         1.581181;-0.859821;-3.722118;,
         1.581181;-1.059821;-3.722118;,
        -0.018819;-1.059821;-3.722117;,
        -0.018819;-0.859821;-3.722117;,
         1.581182;-0.859821;-3.522118;,
        -0.018819;-0.859821;-3.522117;,
        -0.018819;-1.059821;-3.522117;,
         1.581181;-1.059821;-3.522118;,
         1.581181;-0.859821;-3.722118;,
         1.581182;-0.859821;-3.522118;,
         1.581181;-1.059821;-3.522118;,
         1.581181;-1.059821;-3.722118;,
         1.581181;-1.059821;-3.722118;,
