xof 0303txt 0032

template XSkinMeshHeader {
  <3cf169ce-ff7c-44ab-93c0-f78f62d172e2>
  WORD nMaxSkinWeightsPerVertex;
  WORD nMaxSkinWeightsPerFace;
  WORD nBones;
}

template SkinWeights {
  <6f0d123b-bad2-4167-a0d0-80224f25fabb>
  STRING transformNodeName;
  DWORD nWeights;
  array DWORD vertexIndices[nWeights];
  array float weights[nWeights];
  Matrix4x4 matrixOffset;
}

Frame Root {
  FrameTransformMatrix {
     1.000000, 0.000000, 0.000000, 0.000000,
     0.000000,-0.000000, 1.000000, 0.000000,
     0.000000, 1.000000, 0.000000, 0.000000,
     0.000000, 0.000000, 0.000000, 1.000000;;
  }
  Frame Armature {
    FrameTransformMatrix {
       1.000000, 0.000000, 0.000000, 0.000000,
       0.000000, 1.000000, 0.000000, 0.000000,
       0.000000, 0.000000, 1.000000, 0.000000,
       0.000000, 0.000000,-0.050252, 1.000000;;
    }
    Frame Armature_Bone_003 {
      FrameTransformMatrix {
         0.873562,-0.000000,-0.486712, 0.000000,
        -0.486712, 0.000000,-0.873562, 0.000000,
         0.000000, 1.000000, 0.000000, 0.000000,
        -2.025975, 0.000000, 0.776937, 1.000000;;
      }
      Frame Armature_Bone_014 {
        FrameTransformMatrix {
           0.992049,-0.125564, 0.008556, 0.000000,
           0.013045, 0.170201, 0.985323, 0.000000,
          -0.125178,-0.977377, 0.170486, 0.000000,
           0.180382, 0.529499, 0.775221, 1.000000;;
        }
        Frame Armature_Bone_018 {
          FrameTransformMatrix {
             0.971273, 0.213953, 0.104181, 0.000000,
            -0.230056, 0.956169, 0.181149, 0.000000,
            -0.060857,-0.199912, 0.977922, 0.000000,
            -0.000000, 1.405694, 0.000000, 1.000000;;
          }
          Frame Armature_Bone_022 {
            FrameTransformMatrix {
               0.960890, 0.077102, 0.265980, 0.000000,
              -0.050815, 0.993242,-0.104343, 0.000000,
              -0.272227, 0.086747, 0.958315, 0.000000,
              -0.000000, 1.295155, 0.000000, 1.000000;;
            }
          } // End of Armature_Bone_022
        } // End of Armature_Bone_018
      } // End of Armature_Bone_014
      Frame Armature_Bone_015 {
        FrameTransformMatrix {
           0.801960, 0.357879, 0.478312, 0.000000,
          -0.591021, 0.358835, 0.722449, 0.000000,
           0.086914,-0.862067, 0.499285, 0.000000,
          -1.009333, 0.787897, 0.945272, 1.000000;;
        }
        Frame Armature_Bone_019 {
          FrameTransformMatrix {
             0.996086, 0.039895,-0.078871, 0.000000,
            -0.065843, 0.930233,-0.361015, 0.000000,
             0.058966, 0.364795, 0.929219, 0.000000,
             0.000000, 1.405694, 0.000000, 1.000000;;
          }
          Frame Armature_Bone_023 {
            FrameTransformMatrix {
               0.838927, 0.508042,-0.195178, 0.000000,
              -0.543240, 0.759909,-0.356971, 0.000000,
              -0.033039, 0.405501, 0.913497, 0.000000,
               0.000000, 1.294137,-0.000000, 1.000000;;
            }
          } // End of Armature_Bone_023
        } // End of Armature_Bone_019
      } // End of Armature_Bone_015
      Frame Armature_Bone_016 {
        FrameTransformMatrix {
           0.982613,-0.045570, 0.179984, 0.000000,
          -0.170734, 0.159089, 0.972389, 0.000000,
          -0.072945,-0.986212, 0.148543, 0.000000,
          -0.678695, 0.735822, 0.841598, 1.000000;;
        }
        Frame Armature_Bone_020 {
          FrameTransformMatrix {
             0.985426, 0.150132, 0.079970, 0.000000,
            -0.131082, 0.969843,-0.205481, 0.000000,
            -0.108407, 0.192004, 0.975388, 0.000000,
            -0.000000, 1.408430,-0.000000, 1.000000;;
          }
          Frame Armature_Bone_024 {
            FrameTransformMatrix {
               0.905747,-0.007755, 0.423747, 0.000000,
              -0.053330, 0.989800, 0.132107, 0.000000,
              -0.420449,-0.142254, 0.896095, 0.000000,
              -0.000000, 1.293785,-0.000000, 1.000000;;
            }
          } // End of Armature_Bone_024
        } // End of Armature_Bone_020
      } // End of Armature_Bone_016
      Frame Armature_Bone_017 {
        FrameTransformMatrix {
           0.975575,-0.045833, 0.214834, 0.000000,
          -0.206601, 0.140836, 0.968236, 0.000000,
          -0.074633,-0.988972, 0.127927, 0.000000,
          -0.170062, 0.617434, 0.810109, 1.000000;;
        }
        Frame Armature_Bone_021 {
          FrameTransformMatrix {
             0.981266, 0.148453, 0.122794, 0.000000,
            -0.136319, 0.985404,-0.101962, 0.000000,
            -0.136138, 0.083313, 0.987181, 0.000000,
            -0.000000, 1.405694, 0.000000, 1.000000;;
          }
          Frame Armature_Bone_025 {
            FrameTransformMatrix {
               0.941211, 0.006470, 0.337758, 0.000000,
               0.006904, 0.999239,-0.038379, 0.000000,
              -0.337750, 0.038455, 0.940450, 0.000000,
               0.000000, 1.294312,-0.000000, 1.000000;;
            }
          } // End of Armature_Bone_025
        } // End of Armature_Bone_021
      } // End of Armature_Bone_017
      Frame Armature_Bone_026 {
        FrameTransformMatrix {
          -0.984626, 0.167965,-0.047961, 0.000000,
           0.078732, 0.181648,-0.980207, 0.000000,
          -0.155928,-0.968913,-0.192079, 0.000000,
           0.123297, 0.455752,-0.908567, 1.000000;;
        }
        Frame Armature_Bone_030 {
          FrameTransformMatrix {
             0.978396,-0.192522,-0.075338, 0.000000,
             0.206363, 0.931413, 0.299806, 0.000000,
             0.012452,-0.308876, 0.951021, 0.000000,
            -0.000000, 1.377235, 0.000000, 1.000000;;
          }
          Frame Armature_Bone_034 {
            FrameTransformMatrix {
               0.963533,-0.163640,-0.211723, 0.000000,
               0.132712, 0.979286,-0.152925, 0.000000,
               0.232362, 0.119250, 0.965292, 0.000000,
              -0.000000, 1.364160, 0.000000, 1.000000;;
            }
          } // End of Armature_Bone_034
        } // End of Armature_Bone_030
      } // End of Armature_Bone_026
      Frame Armature_Bone_027 {
        FrameTransformMatrix {
          -0.799504,-0.350925, 0.487488, 0.000000,
          -0.599916, 0.426119,-0.677144, 0.000000,
           0.029899,-0.833831,-0.551209, 0.000000,
          -1.054575, 0.733675,-1.123116, 1.000000;;
        }
        Frame Armature_Bone_031 {
          FrameTransformMatrix {
             0.941841,-0.137257,-0.306751, 0.000000,
             0.096913, 0.984944,-0.143156, 0.000000,
             0.321782, 0.105102, 0.940962, 0.000000,
            -0.000000, 1.377236,-0.000000, 1.000000;;
          }
          Frame Armature_Bone_035 {
            FrameTransformMatrix {
               0.718182,-0.652393, 0.242071, 0.000000,
               0.692033, 0.633216,-0.346594, 0.000000,
               0.072832, 0.416439, 0.906242, 0.000000,
              -0.000000, 1.364669, 0.000000, 1.000000;;
            }
          } // End of Armature_Bone_035
        } // End of Armature_Bone_031
      } // End of Armature_Bone_027
      Frame Armature_Bone_028 {
        FrameTransformMatrix {
          -0.923250,-0.036614, 0.382451, 0.000000,
          -0.379556, 0.241225,-0.893167, 0.000000,
          -0.059554,-0.969778,-0.236608, 0.000000,
          -0.628114, 0.639151,-1.052595, 1.000000;;
        }
        Frame Armature_Bone_032 {
          FrameTransformMatrix {
             0.969967,-0.114045,-0.214844, 0.000000,
             0.088447, 0.988177,-0.125236, 0.000000,
             0.226587, 0.102473, 0.968585, 0.000000,
            -0.000000, 1.377236, 0.000000, 1.000000;;
          }
          Frame Armature_Bone_036 {
            FrameTransformMatrix {
               0.741508, 0.230839,-0.629983, 0.000000,
              -0.150503, 0.972250, 0.179106, 0.000000,
               0.653846,-0.037994, 0.755673, 0.000000,
              -0.000000, 1.364053, 0.000000, 1.000000;;
            }
          } // End of Armature_Bone_036
        } // End of Armature_Bone_032
      } // End of Armature_Bone_028
      Frame Armature_Bone_029 {
        FrameTransformMatrix {
          -0.968852, 0.016792, 0.247070, 0.000000,
          -0.232930, 0.276935,-0.932229, 0.000000,
          -0.084076,-0.960742,-0.264398, 0.000000,
          -0.251712, 0.544013,-0.976612, 1.000000;;
        }
        Frame Armature_Bone_033 {
          FrameTransformMatrix {
             0.956252,-0.141309,-0.256153, 0.000000,
             0.166969, 0.982608, 0.081252, 0.000000,
             0.240216,-0.120467, 0.963215, 0.000000,
             0.000000, 1.377236, 0.000000, 1.000000;;
          }
          Frame Armature_Bone_037 {
            FrameTransformMatrix {
               0.851690, 0.409128, 0.327473, 0.000000,
               0.492898,-0.413174,-0.765727, 0.000000,
              -0.177977, 0.813573,-0.553555, 0.000000,
              -0.000000, 1.364053,-0.000000, 1.000000;;
            }
          } // End of Armature_Bone_037
        } // End of Armature_Bone_033
      } // End of Armature_Bone_029
      Frame Armature_Bone_038 {
        FrameTransformMatrix {
          -0.985708, 0.168022,-0.012204, 0.000000,
           0.013596, 0.007139,-0.999882, 0.000000,
          -0.167916,-0.985757,-0.009322, 0.000000,
           0.624422, 0.343705,-0.774013, 1.000000;;
        }
        Frame Armature_Bone_039 {
          FrameTransformMatrix {
            -0.058720, 0.953540, 0.295487, 0.000000,
            -0.942599,-0.150430, 0.298125, 0.000000,
             0.328724,-0.261020, 0.907639, 0.000000,
             0.000000, 1.397419, 0.000000, 1.000000;;
          }
          Frame Armature_Bone_040 {
            FrameTransformMatrix {
              -1.000000,-0.000000,-0.000001, 0.000000,
               0.000000, 0.967611,-0.252446, 0.000000,
               0.000001,-0.252446,-0.967611, 0.000000,
              -0.000000, 1.326690, 0.000000, 1.000000;;
            }
            Frame Armature_Bone_043 {
              FrameTransformMatrix {
                -1.000000, 0.000000, 0.000001, 0.000000,
                -0.000000, 0.967611,-0.252445, 0.000000,
                -0.000001,-0.252445,-0.967611, 0.000000,
                 0.000000, 0.657731,-0.000000, 1.000000;;
              }
            } // End of Armature_Bone_043
          } // End of Armature_Bone_040
          Frame Armature_Bone_041 {
            FrameTransformMatrix {
              -1.000000,-0.000000, 0.000000, 0.000000,
              -0.000000, 0.940332, 0.340259, 0.000000,
              -0.000000, 0.340260,-0.940332, 0.000000,
              -0.000000, 1.326690, 0.000000, 1.000000;;
            }
            Frame Armature_Bone_042 {
              FrameTransformMatrix {
                -1.000000, 0.000000,-0.000000, 0.000000,
                -0.000000, 0.940331, 0.340260, 0.000000,
                 0.000000, 0.340260,-0.940332, 0.000000,
                 0.000000, 0.689119, 0.000000, 1.000000;;
              }
            } // End of Armature_Bone_042
          } // End of Armature_Bone_041
        } // End of Armature_Bone_039
      } // End of Armature_Bone_038
      Frame Armature_Bone_044 {
        FrameTransformMatrix {
           0.976616,-0.146438, 0.157407, 0.000000,
          -0.155667, 0.023341, 0.987534, 0.000000,
          -0.148286,-0.988944, 0.000000, 0.000000,
           0.716003, 0.404828, 0.926118, 1.000000;;
        }
        Frame Armature_Bone_045 {
          FrameTransformMatrix {
            -0.233936,-0.969197,-0.077011, 0.000000,
             0.902513,-0.245932, 0.353536, 0.000000,
            -0.361585, 0.013201, 0.932246, 0.000000,
            -0.000000, 1.379715, 0.000000, 1.000000;;
          }
          Frame Armature_Bone_046 {
            FrameTransformMatrix {
               1.000000, 0.000000,-0.000000, 0.000000,
              -0.000000, 0.972964,-0.230957, 0.000000,
               0.000000, 0.230957, 0.972964, 0.000000,
               0.000000, 1.317140, 0.000000, 1.000000;;
            }
            Frame Armature_Bone_047 {
              FrameTransformMatrix {
                 1.000000, 0.000000,-0.000000, 0.000000,
                -0.000000, 0.972964, 0.230957, 0.000000,
                -0.000000,-0.230957, 0.972964, 0.000000,
                 0.000000, 0.675269, 0.000000, 1.000000;;
              }
            } // End of Armature_Bone_047
          } // End of Armature_Bone_046
          Frame Armature_Bone_048 {
            FrameTransformMatrix {
               1.000000, 0.000000,-0.000000, 0.000000,
              -0.000000, 0.968050, 0.250759, 0.000000,
               0.000000,-0.250759, 0.968050, 0.000000,
               0.000000, 1.317140, 0.000000, 1.000000;;
            }
            Frame Armature_Bone_049 {
              FrameTransformMatrix {
                 1.000000, 0.000000, 0.000000, 0.000000,
                 0.000000, 0.968050,-0.250759, 0.000000,
                -0.000000, 0.250759, 0.968050, 0.000000,
                 0.000000, 0.690685,-0.000000, 1.000000;;
              }
            } // End of Armature_Bone_049
          } // End of Armature_Bone_048
        } // End of Armature_Bone_045
      } // End of Armature_Bone_044
    } // End of Armature_Bone_003
    Frame Cube_001 {
      FrameTransformMatrix {
         1.513552, 0.000000, 0.000000, 0.000000,
         0.000000, 0.578512, 0.000000, 0.000000,
         0.000000, 0.000000, 0.259188, 0.000000,
         0.000000, 0.000000, 0.520262, 1.000000;;
      }
      Mesh { // Cube_001 mesh
        912;
        -0.260130; 4.039825;-2.393099;,
        -0.260130; 1.751196;-2.393099;,
        -0.392270; 1.751196;-2.393099;,
        -0.392270; 4.039825;-2.393099;,
        -0.260130; 4.039824;-1.621458;,
        -0.392270; 4.039825;-1.621458;,
        -0.392270; 1.751196;-1.621458;,
        -0.260130; 1.751195;-1.621458;,
        -0.260130; 4.039825;-2.393099;,
        -0.260130; 4.039824;-1.621458;,
        -0.260130; 1.751195;-1.621458;,
        -0.260130; 1.751196;-2.393099;,
        -0.260130; 1.751196;-2.393099;,
        -0.260130; 1.751195;-1.621458;,
        -0.392270; 1.751196;-1.621458;,
        -0.392270; 1.751196;-2.393099;,
        -0.392270; 1.751196;-2.393099;,
        -0.392270; 1.751196;-1.621458;,
        -0.392270; 4.039825;-1.621458;,
        -0.392270; 4.039825;-2.393099;,
        -0.260130; 4.039824;-1.621458;,
        -0.260130; 4.039825;-2.393099;,
        -0.392270; 4.039825;-2.393099;,
        -0.392270; 4.039825;-1.621458;,
        -0.279951; 6.342827;-2.277353;,
        -0.279951; 4.054198;-2.277353;,
        -0.372449; 4.054198;-2.277353;,
        -0.372449; 6.342828;-2.277353;,
        -0.279951; 6.342827;-1.737204;,
        -0.372449; 6.342827;-1.737204;,
        -0.372449; 4.054198;-1.737204;,
        -0.279951; 4.054197;-1.737204;,
        -0.279951; 6.342827;-2.277353;,
        -0.279951; 6.342827;-1.737204;,
        -0.279951; 4.054197;-1.737204;,
        -0.279951; 4.054198;-2.277353;,
        -0.279951; 4.054198;-2.277353;,
        -0.279951; 4.054197;-1.737204;,
        -0.372449; 4.054198;-1.737204;,
        -0.372449; 4.054198;-2.277353;,
        -0.372449; 4.054198;-2.277353;,
        -0.372449; 4.054198;-1.737204;,
        -0.372449; 6.342827;-1.737204;,
        -0.372449; 6.342828;-2.277353;,
        -0.279951; 6.342827;-1.737204;,
        -0.279951; 6.342827;-2.277353;,
        -0.372449; 6.342828;-2.277353;,
        -0.372449; 6.342827;-1.737204;,
        -0.312986; 7.390982;-2.084443;,
        -0.312986; 6.353839;-2.084443;,
        -0.339414; 6.353839;-2.084443;,
        -0.339414; 7.390983;-2.084443;,
        -0.312986; 7.390982;-1.930114;,
        -0.339414; 7.390983;-1.930114;,
        -0.339414; 6.353839;-1.930114;,
        -0.312986; 6.353839;-1.930114;,
        -0.312986; 7.390982;-2.084443;,
        -0.312986; 7.390982;-1.930114;,
        -0.312986; 6.353839;-1.930114;,
        -0.312986; 6.353839;-2.084443;,
        -0.312986; 6.353839;-2.084443;,
        -0.312986; 6.353839;-1.930114;,
        -0.339414; 6.353839;-1.930114;,
        -0.339414; 6.353839;-2.084443;,
        -0.339414; 6.353839;-2.084443;,
        -0.339414; 6.353839;-1.930114;,
        -0.339414; 7.390983;-1.930114;,
        -0.339414; 7.390983;-2.084443;,
        -0.312986; 7.390982;-1.930114;,
        -0.312986; 7.390982;-2.084443;,
        -0.339414; 7.390983;-2.084443;,
        -0.339414; 7.390983;-1.930114;,
        -0.037507; 7.390982;-2.084443;,
        -0.037507; 6.353839;-2.084443;,
        -0.063934; 6.353839;-2.084443;,
        -0.063934; 7.390983;-2.084443;,
        -0.037507; 7.390982;-1.930114;,
        -0.063934; 7.390983;-1.930114;,
        -0.063934; 6.353839;-1.930114;,
        -0.037507; 6.353839;-1.930114;,
        -0.037507; 7.390982;-2.084443;,
        -0.037507; 7.390982;-1.930114;,
        -0.037507; 6.353839;-1.930114;,
        -0.037507; 6.353839;-2.084443;,
        -0.037507; 6.353839;-2.084443;,
        -0.037507; 6.353839;-1.930114;,
        -0.063934; 6.353839;-1.930114;,
        -0.063934; 6.353839;-2.084443;,
        -0.063934; 6.353839;-2.084443;,
        -0.063934; 6.353839;-1.930114;,
        -0.063934; 7.390983;-1.930114;,
        -0.063934; 7.390983;-2.084443;,
        -0.037507; 7.390982;-1.930114;,
        -0.037507; 7.390982;-2.084443;,
        -0.063934; 7.390983;-2.084443;,
        -0.063934; 7.390983;-1.930114;,
        -0.004472; 6.342827;-2.277353;,
        -0.004472; 4.054198;-2.277353;,
        -0.096969; 4.054198;-2.277353;,
        -0.096969; 6.342828;-2.277353;,
        -0.004472; 6.342827;-1.737204;,
        -0.096969; 6.342827;-1.737204;,
        -0.096969; 4.054198;-1.737204;,
        -0.004472; 4.054197;-1.737204;,
        -0.004472; 6.342827;-2.277353;,
        -0.004472; 6.342827;-1.737204;,
        -0.004472; 4.054197;-1.737204;,
        -0.004472; 4.054198;-2.277353;,
        -0.004472; 4.054198;-2.277353;,
        -0.004472; 4.054197;-1.737204;,
        -0.096969; 4.054198;-1.737204;,
        -0.096969; 4.054198;-2.277353;,
        -0.096969; 4.054198;-2.277353;,
        -0.096969; 4.054198;-1.737204;,
        -0.096969; 6.342827;-1.737204;,
        -0.096969; 6.342828;-2.277353;,
        -0.004472; 6.342827;-1.737204;,
        -0.004472; 6.342827;-2.277353;,
        -0.096969; 6.342828;-2.277353;,
        -0.096969; 6.342827;-1.737204;,
         0.015349; 4.039825;-2.393099;,
         0.015349; 1.751196;-2.393099;,
        -0.116790; 1.751196;-2.393099;,
        -0.116790; 4.039825;-2.393099;,
         0.015349; 4.039824;-1.621458;,
        -0.116790; 4.039825;-1.621458;,
        -0.116790; 1.751196;-1.621458;,
         0.015349; 1.751195;-1.621458;,
         0.015349; 4.039825;-2.393099;,
         0.015349; 4.039824;-1.621458;,
         0.015349; 1.751195;-1.621458;,
         0.015349; 1.751196;-2.393099;,
         0.015349; 1.751196;-2.393099;,
         0.015349; 1.751195;-1.621458;,
        -0.116790; 1.751196;-1.621458;,
        -0.116790; 1.751196;-2.393099;,
        -0.116790; 1.751196;-2.393099;,
        -0.116790; 1.751196;-1.621458;,
        -0.116790; 4.039825;-1.621458;,
        -0.116790; 4.039825;-2.393099;,
         0.015349; 4.039824;-1.621458;,
         0.015349; 4.039825;-2.393099;,
        -0.116790; 4.039825;-2.393099;,
        -0.116790; 4.039825;-1.621458;,
        -0.516850; 4.039825;-2.393099;,
        -0.516850; 1.751196;-2.393099;,
        -0.648989; 1.751196;-2.393099;,
        -0.648989; 4.039825;-2.393099;,
        -0.516849; 4.039824;-1.621458;,
        -0.648989; 4.039825;-1.621458;,
        -0.648989; 1.751196;-1.621458;,
        -0.516850; 1.751195;-1.621458;,
        -0.516850; 4.039825;-2.393099;,
        -0.516849; 4.039824;-1.621458;,
        -0.516850; 1.751195;-1.621458;,
        -0.516850; 1.751196;-2.393099;,
        -0.516850; 1.751196;-2.393099;,
        -0.516850; 1.751195;-1.621458;,
        -0.648989; 1.751196;-1.621458;,
        -0.648989; 1.751196;-2.393099;,
        -0.648989; 1.751196;-2.393099;,
        -0.648989; 1.751196;-1.621458;,
        -0.648989; 4.039825;-1.621458;,
        -0.648989; 4.039825;-2.393099;,
        -0.516849; 4.039824;-1.621458;,
        -0.516850; 4.039825;-2.393099;,
        -0.648989; 4.039825;-2.393099;,
        -0.648989; 4.039825;-1.621458;,
        -0.536670; 6.342827;-2.277353;,
        -0.536670; 4.054198;-2.277353;,
        -0.629168; 4.054198;-2.277353;,
        -0.629168; 6.342828;-2.277353;,
        -0.536670; 6.342827;-1.737204;,
        -0.629168; 6.342827;-1.737204;,
        -0.629168; 4.054198;-1.737204;,
        -0.536670; 4.054197;-1.737204;,
        -0.536670; 6.342827;-2.277353;,
        -0.536670; 6.342827;-1.737204;,
        -0.536670; 4.054197;-1.737204;,
        -0.536670; 4.054198;-2.277353;,
        -0.536670; 4.054198;-2.277353;,
        -0.536670; 4.054197;-1.737204;,
        -0.629168; 4.054198;-1.737204;,
        -0.629168; 4.054198;-2.277353;,
        -0.629168; 4.054198;-2.277353;,
        -0.629168; 4.054198;-1.737204;,
        -0.629168; 6.342827;-1.737204;,
        -0.629168; 6.342828;-2.277353;,
        -0.536670; 6.342827;-1.737204;,
        -0.536670; 6.342827;-2.277353;,
        -0.629168; 6.342828;-2.277353;,
        -0.629168; 6.342827;-1.737204;,
        -0.569705; 7.390982;-2.084443;,
        -0.569705; 6.353839;-2.084443;,
        -0.596133; 6.353839;-2.084443;,
        -0.596133; 7.390983;-2.084443;,
        -0.569705; 7.390982;-1.930114;,
        -0.596133; 7.390983;-1.930114;,
        -0.596133; 6.353839;-1.930114;,
        -0.569705; 6.353839;-1.930114;,
        -0.569705; 7.390982;-2.084443;,
        -0.569705; 7.390982;-1.930114;,
        -0.569705; 6.353839;-1.930114;,
        -0.569705; 6.353839;-2.084443;,
        -0.569705; 6.353839;-2.084443;,
        -0.569705; 6.353839;-1.930114;,
        -0.596133; 6.353839;-1.930114;,
        -0.596133; 6.353839;-2.084443;,
        -0.596133; 6.353839;-2.084443;,
        -0.596133; 6.353839;-1.930114;,
        -0.596133; 7.390983;-1.930114;,
        -0.596133; 7.390983;-2.084443;,
        -0.569705; 7.390982;-1.930114;,
        -0.569705; 7.390982;-2.084443;,
        -0.596133; 7.390983;-2.084443;,
        -0.596133; 7.390983;-1.930114;,
         0.196327; 7.390982;-2.084443;,
         0.196327; 6.353839;-2.084443;,
         0.169899; 6.353839;-2.084443;,
         0.169899; 7.390983;-2.084443;,
         0.196327; 7.390982;-1.930114;,
         0.169899; 7.390983;-1.930114;,
         0.169899; 6.353839;-1.930114;,
         0.196327; 6.353839;-1.930114;,
         0.196327; 7.390982;-2.084443;,
         0.196327; 7.390982;-1.930114;,
         0.196327; 6.353839;-1.930114;,
         0.196327; 6.353839;-2.084443;,
         0.196327; 6.353839;-2.084443;,
         0.196327; 6.353839;-1.930114;,
         0.169899; 6.353839;-1.930114;,
         0.169899; 6.353839;-2.084443;,
         0.169899; 6.353839;-2.084443;,
         0.169899; 6.353839;-1.930114;,
         0.169899; 7.390983;-1.930114;,
         0.169899; 7.390983;-2.084443;,
         0.196327; 7.390982;-1.930114;,
         0.196327; 7.390982;-2.084443;,
         0.169899; 7.390983;-2.084443;,
         0.169899; 7.390983;-1.930114;,
         0.229362; 6.342827;-2.277353;,
         0.229362; 4.054198;-2.277353;,
         0.136864; 4.054198;-2.277353;,
         0.136864; 6.342828;-2.277353;,
         0.229362; 6.342827;-1.737204;,
         0.136864; 6.342827;-1.737204;,
         0.136864; 4.054198;-1.737204;,
         0.229362; 4.054197;-1.737204;,
         0.229362; 6.342827;-2.277353;,
         0.229362; 6.342827;-1.737204;,
         0.229362; 4.054197;-1.737204;,
         0.229362; 4.054198;-2.277353;,
         0.229362; 4.054198;-2.277353;,
         0.229362; 4.054197;-1.737204;,
         0.136864; 4.054198;-1.737204;,
         0.136864; 4.054198;-2.277353;,
         0.136864; 4.054198;-2.277353;,
         0.136864; 4.054198;-1.737204;,
         0.136864; 6.342827;-1.737204;,
         0.136864; 6.342828;-2.277353;,
         0.229362; 6.342827;-1.737204;,
         0.229362; 6.342827;-2.277353;,
         0.136864; 6.342828;-2.277353;,
         0.136864; 6.342827;-1.737204;,
         0.249183; 4.039825;-2.393099;,
         0.249183; 1.751196;-2.393099;,
         0.117043; 1.751196;-2.393099;,
         0.117043; 4.039825;-2.393099;,
         0.249183; 4.039824;-1.621458;,
         0.117043; 4.039825;-1.621458;,
         0.117043; 1.751196;-1.621458;,
         0.249182; 1.751195;-1.621458;,
         0.249183; 4.039825;-2.393099;,
         0.249183; 4.039824;-1.621458;,
         0.249182; 1.751195;-1.621458;,
         0.249183; 1.751196;-2.393099;,
         0.249183; 1.751196;-2.393099;,
         0.249182; 1.751195;-1.621458;,
         0.117043; 1.751196;-1.621458;,
         0.117043; 1.751196;-2.393099;,
         0.117043; 1.751196;-2.393099;,
         0.117043; 1.751196;-1.621458;,
         0.117043; 4.039825;-1.621458;,
         0.117043; 4.039825;-2.393099;,
         0.249183; 4.039824;-1.621458;,
         0.249183; 4.039825;-2.393099;,
         0.117043; 4.039825;-2.393099;,
         0.117043; 4.039825;-1.621458;,
        -0.244684;-1.741302;-2.393099;,
        -0.244684;-4.029931;-2.393099;,
        -0.376824;-4.029931;-2.393099;,
        -0.376824;-1.741301;-2.393099;,
        -0.244684;-1.741302;-1.621458;,
        -0.376824;-1.741302;-1.621458;,
        -0.376824;-4.029931;-1.621458;,
        -0.244684;-4.029932;-1.621458;,
        -0.244684;-1.741302;-2.393099;,
        -0.244684;-1.741302;-1.621458;,
        -0.244684;-4.029932;-1.621458;,
        -0.244684;-4.029931;-2.393099;,
        -0.244684;-4.029931;-2.393099;,
        -0.244684;-4.029932;-1.621458;,
        -0.376824;-4.029931;-1.621458;,
        -0.376824;-4.029931;-2.393099;,
        -0.376824;-4.029931;-2.393099;,
        -0.376824;-4.029931;-1.621458;,
        -0.376824;-1.741302;-1.621458;,
        -0.376824;-1.741301;-2.393099;,
        -0.244684;-1.741302;-1.621458;,
        -0.244684;-1.741302;-2.393099;,
        -0.376824;-1.741301;-2.393099;,
        -0.376824;-1.741302;-1.621458;,
        -0.264505;-4.041977;-2.277353;,
        -0.264505;-6.330606;-2.277353;,
        -0.357003;-6.330606;-2.277353;,
        -0.357003;-4.041977;-2.277353;,
        -0.264505;-4.041978;-1.737204;,
        -0.357003;-4.041977;-1.737204;,
        -0.357003;-6.330606;-1.737204;,
        -0.264505;-6.330607;-1.737204;,
        -0.264505;-4.041977;-2.277353;,
        -0.264505;-4.041978;-1.737204;,
        -0.264505;-6.330607;-1.737204;,
        -0.264505;-6.330606;-2.277353;,
        -0.264505;-6.330606;-2.277353;,
        -0.264505;-6.330607;-1.737204;,
        -0.357003;-6.330606;-1.737204;,
        -0.357003;-6.330606;-2.277353;,
        -0.357003;-6.330606;-2.277353;,
        -0.357003;-6.330606;-1.737204;,
        -0.357003;-4.041977;-1.737204;,
        -0.357003;-4.041977;-2.277353;,
        -0.264505;-4.041978;-1.737204;,
        -0.264505;-4.041977;-2.277353;,
        -0.357003;-4.041977;-2.277353;,
        -0.357003;-4.041977;-1.737204;,
        -0.297540;-6.341578;-2.084443;,
        -0.297540;-7.378721;-2.084443;,
        -0.323968;-7.378721;-2.084443;,
        -0.323968;-6.341578;-2.084443;,
        -0.297540;-6.341578;-1.930114;,
        -0.323968;-6.341578;-1.930114;,
        -0.323968;-7.378721;-1.930114;,
        -0.297540;-7.378722;-1.930114;,
        -0.297540;-6.341578;-2.084443;,
        -0.297540;-6.341578;-1.930114;,
        -0.297540;-7.378722;-1.930114;,
        -0.297540;-7.378721;-2.084443;,
        -0.297540;-7.378721;-2.084443;,
        -0.297540;-7.378722;-1.930114;,
        -0.323968;-7.378721;-1.930114;,
        -0.323968;-7.378721;-2.084443;,
        -0.323968;-7.378721;-2.084443;,
        -0.323968;-7.378721;-1.930114;,
        -0.323968;-6.341578;-1.930114;,
        -0.323968;-6.341578;-2.084443;,
        -0.297540;-6.341578;-1.930114;,
        -0.297540;-6.341578;-2.084443;,
        -0.323968;-6.341578;-2.084443;,
        -0.323968;-6.341578;-1.930114;,
        -0.573496;-6.341578;-2.084443;,
        -0.573496;-7.378721;-2.084443;,
        -0.599924;-7.378721;-2.084443;,
        -0.599924;-6.341578;-2.084443;,
        -0.573496;-6.341578;-1.930114;,
        -0.599924;-6.341578;-1.930114;,
        -0.599924;-7.378721;-1.930114;,
        -0.573496;-7.378722;-1.930114;,
        -0.573496;-6.341578;-2.084443;,
        -0.573496;-6.341578;-1.930114;,
        -0.573496;-7.378722;-1.930114;,
        -0.573496;-7.378721;-2.084443;,
        -0.573496;-7.378721;-2.084443;,
        -0.573496;-7.378722;-1.930114;,
        -0.599924;-7.378721;-1.930114;,
        -0.599924;-7.378721;-2.084443;,
        -0.599924;-7.378721;-2.084443;,
        -0.599924;-7.378721;-1.930114;,
        -0.599924;-6.341578;-1.930114;,
        -0.599924;-6.341578;-2.084443;,
        -0.573496;-6.341578;-1.930114;,
        -0.573496;-6.341578;-2.084443;,
        -0.599924;-6.341578;-2.084443;,
        -0.599924;-6.341578;-1.930114;,
        -0.540461;-4.041977;-2.277353;,
        -0.540461;-6.330606;-2.277353;,
        -0.632959;-6.330606;-2.277353;,
        -0.632959;-4.041977;-2.277353;,
        -0.540461;-4.041978;-1.737204;,
        -0.632959;-4.041977;-1.737204;,
        -0.632959;-6.330606;-1.737204;,
        -0.540461;-6.330607;-1.737204;,
        -0.540461;-4.041977;-2.277353;,
        -0.540461;-4.041978;-1.737204;,
        -0.540461;-6.330607;-1.737204;,
        -0.540461;-6.330606;-2.277353;,
        -0.540461;-6.330606;-2.277353;,
        -0.540461;-6.330607;-1.737204;,
        -0.632959;-6.330606;-1.737204;,
        -0.632959;-6.330606;-2.277353;,
        -0.632959;-6.330606;-2.277353;,
        -0.632959;-6.330606;-1.737204;,
        -0.632959;-4.041977;-1.737204;,
        -0.632959;-4.041977;-2.277353;,
        -0.540461;-4.041978;-1.737204;,
        -0.540461;-4.041977;-2.277353;,
        -0.632959;-4.041977;-2.277353;,
        -0.632959;-4.041977;-1.737204;,
        -0.520640;-1.741302;-2.393099;,
        -0.520640;-4.029931;-2.393099;,
        -0.652780;-4.029931;-2.393099;,
        -0.652780;-1.741301;-2.393099;,
        -0.520640;-1.741302;-1.621458;,
        -0.652780;-1.741302;-1.621458;,
        -0.652780;-4.029931;-1.621458;,
        -0.520640;-4.029932;-1.621458;,
        -0.520640;-1.741302;-2.393099;,
        -0.520640;-1.741302;-1.621458;,
        -0.520640;-4.029932;-1.621458;,
        -0.520640;-4.029931;-2.393099;,
        -0.520640;-4.029931;-2.393099;,
        -0.520640;-4.029932;-1.621458;,
        -0.652780;-4.029931;-1.621458;,
        -0.652780;-4.029931;-2.393099;,
        -0.652780;-4.029931;-2.393099;,
        -0.652780;-4.029931;-1.621458;,
        -0.652780;-1.741302;-1.621458;,
        -0.652780;-1.741301;-2.393099;,
        -0.520640;-1.741302;-1.621458;,
        -0.520640;-1.741302;-2.393099;,
        -0.652780;-1.741301;-2.393099;,
        -0.652780;-1.741302;-1.621458;,
         0.012193;-1.741302;-2.393099;,
         0.012193;-4.029931;-2.393099;,
        -0.119947;-4.029931;-2.393099;,
        -0.119947;-1.741301;-2.393099;,
         0.012193;-1.741302;-1.621458;,
        -0.119947;-1.741302;-1.621458;,
        -0.119947;-4.029931;-1.621458;,
         0.012193;-4.029932;-1.621458;,
         0.012193;-1.741302;-2.393099;,
         0.012193;-1.741302;-1.621458;,
         0.012193;-4.029932;-1.621458;,
         0.012193;-4.029931;-2.393099;,
         0.012193;-4.029931;-2.393099;,
         0.012193;-4.029932;-1.621458;,
        -0.119947;-4.029931;-1.621458;,
        -0.119947;-4.029931;-2.393099;,
        -0.119947;-4.029931;-2.393099;,
        -0.119947;-4.029931;-1.621458;,
        -0.119947;-1.741302;-1.621458;,
        -0.119947;-1.741301;-2.393099;,
         0.012193;-1.741302;-1.621458;,
         0.012193;-1.741302;-2.393099;,
        -0.119947;-1.741301;-2.393099;,
        -0.119947;-1.741302;-1.621458;,
        -0.007628;-4.041977;-2.277353;,
        -0.007628;-6.330606;-2.277353;,
        -0.100126;-6.330606;-2.277353;,
        -0.100126;-4.041977;-2.277353;,
        -0.007628;-4.041978;-1.737204;,
        -0.100126;-4.041977;-1.737204;,
        -0.100126;-6.330606;-1.737204;,
        -0.007628;-6.330607;-1.737204;,
        -0.007628;-4.041977;-2.277353;,
        -0.007628;-4.041978;-1.737204;,
        -0.007628;-6.330607;-1.737204;,
        -0.007628;-6.330606;-2.277353;,
        -0.007628;-6.330606;-2.277353;,
        -0.007628;-6.330607;-1.737204;,
        -0.100126;-6.330606;-1.737204;,
        -0.100126;-6.330606;-2.277353;,
        -0.100126;-6.330606;-2.277353;,
        -0.100126;-6.330606;-1.737204;,
        -0.100126;-4.041977;-1.737204;,
        -0.100126;-4.041977;-2.277353;,
        -0.007628;-4.041978;-1.737204;,
        -0.007628;-4.041977;-2.277353;,
        -0.100126;-4.041977;-2.277353;,
        -0.100126;-4.041977;-1.737204;,
        -0.040663;-6.341578;-2.084443;,
        -0.040663;-7.378721;-2.084443;,
        -0.067091;-7.378721;-2.084443;,
        -0.067091;-6.341578;-2.084443;,
        -0.040663;-6.341578;-1.930114;,
        -0.067091;-6.341578;-1.930114;,
        -0.067091;-7.378721;-1.930114;,
        -0.040663;-7.378722;-1.930114;,
        -0.040663;-6.341578;-2.084443;,
        -0.040663;-6.341578;-1.930114;,
        -0.040663;-7.378722;-1.930114;,
        -0.040663;-7.378721;-2.084443;,
        -0.040663;-7.378721;-2.084443;,
        -0.040663;-7.378722;-1.930114;,
        -0.067091;-7.378721;-1.930114;,
        -0.067091;-7.378721;-2.084443;,
        -0.067091;-7.378721;-2.084443;,
        -0.067091;-7.378721;-1.930114;,
        -0.067091;-6.341578;-1.930114;,
        -0.067091;-6.341578;-2.084443;,
        -0.040663;-6.341578;-1.930114;,
        -0.040663;-6.341578;-2.084443;,
        -0.067091;-6.341578;-2.084443;,
        -0.067091;-6.341578;-1.930114;,
         0.196327;-6.341578;-2.084443;,
         0.196327;-7.378721;-2.084443;,
         0.169899;-7.378721;-2.084443;,
         0.169899;-6.341578;-2.084443;,
         0.196327;-6.341578;-1.930114;,
         0.169899;-6.341578;-1.930114;,
         0.169899;-7.378721;-1.930114;,
         0.196327;-7.378722;-1.930114;,
         0.196327;-6.341578;-2.084443;,
         0.196327;-6.341578;-1.930114;,
         0.196327;-7.378722;-1.930114;,
         0.196327;-7.378721;-2.084443;,
         0.196327;-7.378721;-2.084443;,
         0.196327;-7.378722;-1.930114;,
         0.169899;-7.378721;-1.930114;,
         0.169899;-7.378721;-2.084443;,
         0.169899;-7.378721;-2.084443;,
         0.169899;-7.378721;-1.930114;,
         0.169899;-6.341578;-1.930114;,
         0.169899;-6.341578;-2.084443;,
         0.196327;-6.341578;-1.930114;,
         0.196327;-6.341578;-2.084443;,
         0.169899;-6.341578;-2.084443;,
         0.169899;-6.341578;-1.930114;,
         0.229362;-4.041977;-2.277353;,
         0.229362;-6.330606;-2.277353;,
         0.136864;-6.330606;-2.277353;,
         0.136864;-4.041977;-2.277353;,
         0.229362;-4.041978;-1.737204;,
         0.136864;-4.041977;-1.737204;,
         0.136864;-6.330606;-1.737204;,
         0.229362;-6.330607;-1.737204;,
         0.229362;-4.041977;-2.277353;,
         0.229362;-4.041978;-1.737204;,
         0.229362;-6.330607;-1.737204;,
         0.229362;-6.330606;-2.277353;,
         0.229362;-6.330606;-2.277353;,
         0.229362;-6.330607;-1.737204;,
         0.136864;-6.330606;-1.737204;,
         0.136864;-6.330606;-2.277353;,
         0.136864;-6.330606;-2.277353;,
         0.136864;-6.330606;-1.737204;,
         0.136864;-4.041977;-1.737204;,
         0.136864;-4.041977;-2.277353;,
         0.229362;-4.041978;-1.737204;,
         0.229362;-4.041977;-2.277353;,
         0.136864;-4.041977;-2.277353;,
         0.136864;-4.041977;-1.737204;,
         0.249183;-1.741302;-2.393099;,
         0.249183;-4.029931;-2.393099;,
         0.117043;-4.029931;-2.393099;,
         0.117043;-1.741301;-2.393099;,
         0.249183;-1.741302;-1.621458;,
         0.117043;-1.741302;-1.621458;,
         0.117043;-4.029931;-1.621458;,
         0.249182;-4.029932;-1.621458;,
         0.249183;-1.741302;-2.393099;,
         0.249183;-1.741302;-1.621458;,
         0.249182;-4.029932;-1.621458;,
         0.249183;-4.029931;-2.393099;,
         0.249183;-4.029931;-2.393099;,
         0.249182;-4.029932;-1.621458;,
         0.117043;-4.029931;-1.621458;,
         0.117043;-4.029931;-2.393099;,
         0.117043;-4.029931;-2.393099;,
         0.117043;-4.029931;-1.621458;,
         0.117043;-1.741302;-1.621458;,
         0.117043;-1.741301;-2.393099;,
         0.249183;-1.741302;-1.621458;,
         0.249183;-1.741302;-2.393099;,
         0.117043;-1.741301;-2.393099;,
         0.117043;-1.741302;-1.621458;,
         0.591297;-7.486505;-3.141968;,
         0.591297;-8.565452;-3.141968;,
         0.502159;-8.565452;-3.141968;,
         0.502159;-7.486504;-3.141968;,
         0.591297;-7.486505;-2.037871;,
         0.502159;-7.486505;-2.037871;,
         0.502159;-8.565452;-2.037871;,
         0.591297;-8.565452;-2.037871;,
         0.591297;-7.486505;-3.141968;,
         0.591297;-7.486505;-2.037871;,
         0.591297;-8.565452;-2.037871;,
         0.591297;-8.565452;-3.141968;,
         0.591297;-8.565452;-3.141968;,
         0.591297;-8.565452;-2.037871;,
         0.502159;-8.565452;-2.037871;,
         0.502159;-8.565452;-3.141968;,
         0.502159;-8.565452;-3.141968;,
         0.502159;-8.565452;-2.037871;,
         0.502159;-7.486505;-2.037871;,
         0.502159;-7.486504;-3.141968;,
         0.591297;-7.486505;-2.037871;,
         0.591297;-7.486505;-3.141968;,
         0.502159;-7.486504;-3.141968;,
         0.502159;-7.486505;-2.037871;,
         0.591297;-7.485108;-1.563206;,
         0.591297;-8.564055;-1.563206;,
         0.502159;-8.564055;-1.563206;,
         0.502159;-7.485108;-1.563206;,
         0.591297;-7.485108;-0.983067;,
         0.502159;-7.485108;-0.983067;,
         0.502159;-8.564055;-0.983067;,
         0.591297;-8.564055;-0.983067;,
         0.591297;-7.485108;-1.563206;,
         0.591297;-7.485108;-0.983067;,
         0.591297;-8.564055;-0.983067;,
         0.591297;-8.564055;-1.563206;,
         0.591297;-8.564055;-1.563206;,
         0.591297;-8.564055;-0.983067;,
         0.502159;-8.564055;-0.983067;,
         0.502159;-8.564055;-1.563206;,
         0.502159;-8.564055;-1.563206;,
         0.502159;-8.564055;-0.983067;,
         0.502159;-7.485108;-0.983067;,
         0.502159;-7.485108;-1.563206;,
         0.591297;-7.485108;-0.983067;,
         0.591297;-7.485108;-1.563206;,
         0.502159;-7.485108;-1.563206;,
         0.502159;-7.485108;-0.983067;,
         0.744937;-6.365078;-3.164741;,
         0.744937;-7.478932;-3.164741;,
         0.348519;-7.478932;-3.164741;,
         0.348519;-6.365078;-3.164741;,
         0.744937;-6.365078;-0.849816;,
         0.348519;-6.365078;-0.849816;,
         0.348518;-7.478932;-0.849816;,
         0.744937;-7.478932;-0.849816;,
         0.744937;-6.365078;-3.164741;,
         0.744937;-6.365078;-0.849816;,
         0.744937;-7.478932;-0.849816;,
         0.744937;-7.478932;-3.164741;,
         0.744937;-7.478932;-3.164741;,
         0.744937;-7.478932;-0.849816;,
