xof 0303txt 0032

template XSkinMeshHeader {
  <3cf169ce-ff7c-44ab-93c0-f78f62d172e2>
  WORD nMaxSkinWeightsPerVertex;
  WORD nMaxSkinWeightsPerFace;
  WORD nBones;
}

template SkinWeights {
  <6f0d123b-bad2-4167-a0d0-80224f25fabb>
  STRING transformNodeName;
  DWORD nWeights;
  array DWORD vertexIndices[nWeights];
  array float weights[nWeights];
  Matrix4x4 matrixOffset;
}

Frame Root {
  FrameTransformMatrix {
     1.000000, 0.000000, 0.000000, 0.000000,
     0.000000,-0.000000, 1.000000, 0.000000,
     0.000000, 1.000000, 0.000000, 0.000000,
     0.000000, 0.000000, 0.000000, 1.000000;;
  }
  Frame Armature {
    FrameTransformMatrix {
       1.000000, 0.000000, 0.000000, 0.000000,
       0.000000, 1.000000, 0.000000, 0.000000,
       0.000000, 0.000000, 1.000000, 0.000000,
       0.000000, 0.000000,-0.050252, 1.000000;;
    }
    Frame Armature_Bone {
      FrameTransformMatrix {
         0.001066, 0.029063, 0.999577, 0.000000,
        -0.036644,-0.998905, 0.029083, 0.000000,
         0.999328,-0.036659, 0.000000, 0.000000,
         0.159662, 0.165168, 1.793334, 1.000000;;
      }
    } // End of Armature_Bone
    Frame Armature_Bone_001 {
      FrameTransformMatrix {
         0.036659, 0.999328,-0.000000, 0.000000,
        -0.993445, 0.036443, 0.108349, 0.000000,
         0.108276,-0.003972, 0.994113, 0.000000,
         0.159662, 0.165168, 1.793334, 1.000000;;
      }
      Frame Armature_Bone_051 {
        FrameTransformMatrix {
           0.000000, 0.994113,-0.108349, 0.000000,
          -1.000000, 0.000000,-0.000000, 0.000000,
          -0.000000, 0.108349, 0.994113, 0.000000,
          -0.000000, 1.832456,-0.000000, 1.000000;;
        }
      } // End of Armature_Bone_051
    } // End of Armature_Bone_001
    Frame Armature_Bone_002 {
      FrameTransformMatrix {
         0.036659, 0.999328,-0.000000, 0.000000,
         0.992144,-0.036396, 0.119689, 0.000000,
         0.119608,-0.004388,-0.992816, 0.000000,
         0.159662, 0.165168, 1.793334, 1.000000;;
      }
      Frame Armature_Bone_050 {
        FrameTransformMatrix {
          -0.000000,-0.992812,-0.119689, 0.000000,
          -0.999967,-0.000982, 0.008150, 0.000000,
          -0.008209, 0.119685,-0.992778, 0.000000,
          -0.000000, 1.821231,-0.000000, 1.000000;;
        }
      } // End of Armature_Bone_050
    } // End of Armature_Bone_002
    Frame Armature_Bone_003 {
      FrameTransformMatrix {
         0.036659, 0.999328, 0.000000, 0.000000,
        -0.000000, 0.000000,-1.000000, 0.000000,
        -0.999328, 0.036659, 0.000000, 0.000000,
         0.159662, 0.165168, 1.793334, 1.000000;;
      }
      Frame Armature_Bone_004 {
        FrameTransformMatrix {
          -0.816968,-0.003516,-0.576672, 0.000000,
           0.573640, 0.097635,-0.813267, 0.000000,
           0.059163,-0.995216,-0.077748, 0.000000,
           0.000000, 0.451928,-0.000000, 1.000000;;
        }
        Frame Armature_Bone_038 {
          FrameTransformMatrix {
             0.997921,-0.063703,-0.009775, 0.000000,
             0.064353, 0.993181, 0.097208, 0.000000,
             0.003516,-0.097635, 0.995216, 0.000000,
            -0.000000, 1.173448, 0.000000, 1.000000;;
          }
          Frame Armature_Bone_039 {
            FrameTransformMatrix {
              -0.767359, 0.640555, 0.029137, 0.000000,
              -0.636441,-0.755319,-0.156322, 0.000000,
              -0.078125,-0.138499, 0.987276, 0.000000,
               0.000000, 1.397419,-0.000000, 1.000000;;
            }
            Frame Armature_Bone_040 {
              FrameTransformMatrix {
                -1.000000,-0.000000,-0.000001, 0.000000,
                -0.000000, 0.967611,-0.252446, 0.000000,
                 0.000001,-0.252446,-0.967611, 0.000000,
                -0.000000, 1.326690, 0.000000, 1.000000;;
              }
              Frame Armature_Bone_043 {
                FrameTransformMatrix {
                  -1.000000, 0.000000, 0.000001, 0.000000,
                  -0.000000, 0.967611,-0.252445, 0.000000,
                  -0.000001,-0.252445,-0.967611, 0.000000,
                  -0.000000, 0.657731, 0.000000, 1.000000;;
                }
              } // End of Armature_Bone_043
            } // End of Armature_Bone_040
            Frame Armature_Bone_041 {
              FrameTransformMatrix {
                -1.000000,-0.000000, 0.000000, 0.000000,
                 0.000000, 0.940332, 0.340259, 0.000000,
                -0.000000, 0.340259,-0.940332, 0.000000,
                -0.000000, 1.326690, 0.000000, 1.000000;;
              }
              Frame Armature_Bone_042 {
                FrameTransformMatrix {
                  -1.000000, 0.000000,-0.000000, 0.000000,
                  -0.000000, 0.940331, 0.340259, 0.000000,
                   0.000000, 0.340260,-0.940332, 0.000000,
                   0.000000, 0.689119,-0.000000, 1.000000;;
                }
              } // End of Armature_Bone_042
            } // End of Armature_Bone_041
          } // End of Armature_Bone_039
        } // End of Armature_Bone_038
      } // End of Armature_Bone_004
      Frame Armature_Bone_005 {
        FrameTransformMatrix {
           0.784852,-0.002986,-0.619676, 0.000000,
           0.617954, 0.078438, 0.782292, 0.000000,
           0.046270,-0.996915, 0.063407, 0.000000,
           0.000000, 0.451928,-0.000000, 1.000000;;
        }
        Frame Armature_Bone_044 {
          FrameTransformMatrix {
             0.967583, 0.251987, 0.016928, 0.000000,
            -0.252537, 0.964547, 0.076647, 0.000000,
             0.002986,-0.078438, 0.996915, 0.000000,
             0.000000, 1.183852,-0.000000, 1.000000;;
          }
          Frame Armature_Bone_045 {
            FrameTransformMatrix {
              -0.923882,-0.382570,-0.009081, 0.000000,
               0.376532,-0.913024, 0.156878, 0.000000,
              -0.068308, 0.141518, 0.987576, 0.000000,
              -0.000000, 1.379715,-0.000000, 1.000000;;
            }
            Frame Armature_Bone_046 {
              FrameTransformMatrix {
                 1.000000,-0.000000,-0.000000, 0.000000,
                -0.000000, 0.972964,-0.230957, 0.000000,
                 0.000000, 0.230957, 0.972964, 0.000000,
                 0.000000, 1.317139, 0.000000, 1.000000;;
              }
              Frame Armature_Bone_047 {
                FrameTransformMatrix {
                   1.000000, 0.000000, 0.000000, 0.000000,
                  -0.000000, 0.972964, 0.230957, 0.000000,
                  -0.000000,-0.230957, 0.972964, 0.000000,
                   0.000000, 0.675269,-0.000000, 1.000000;;
                }
              } // End of Armature_Bone_047
            } // End of Armature_Bone_046
            Frame Armature_Bone_048 {
              FrameTransformMatrix {
                 1.000000, 0.000000,-0.000000, 0.000000,
                 0.000000, 0.968050, 0.250759, 0.000000,
                 0.000000,-0.250759, 0.968050, 0.000000,
                 0.000000, 1.317139, 0.000000, 1.000000;;
              }
              Frame Armature_Bone_049 {
                FrameTransformMatrix {
                   1.000000,-0.000000, 0.000000, 0.000000,
                   0.000000, 0.968049,-0.250759, 0.000000,
                  -0.000000, 0.250759, 0.968050, 0.000000,
                   0.000000, 0.690685, 0.000000, 1.000000;;
                }
              } // End of Armature_Bone_049
            } // End of Armature_Bone_048
          } // End of Armature_Bone_045
        } // End of Armature_Bone_044
      } // End of Armature_Bone_005
      Frame Armature_Bone_006 {
        FrameTransformMatrix {
           0.985015, 0.000000,-0.172470, 0.000000,
           0.171860, 0.084063, 0.981528, 0.000000,
           0.014498,-0.996460, 0.082804, 0.000000,
           0.000000, 0.451928,-0.000000, 1.000000;;
        }
        Frame Armature_Bone_014 {
          FrameTransformMatrix {
             0.971237,-0.112235, 0.210007, 0.000000,
             0.176683, 0.930938,-0.319591, 0.000000,
            -0.159634, 0.347503, 0.923991, 0.000000,
            -0.000000, 0.973650,-0.000000, 1.000000;;
          }
          Frame Armature_Bone_018 {
            FrameTransformMatrix {
               0.973895, 0.070154,-0.215884, 0.000000,
              -0.034720, 0.985891, 0.163749, 0.000000,
               0.224326,-0.151979, 0.962590, 0.000000,
               0.000000, 1.405694, 0.000000, 1.000000;;
            }
            Frame Armature_Bone_022 {
              FrameTransformMatrix {
                 0.963434, 0.128696,-0.235014, 0.000000,
                -0.187554, 0.950307,-0.248476, 0.000000,
                 0.191357, 0.283468, 0.939696, 0.000000,
                 0.000000, 1.295155, 0.000000, 1.000000;;
              }
            } // End of Armature_Bone_022
          } // End of Armature_Bone_018
        } // End of Armature_Bone_014
      } // End of Armature_Bone_006
      Frame Armature_Bone_007 {
        FrameTransformMatrix {
          -0.989323, 0.000000,-0.145741, 0.000000,
           0.145242, 0.082700,-0.985934, 0.000000,
           0.012053,-0.996575,-0.081816, 0.000000,
           0.000000, 0.451928,-0.000000, 1.000000;;
        }
        Frame Armature_Bone_026 {
          FrameTransformMatrix {
             0.967556, 0.237794, 0.085380, 0.000000,
            -0.252423, 0.924347, 0.286122, 0.000000,
            -0.010883,-0.298391, 0.954382, 0.000000,
            -0.000000, 0.989704, 0.000000, 1.000000;;
          }
          Frame Armature_Bone_030 {
            FrameTransformMatrix {
               0.854755,-0.238982,-0.460740, 0.000000,
              -0.418911, 0.206459,-0.884245, 0.000000,
               0.306442, 0.948822, 0.076359, 0.000000,
              -0.000000, 1.377236,-0.000000, 1.000000;;
            }
            Frame Armature_Bone_034 {
              FrameTransformMatrix {
                 0.978924, 0.112901, 0.170177, 0.000000,
                 0.008060, 0.811284,-0.584596, 0.000000,
                -0.204064, 0.573647, 0.793276, 0.000000,
                -0.000000, 1.364160, 0.000000, 1.000000;;
              }
            } // End of Armature_Bone_034
          } // End of Armature_Bone_030
        } // End of Armature_Bone_026
      } // End of Armature_Bone_007
      Frame Armature_Bone_008 {
        FrameTransformMatrix {
          -0.662498, 0.000000, 0.749063, 0.000000,
          -0.747871, 0.056404,-0.661444, 0.000000,
          -0.042250,-0.998408,-0.037367, 0.000000,
           0.000000, 0.451928,-0.000000, 1.000000;;
        }
        Frame Armature_Bone_027 {
          FrameTransformMatrix {
             0.778858, 0.601782, 0.176746, 0.000000,
            -0.569285, 0.796562,-0.203479, 0.000000,
            -0.263239, 0.057862, 0.962994, 0.000000,
             0.000000, 1.451103,-0.000000, 1.000000;;
          }
          Frame Armature_Bone_031 {
            FrameTransformMatrix {
               0.989367, 0.018488, 0.144264, 0.000000,
               0.011930, 0.978230,-0.207182, 0.000000,
              -0.144953, 0.206700, 0.967607, 0.000000,
               0.000000, 1.377236, 0.000000, 1.000000;;
            }
            Frame Armature_Bone_035 {
              FrameTransformMatrix {
                 0.785004, 0.128225,-0.606075, 0.000000,
                -0.122984, 0.991128, 0.050397, 0.000000,
                 0.607161, 0.034976, 0.793809, 0.000000,
                 0.000000, 1.364668,-0.000000, 1.000000;;
              }
            } // End of Armature_Bone_035
          } // End of Armature_Bone_031
        } // End of Armature_Bone_027
      } // End of Armature_Bone_008
      Frame Armature_Bone_009 {
        FrameTransformMatrix {
           0.654176, 0.000000, 0.756343, 0.000000,
          -0.755082, 0.057722, 0.653085, 0.000000,
          -0.043658,-0.998333, 0.037760, 0.000000,
           0.000000, 0.451928,-0.000000, 1.000000;;
        }
        Frame Armature_Bone_015 {
          FrameTransformMatrix {
             0.747566,-0.661378,-0.061031, 0.000000,
             0.637204, 0.688235, 0.346849, 0.000000,
            -0.187395,-0.298182, 0.935933, 0.000000,
             0.000000, 1.417975,-0.000000, 1.000000;;
          }
          Frame Armature_Bone_019 {
            FrameTransformMatrix {
               0.949187,-0.228165,-0.216761, 0.000000,
              -0.197482, 0.104463,-0.974725, 0.000000,
               0.245042, 0.968002, 0.054097, 0.000000,
               0.000000, 1.405694,-0.000000, 1.000000;;
            }
            Frame Armature_Bone_023 {
              FrameTransformMatrix {
                 0.996411, 0.001177, 0.084635, 0.000000,
                 0.035932, 0.899450,-0.435543, 0.000000,
                -0.076638, 0.437021, 0.896180, 0.000000,
                 0.000000, 1.294138, 0.000000, 1.000000;;
              }
            } // End of Armature_Bone_023
          } // End of Armature_Bone_019
        } // End of Armature_Bone_015
      } // End of Armature_Bone_009
      Frame Armature_Bone_010 {
        FrameTransformMatrix {
           0.785603,-0.000000, 0.618731, 0.000000,
          -0.617269, 0.068714, 0.783746, 0.000000,
          -0.042515,-0.997636, 0.053982, 0.000000,
           0.000000, 0.451928,-0.000000, 1.000000;;
        }
        Frame Armature_Bone_016 {
          FrameTransformMatrix {
             0.773916,-0.632641,-0.028645, 0.000000,
             0.611207, 0.758006,-0.227714, 0.000000,
             0.165774, 0.158724, 0.973307, 0.000000,
            -0.000000, 1.191150,-0.000000, 1.000000;;
          }
          Frame Armature_Bone_020 {
            FrameTransformMatrix {
               0.997530, 0.070220, 0.001772, 0.000000,
              -0.070060, 0.996440,-0.046899, 0.000000,
              -0.005059, 0.046659, 0.998898, 0.000000,
              -0.000000, 1.408430, 0.000000, 1.000000;;
            }
            Frame Armature_Bone_024 {
              FrameTransformMatrix {
                 0.987585, 0.076460,-0.137221, 0.000000,
                -0.134999, 0.859756,-0.492539, 0.000000,
                 0.080317, 0.504949, 0.859404, 0.000000,
                 0.000000, 1.293785, 0.000000, 1.000000;;
              }
            } // End of Armature_Bone_024
          } // End of Armature_Bone_020
        } // End of Armature_Bone_016
      } // End of Armature_Bone_010
      Frame Armature_Bone_011 {
        FrameTransformMatrix {
           0.978392, 0.000000, 0.206756, 0.000000,
          -0.206038, 0.083273, 0.974994, 0.000000,
          -0.017217,-0.996527, 0.081474, 0.000000,
           0.000000, 0.451928,-0.000000, 1.000000;;
        }
        Frame Armature_Bone_017 {
          FrameTransformMatrix {
             0.944815,-0.323449,-0.052006, 0.000000,
             0.311529, 0.837948, 0.448100, 0.000000,
            -0.101359,-0.439573, 0.892470, 0.000000,
             0.000000, 0.982891,-0.000000, 1.000000;;
          }
          Frame Armature_Bone_021 {
            FrameTransformMatrix {
               0.988792, 0.117537, 0.092064, 0.000000,
               0.088625, 0.034171,-0.995479, 0.000000,
              -0.120152, 0.992480, 0.023372, 0.000000,
               0.000000, 1.405694,-0.000000, 1.000000;;
            }
            Frame Armature_Bone_025 {
              FrameTransformMatrix {
                 0.999470,-0.022225,-0.023777, 0.000000,
                 0.003895, 0.806964,-0.590588, 0.000000,
                 0.032313, 0.590183, 0.806623, 0.000000,
                 0.000000, 1.294312,-0.000000, 1.000000;;
              }
            } // End of Armature_Bone_025
          } // End of Armature_Bone_021
        } // End of Armature_Bone_017
      } // End of Armature_Bone_011
      Frame Armature_Bone_012 {
        FrameTransformMatrix {
          -0.834695, 0.000000, 0.550712, 0.000000,
          -0.549364, 0.069927,-0.832652, 0.000000,
          -0.038510,-0.997552,-0.058368, 0.000000,
           0.000000, 0.451928,-0.000000, 1.000000;;
        }
        Frame Armature_Bone_028 {
          FrameTransformMatrix {
             0.877328, 0.479754, 0.011506, 0.000000,
            -0.439300, 0.793238, 0.421650, 0.000000,
             0.193161,-0.374980, 0.906685, 0.000000,
            -0.000000, 1.170474,-0.000000, 1.000000;;
          }
          Frame Armature_Bone_032 {
            FrameTransformMatrix {
               0.991700, 0.087457, 0.094247, 0.000000,
               0.095640,-0.011862,-0.995345, 0.000000,
              -0.085932, 0.996098,-0.020128, 0.000000,
              -0.000000, 1.377236, 0.000000, 1.000000;;
            }
            Frame Armature_Bone_036 {
              FrameTransformMatrix {
                 0.971996,-0.208674,-0.108066, 0.000000,
                 0.148923, 0.902714,-0.403645, 0.000000,
                 0.181783, 0.376248, 0.908511, 0.000000,
                -0.000000, 1.364053,-0.000000, 1.000000;;
              }
            } // End of Armature_Bone_036
          } // End of Armature_Bone_032
        } // End of Armature_Bone_028
      } // End of Armature_Bone_012
      Frame Armature_Bone_013 {
        FrameTransformMatrix {
          -0.968994,-0.000000, 0.247084, 0.000000,
          -0.246263, 0.081460,-0.965774, 0.000000,
          -0.020127,-0.996677,-0.078935, 0.000000,
           0.000000, 0.451928,-0.000000, 1.000000;;
        }
        Frame Armature_Bone_029 {
          FrameTransformMatrix {
             0.911736, 0.410113,-0.023363, 0.000000,
            -0.409154, 0.901611,-0.140321, 0.000000,
            -0.036483, 0.137495, 0.989830, 0.000000,
            -0.000000, 1.004761, 0.000000, 1.000000;;
          }
          Frame Armature_Bone_033 {
            FrameTransformMatrix {
               0.999791, 0.002332, 0.020300, 0.000000,
               0.004379, 0.945932,-0.324336, 0.000000,
              -0.019959, 0.324358, 0.945724, 0.000000,
               0.000000, 1.377236,-0.000000, 1.000000;;
            }
            Frame Armature_Bone_037 {
              FrameTransformMatrix {
                 0.989357,-0.105511, 0.100200, 0.000000,
                 0.102285, 0.994073, 0.036824, 0.000000,
                -0.103491,-0.026183, 0.994286, 0.000000,
                -0.000000, 1.364053, 0.000000, 1.000000;;
              }
            } // End of Armature_Bone_037
          } // End of Armature_Bone_033
        } // End of Armature_Bone_029
      } // End of Armature_Bone_013
    } // End of Armature_Bone_003
    Frame Cube_001 {
      FrameTransformMatrix {
         1.513552, 0.000000, 0.000000, 0.000000,
         0.000000, 0.578512, 0.000000, 0.000000,
         0.000000, 0.000000, 0.259188, 0.000000,
         0.000000, 0.000000, 0.520262, 1.000000;;
      }
      Mesh { // Cube_001 mesh
        912;
        -0.260130; 4.039825;-2.393099;,
        -0.260130; 1.751196;-2.393099;,
        -0.392270; 1.751196;-2.393099;,
        -0.392270; 4.039825;-2.393099;,
        -0.260130; 4.039824;-1.621458;,
        -0.392270; 4.039825;-1.621458;,
        -0.392270; 1.751196;-1.621458;,
        -0.260130; 1.751195;-1.621458;,
        -0.260130; 4.039825;-2.393099;,
        -0.260130; 4.039824;-1.621458;,
        -0.260130; 1.751195;-1.621458;,
        -0.260130; 1.751196;-2.393099;,
        -0.260130; 1.751196;-2.393099;,
        -0.260130; 1.751195;-1.621458;,
        -0.392270; 1.751196;-1.621458;,
        -0.392270; 1.751196;-2.393099;,
        -0.392270; 1.751196;-2.393099;,
        -0.392270; 1.751196;-1.621458;,
        -0.392270; 4.039825;-1.621458;,
        -0.392270; 4.039825;-2.393099;,
        -0.260130; 4.039824;-1.621458;,
        -0.260130; 4.039825;-2.393099;,
        -0.392270; 4.039825;-2.393099;,
        -0.392270; 4.039825;-1.621458;,
        -0.279951; 6.342827;-2.277353;,
        -0.279951; 4.054198;-2.277353;,
        -0.372449; 4.054198;-2.277353;,
        -0.372449; 6.342828;-2.277353;,
        -0.279951; 6.342827;-1.737204;,
        -0.372449; 6.342827;-1.737204;,
        -0.372449; 4.054198;-1.737204;,
        -0.279951; 4.054197;-1.737204;,
        -0.279951; 6.342827;-2.277353;,
        -0.279951; 6.342827;-1.737204;,
        -0.279951; 4.054197;-1.737204;,
        -0.279951; 4.054198;-2.277353;,
        -0.279951; 4.054198;-2.277353;,
        -0.279951; 4.054197;-1.737204;,
        -0.372449; 4.054198;-1.737204;,
        -0.372449; 4.054198;-2.277353;,
        -0.372449; 4.054198;-2.277353;,
        -0.372449; 4.054198;-1.737204;,
        -0.372449; 6.342827;-1.737204;,
        -0.372449; 6.342828;-2.277353;,
        -0.279951; 6.342827;-1.737204;,
        -0.279951; 6.342827;-2.277353;,
        -0.372449; 6.342828;-2.277353;,
        -0.372449; 6.342827;-1.737204;,
        -0.312986; 7.390982;-2.084443;,
        -0.312986; 6.353839;-2.084443;,
        -0.339414; 6.353839;-2.084443;,
        -0.339414; 7.390983;-2.084443;,
        -0.312986; 7.390982;-1.930114;,
        -0.339414; 7.390983;-1.930114;,
        -0.339414; 6.353839;-1.930114;,
        -0.312986; 6.353839;-1.930114;,
        -0.312986; 7.390982;-2.084443;,
        -0.312986; 7.390982;-1.930114;,
        -0.312986; 6.353839;-1.930114;,
        -0.312986; 6.353839;-2.084443;,
        -0.312986; 6.353839;-2.084443;,
        -0.312986; 6.353839;-1.930114;,
        -0.339414; 6.353839;-1.930114;,
        -0.339414; 6.353839;-2.084443;,
        -0.339414; 6.353839;-2.084443;,
        -0.339414; 6.353839;-1.930114;,
        -0.339414; 7.390983;-1.930114;,
        -0.339414; 7.390983;-2.084443;,
        -0.312986; 7.390982;-1.930114;,
        -0.312986; 7.390982;-2.084443;,
        -0.339414; 7.390983;-2.084443;,
        -0.339414; 7.390983;-1.930114;,
        -0.037507; 7.390982;-2.084443;,
        -0.037507; 6.353839;-2.084443;,
        -0.063934; 6.353839;-2.084443;,
        -0.063934; 7.390983;-2.084443;,
        -0.037507; 7.390982;-1.930114;,
        -0.063934; 7.390983;-1.930114;,
        -0.063934; 6.353839;-1.930114;,
        -0.037507; 6.353839;-1.930114;,
        -0.037507; 7.390982;-2.084443;,
        -0.037507; 7.390982;-1.930114;,
        -0.037507; 6.353839;-1.930114;,
        -0.037507; 6.353839;-2.084443;,
        -0.037507; 6.353839;-2.084443;,
        -0.037507; 6.353839;-1.930114;,
        -0.063934; 6.353839;-1.930114;,
        -0.063934; 6.353839;-2.084443;,
        -0.063934; 6.353839;-2.084443;,
        -0.063934; 6.353839;-1.930114;,
        -0.063934; 7.390983;-1.930114;,
        -0.063934; 7.390983;-2.084443;,
        -0.037507; 7.390982;-1.930114;,
        -0.037507; 7.390982;-2.084443;,
        -0.063934; 7.390983;-2.084443;,
        -0.063934; 7.390983;-1.930114;,
        -0.004472; 6.342827;-2.277353;,
        -0.004472; 4.054198;-2.277353;,
        -0.096969; 4.054198;-2.277353;,
        -0.096969; 6.342828;-2.277353;,
        -0.004472; 6.342827;-1.737204;,
        -0.096969; 6.342827;-1.737204;,
        -0.096969; 4.054198;-1.737204;,
        -0.004472; 4.054197;-1.737204;,
        -0.004472; 6.342827;-2.277353;,
        -0.004472; 6.342827;-1.737204;,
        -0.004472; 4.054197;-1.737204;,
        -0.004472; 4.054198;-2.277353;,
        -0.004472; 4.054198;-2.277353;,
        -0.004472; 4.054197;-1.737204;,
        -0.096969; 4.054198;-1.737204;,
        -0.096969; 4.054198;-2.277353;,
        -0.096969; 4.054198;-2.277353;,
        -0.096969; 4.054198;-1.737204;,
        -0.096969; 6.342827;-1.737204;,
        -0.096969; 6.342828;-2.277353;,
        -0.004472; 6.342827;-1.737204;,
        -0.004472; 6.342827;-2.277353;,
        -0.096969; 6.342828;-2.277353;,
        -0.096969; 6.342827;-1.737204;,
         0.015349; 4.039825;-2.393099;,
         0.015349; 1.751196;-2.393099;,
        -0.116790; 1.751196;-2.393099;,
        -0.116790; 4.039825;-2.393099;,
         0.015349; 4.039824;-1.621458;,
        -0.116790; 4.039825;-1.621458;,
        -0.116790; 1.751196;-1.621458;,
         0.015349; 1.751195;-1.621458;,
         0.015349; 4.039825;-2.393099;,
         0.015349; 4.039824;-1.621458;,
         0.015349; 1.751195;-1.621458;,
         0.015349; 1.751196;-2.393099;,
         0.015349; 1.751196;-2.393099;,
         0.015349; 1.751195;-1.621458;,
        -0.116790; 1.751196;-1.621458;,
        -0.116790; 1.751196;-2.393099;,
        -0.116790; 1.751196;-2.393099;,
        -0.116790; 1.751196;-1.621458;,
        -0.116790; 4.039825;-1.621458;,
        -0.116790; 4.039825;-2.393099;,
         0.015349; 4.039824;-1.621458;,
         0.015349; 4.039825;-2.393099;,
        -0.116790; 4.039825;-2.393099;,
        -0.116790; 4.039825;-1.621458;,
        -0.516850; 4.039825;-2.393099;,
        -0.516850; 1.751196;-2.393099;,
        -0.648989; 1.751196;-2.393099;,
        -0.648989; 4.039825;-2.393099;,
        -0.516849; 4.039824;-1.621458;,
        -0.648989; 4.039825;-1.621458;,
        -0.648989; 1.751196;-1.621458;,
        -0.516850; 1.751195;-1.621458;,
        -0.516850; 4.039825;-2.393099;,
        -0.516849; 4.039824;-1.621458;,
        -0.516850; 1.751195;-1.621458;,
        -0.516850; 1.751196;-2.393099;,
        -0.516850; 1.751196;-2.393099;,
        -0.516850; 1.751195;-1.621458;,
        -0.648989; 1.751196;-1.621458;,
        -0.648989; 1.751196;-2.393099;,
        -0.648989; 1.751196;-2.393099;,
        -0.648989; 1.751196;-1.621458;,
        -0.648989; 4.039825;-1.621458;,
        -0.648989; 4.039825;-2.393099;,
        -0.516849; 4.039824;-1.621458;,
        -0.516850; 4.039825;-2.393099;,
        -0.648989; 4.039825;-2.393099;,
        -0.648989; 4.039825;-1.621458;,
        -0.536670; 6.342827;-2.277353;,
        -0.536670; 4.054198;-2.277353;,
        -0.629168; 4.054198;-2.277353;,
        -0.629168; 6.342828;-2.277353;,
        -0.536670; 6.342827;-1.737204;,
        -0.629168; 6.342827;-1.737204;,
        -0.629168; 4.054198;-1.737204;,
        -0.536670; 4.054197;-1.737204;,
        -0.536670; 6.342827;-2.277353;,
        -0.536670; 6.342827;-1.737204;,
        -0.536670; 4.054197;-1.737204;,
        -0.536670; 4.054198;-2.277353;,
        -0.536670; 4.054198;-2.277353;,
        -0.536670; 4.054197;-1.737204;,
        -0.629168; 4.054198;-1.737204;,
        -0.629168; 4.054198;-2.277353;,
        -0.629168; 4.054198;-2.277353;,
        -0.629168; 4.054198;-1.737204;,
        -0.629168; 6.342827;-1.737204;,
        -0.629168; 6.342828;-2.277353;,
        -0.536670; 6.342827;-1.737204;,
        -0.536670; 6.342827;-2.277353;,
        -0.629168; 6.342828;-2.277353;,
        -0.629168; 6.342827;-1.737204;,
        -0.569705; 7.390982;-2.084443;,
        -0.569705; 6.353839;-2.084443;,
        -0.596133; 6.353839;-2.084443;,
        -0.596133; 7.390983;-2.084443;,
        -0.569705; 7.390982;-1.930114;,
        -0.596133; 7.390983;-1.930114;,
        -0.596133; 6.353839;-1.930114;,
        -0.569705; 6.353839;-1.930114;,
        -0.569705; 7.390982;-2.084443;,
        -0.569705; 7.390982;-1.930114;,
        -0.569705; 6.353839;-1.930114;,
        -0.569705; 6.353839;-2.084443;,
        -0.569705; 6.353839;-2.084443;,
        -0.569705; 6.353839;-1.930114;,
        -0.596133; 6.353839;-1.930114;,
        -0.596133; 6.353839;-2.084443;,
        -0.596133; 6.353839;-2.084443;,
        -0.596133; 6.353839;-1.930114;,
        -0.596133; 7.390983;-1.930114;,
        -0.596133; 7.390983;-2.084443;,
        -0.569705; 7.390982;-1.930114;,
        -0.569705; 7.390982;-2.084443;,
        -0.596133; 7.390983;-2.084443;,
        -0.596133; 7.390983;-1.930114;,
         0.196327; 7.390982;-2.084443;,
         0.196327; 6.353839;-2.084443;,
         0.169899; 6.353839;-2.084443;,
         0.169899; 7.390983;-2.084443;,
         0.196327; 7.390982;-1.930114;,
         0.169899; 7.390983;-1.930114;,
         0.169899; 6.353839;-1.930114;,
         0.196327; 6.353839;-1.930114;,
         0.196327; 7.390982;-2.084443;,
         0.196327; 7.390982;-1.930114;,
         0.196327; 6.353839;-1.930114;,
         0.196327; 6.353839;-2.084443;,
         0.196327; 6.353839;-2.084443;,
         0.196327; 6.353839;-1.930114;,
         0.169899; 6.353839;-1.930114;,
         0.169899; 6.353839;-2.084443;,
         0.169899; 6.353839;-2.084443;,
         0.169899; 6.353839;-1.930114;,
         0.169899; 7.390983;-1.930114;,
         0.169899; 7.390983;-2.084443;,
         0.196327; 7.390982;-1.930114;,
         0.196327; 7.390982;-2.084443;,
         0.169899; 7.390983;-2.084443;,
         0.169899; 7.390983;-1.930114;,
         0.229362; 6.342827;-2.277353;,
         0.229362; 4.054198;-2.277353;,
         0.136864; 4.054198;-2.277353;,
         0.136864; 6.342828;-2.277353;,
         0.229362; 6.342827;-1.737204;,
         0.136864; 6.342827;-1.737204;,
         0.136864; 4.054198;-1.737204;,
         0.229362; 4.054197;-1.737204;,
         0.229362; 6.342827;-2.277353;,
         0.229362; 6.342827;-1.737204;,
         0.229362; 4.054197;-1.737204;,
         0.229362; 4.054198;-2.277353;,
         0.229362; 4.054198;-2.277353;,
         0.229362; 4.054197;-1.737204;,
         0.136864; 4.054198;-1.737204;,
         0.136864; 4.054198;-2.277353;,
         0.136864; 4.054198;-2.277353;,
         0.136864; 4.054198;-1.737204;,
         0.136864; 6.342827;-1.737204;,
         0.136864; 6.342828;-2.277353;,
         0.229362; 6.342827;-1.737204;,
         0.229362; 6.342827;-2.277353;,
         0.136864; 6.342828;-2.277353;,
         0.136864; 6.342827;-1.737204;,
         0.249183; 4.039825;-2.393099;,
         0.249183; 1.751196;-2.393099;,
         0.117043; 1.751196;-2.393099;,
         0.117043; 4.039825;-2.393099;,
         0.249183; 4.039824;-1.621458;,
         0.117043; 4.039825;-1.621458;,
         0.117043; 1.751196;-1.621458;,
         0.249182; 1.751195;-1.621458;,
         0.249183; 4.039825;-2.393099;,
         0.249183; 4.039824;-1.621458;,
         0.249182; 1.751195;-1.621458;,
         0.249183; 1.751196;-2.393099;,
         0.249183; 1.751196;-2.393099;,
         0.249182; 1.751195;-1.621458;,
         0.117043; 1.751196;-1.621458;,
         0.117043; 1.751196;-2.393099;,
         0.117043; 1.751196;-2.393099;,
         0.117043; 1.751196;-1.621458;,
         0.117043; 4.039825;-1.621458;,
         0.117043; 4.039825;-2.393099;,
         0.249183; 4.039824;-1.621458;,
         0.249183; 4.039825;-2.393099;,
         0.117043; 4.039825;-2.393099;,
         0.117043; 4.039825;-1.621458;,
        -0.244684;-1.741302;-2.393099;,
        -0.244684;-4.029931;-2.393099;,
        -0.376824;-4.029931;-2.393099;,
        -0.376824;-1.741301;-2.393099;,
        -0.244684;-1.741302;-1.621458;,
        -0.376824;-1.741302;-1.621458;,
        -0.376824;-4.029931;-1.621458;,
        -0.244684;-4.029932;-1.621458;,
        -0.244684;-1.741302;-2.393099;,
        -0.244684;-1.741302;-1.621458;,
        -0.244684;-4.029932;-1.621458;,
        -0.244684;-4.029931;-2.393099;,
        -0.244684;-4.029931;-2.393099;,
        -0.244684;-4.029932;-1.621458;,
        -0.376824;-4.029931;-1.621458;,
        -0.376824;-4.029931;-2.393099;,
        -0.376824;-4.029931;-2.393099;,
        -0.376824;-4.029931;-1.621458;,
        -0.376824;-1.741302;-1.621458;,
        -0.376824;-1.741301;-2.393099;,
        -0.244684;-1.741302;-1.621458;,
        -0.244684;-1.741302;-2.393099;,
        -0.376824;-1.741301;-2.393099;,
        -0.376824;-1.741302;-1.621458;,
        -0.264505;-4.041977;-2.277353;,
        -0.264505;-6.330606;-2.277353;,
        -0.357003;-6.330606;-2.277353;,
        -0.357003;-4.041977;-2.277353;,
        -0.264505;-4.041978;-1.737204;,
        -0.357003;-4.041977;-1.737204;,
        -0.357003;-6.330606;-1.737204;,
        -0.264505;-6.330607;-1.737204;,
        -0.264505;-4.041977;-2.277353;,
        -0.264505;-4.041978;-1.737204;,
        -0.264505;-6.330607;-1.737204;,
        -0.264505;-6.330606;-2.277353;,
        -0.264505;-6.330606;-2.277353;,
        -0.264505;-6.330607;-1.737204;,
        -0.357003;-6.330606;-1.737204;,
        -0.357003;-6.330606;-2.277353;,
        -0.357003;-6.330606;-2.277353;,
        -0.357003;-6.330606;-1.737204;,
        -0.357003;-4.041977;-1.737204;,
        -0.357003;-4.041977;-2.277353;,
        -0.264505;-4.041978;-1.737204;,
        -0.264505;-4.041977;-2.277353;,
        -0.357003;-4.041977;-2.277353;,
        -0.357003;-4.041977;-1.737204;,
        -0.297540;-6.341578;-2.084443;,
        -0.297540;-7.378721;-2.084443;,
        -0.323968;-7.378721;-2.084443;,
        -0.323968;-6.341578;-2.084443;,
        -0.297540;-6.341578;-1.930114;,
        -0.323968;-6.341578;-1.930114;,
        -0.323968;-7.378721;-1.930114;,
        -0.297540;-7.378722;-1.930114;,
        -0.297540;-6.341578;-2.084443;,
        -0.297540;-6.341578;-1.930114;,
        -0.297540;-7.378722;-1.930114;,
        -0.297540;-7.378721;-2.084443;,
        -0.297540;-7.378721;-2.084443;,
        -0.297540;-7.378722;-1.930114;,
        -0.323968;-7.378721;-1.930114;,
        -0.323968;-7.378721;-2.084443;,
        -0.323968;-7.378721;-2.084443;,
        -0.323968;-7.378721;-1.930114;,
        -0.323968;-6.341578;-1.930114;,
        -0.323968;-6.341578;-2.084443;,
        -0.297540;-6.341578;-1.930114;,
        -0.297540;-6.341578;-2.084443;,
        -0.323968;-6.341578;-2.084443;,
        -0.323968;-6.341578;-1.930114;,
        -0.573496;-6.341578;-2.084443;,
        -0.573496;-7.378721;-2.084443;,
        -0.599924;-7.378721;-2.084443;,
        -0.599924;-6.341578;-2.084443;,
        -0.573496;-6.341578;-1.930114;,
        -0.599924;-6.341578;-1.930114;,
        -0.599924;-7.378721;-1.930114;,
        -0.573496;-7.378722;-1.930114;,
        -0.573496;-6.341578;-2.084443;,
        -0.573496;-6.341578;-1.930114;,
        -0.573496;-7.378722;-1.930114;,
        -0.573496;-7.378721;-2.084443;,
        -0.573496;-7.378721;-2.084443;,
        -0.573496;-7.378722;-1.930114;,
        -0.599924;-7.378721;-1.930114;,
        -0.599924;-7.378721;-2.084443;,
        -0.599924;-7.378721;-2.084443;,
        -0.599924;-7.378721;-1.930114;,
        -0.599924;-6.341578;-1.930114;,
        -0.599924;-6.341578;-2.084443;,
        -0.573496;-6.341578;-1.930114;,
        -0.573496;-6.341578;-2.084443;,
        -0.599924;-6.341578;-2.084443;,
        -0.599924;-6.341578;-1.930114;,
        -0.540461;-4.041977;-2.277353;,
        -0.540461;-6.330606;-2.277353;,
        -0.632959;-6.330606;-2.277353;,
        -0.632959;-4.041977;-2.277353;,
        -0.540461;-4.041978;-1.737204;,
        -0.632959;-4.041977;-1.737204;,
        -0.632959;-6.330606;-1.737204;,
        -0.540461;-6.330607;-1.737204;,
        -0.540461;-4.041977;-2.277353;,
        -0.540461;-4.041978;-1.737204;,
        -0.540461;-6.330607;-1.737204;,
        -0.540461;-6.330606;-2.277353;,
        -0.540461;-6.330606;-2.277353;,
        -0.540461;-6.330607;-1.737204;,
        -0.632959;-6.330606;-1.737204;,
        -0.632959;-6.330606;-2.277353;,
        -0.632959;-6.330606;-2.277353;,
        -0.632959;-6.330606;-1.737204;,
        -0.632959;-4.041977;-1.737204;,
        -0.632959;-4.041977;-2.277353;,
        -0.540461;-4.041978;-1.737204;,
        -0.540461;-4.041977;-2.277353;,
        -0.632959;-4.041977;-2.277353;,
        -0.632959;-4.041977;-1.737204;,
        -0.520640;-1.741302;-2.393099;,
        -0.520640;-4.029931;-2.393099;,
        -0.652780;-4.029931;-2.393099;,
        -0.652780;-1.741301;-2.393099;,
        -0.520640;-1.741302;-1.621458;,
        -0.652780;-1.741302;-1.621458;,
        -0.652780;-4.029931;-1.621458;,
        -0.520640;-4.029932;-1.621458;,
        -0.520640;-1.741302;-2.393099;,
        -0.520640;-1.741302;-1.621458;,
        -0.520640;-4.029932;-1.621458;,
        -0.520640;-4.029931;-2.393099;,
        -0.520640;-4.029931;-2.393099;,
        -0.520640;-4.029932;-1.621458;,
        -0.652780;-4.029931;-1.621458;,
        -0.652780;-4.029931;-2.393099;,
        -0.652780;-4.029931;-2.393099;,
        -0.652780;-4.029931;-1.621458;,
        -0.652780;-1.741302;-1.621458;,
        -0.652780;-1.741301;-2.393099;,
        -0.520640;-1.741302;-1.621458;,
        -0.520640;-1.741302;-2.393099;,
        -0.652780;-1.741301;-2.393099;,
        -0.652780;-1.741302;-1.621458;,
         0.012193;-1.741302;-2.393099;,
         0.012193;-4.029931;-2.393099;,
        -0.119947;-4.029931;-2.393099;,
        -0.119947;-1.741301;-2.393099;,
         0.012193;-1.741302;-1.621458;,
        -0.119947;-1.741302;-1.621458;,
        -0.119947;-4.029931;-1.621458;,
         0.012193;-4.029932;-1.621458;,
         0.012193;-1.741302;-2.393099;,
         0.012193;-1.741302;-1.621458;,
         0.012193;-4.029932;-1.621458;,
         0.012193;-4.029931;-2.393099;,
         0.012193;-4.029931;-2.393099;,
         0.012193;-4.029932;-1.621458;,
        -0.119947;-4.029931;-1.621458;,
        -0.119947;-4.029931;-2.393099;,
        -0.119947;-4.029931;-2.393099;,
        -0.119947;-4.029931;-1.621458;,
        -0.119947;-1.741302;-1.621458;,
        -0.119947;-1.741301;-2.393099;,
         0.012193;-1.741302;-1.621458;,
         0.012193;-1.741302;-2.393099;,
        -0.119947;-1.741301;-2.393099;,
        -0.119947;-1.741302;-1.621458;,
        -0.007628;-4.041977;-2.277353;,
        -0.007628;-6.330606;-2.277353;,
        -0.100126;-6.330606;-2.277353;,
        -0.100126;-4.041977;-2.277353;,
        -0.007628;-4.041978;-1.737204;,
        -0.100126;-4.041977;-1.737204;,
        -0.100126;-6.330606;-1.737204;,
        -0.007628;-6.330607;-1.737204;,
        -0.007628;-4.041977;-2.277353;,
        -0.007628;-4.041978;-1.737204;,
        -0.007628;-6.330607;-1.737204;,
        -0.007628;-6.330606;-2.277353;,
        -0.007628;-6.330606;-2.277353;,
        -0.007628;-6.330607;-1.737204;,
        -0.100126;-6.330606;-1.737204;,
        -0.100126;-6.330606;-2.277353;,
        -0.100126;-6.330606;-2.277353;,
        -0.100126;-6.330606;-1.737204;,
        -0.100126;-4.041977;-1.737204;,
        -0.100126;-4.041977;-2.277353;,
        -0.007628;-4.041978;-1.737204;,
        -0.007628;-4.041977;-2.277353;,
        -0.100126;-4.041977;-2.277353;,
        -0.100126;-4.041977;-1.737204;,
        -0.040663;-6.341578;-2.084443;,
        -0.040663;-7.378721;-2.084443;,
        -0.067091;-7.378721;-2.084443;,
        -0.067091;-6.341578;-2.084443;,
        -0.040663;-6.341578;-1.930114;,
        -0.067091;-6.341578;-1.930114;,
        -0.067091;-7.378721;-1.930114;,
        -0.040663;-7.378722;-1.930114;,
        -0.040663;-6.341578;-2.084443;,
        -0.040663;-6.341578;-1.930114;,
        -0.040663;-7.378722;-1.930114;,
        -0.040663;-7.378721;-2.084443;,
        -0.040663;-7.378721;-2.084443;,
        -0.040663;-7.378722;-1.930114;,
        -0.067091;-7.378721;-1.930114;,
        -0.067091;-7.378721;-2.084443;,
        -0.067091;-7.378721;-2.084443;,
        -0.067091;-7.378721;-1.930114;,
        -0.067091;-6.341578;-1.930114;,
        -0.067091;-6.341578;-2.084443;,
        -0.040663;-6.341578;-1.930114;,
        -0.040663;-6.341578;-2.084443;,
        -0.067091;-6.341578;-2.084443;,
        -0.067091;-6.341578;-1.930114;,
         0.196327;-6.341578;-2.084443;,
         0.196327;-7.378721;-2.084443;,
         0.169899;-7.378721;-2.084443;,
         0.169899;-6.341578;-2.084443;,
