xof 0303txt 0032

template XSkinMeshHeader {
  <3cf169ce-ff7c-44ab-93c0-f78f62d172e2>
  WORD nMaxSkinWeightsPerVertex;
  WORD nMaxSkinWeightsPerFace;
  WORD nBones;
}

template SkinWeights {
  <6f0d123b-bad2-4167-a0d0-80224f25fabb>
  STRING transformNodeName;
  DWORD nWeights;
  array DWORD vertexIndices[nWeights];
  array float weights[nWeights];
  Matrix4x4 matrixOffset;
}

Frame Root {
  FrameTransformMatrix {
     1.000000, 0.000000, 0.000000, 0.000000,
     0.000000,-0.000000, 1.000000, 0.000000,
     0.000000, 1.000000, 0.000000, 0.000000,
     0.000000, 0.000000, 0.000000, 1.000000;;
  }
  Frame Armature {
    FrameTransformMatrix {
       1.000000, 0.000000, 0.000000, 0.000000,
       0.000000, 1.000000, 0.000000, 0.000000,
       0.000000, 0.000000, 1.000000, 0.000000,
      -0.584673,-1.528196, 0.044631, 1.000000;;
    }
    Frame Armature_Bone {
      FrameTransformMatrix {
         0.031356,-0.000000, 0.284498, 0.000000,
        -0.284498,-0.000000, 0.031356, 0.000000,
        -0.000000,-0.286221,-0.000000, 0.000000,
         0.367800, 1.547038, 0.208506, 1.000000;;
      }
      Frame Armature_Bone_002 {
        FrameTransformMatrix {
           0.007448, 0.788674, 0.614766, 0.000000,
          -0.005805,-0.614739, 0.788710, 0.000000,
           0.999956,-0.009443,-0.000000, 0.000000,
          -0.000000, 0.686394,-0.000001, 1.000000;;
        }
        Frame Armature_Bone_046 {
          FrameTransformMatrix {
             0.679637, 0.727973,-0.090269, 0.000000,
            -0.470018, 0.526643, 0.708329, 0.000000,
             0.563184,-0.438978, 0.700087, 0.000000,
            -0.000000, 0.892942,-0.000000, 1.000000;;
          }
          Frame Armature_Bone_050 {
            FrameTransformMatrix {
               0.992445, 0.059284, 0.107418, 0.000000,
               0.059284, 0.534804,-0.842894, 0.000000,
              -0.107418, 0.842894, 0.527249, 0.000000,
              -0.000000, 2.036019, 0.000000, 1.000000;;
            }
            Frame Armature_Bone_054 {
              FrameTransformMatrix {
                 0.993899, 0.047871, 0.099360, 0.000000,
                 0.047871, 0.624361,-0.779667, 0.000000,
                -0.099360, 0.779667, 0.618261, 0.000000,
                 0.000000, 2.215442, 0.000000, 1.000000;;
              }
            } // End of Armature_Bone_054
          } // End of Armature_Bone_050
        } // End of Armature_Bone_046
      } // End of Armature_Bone_002
      Frame Armature_Bone_003 {
        FrameTransformMatrix {
           0.008977, 0.950631, 0.310193, 0.000000,
          -0.002929,-0.310179, 0.950673, 0.000000,
           0.999955,-0.009443,-0.000000, 0.000000,
          -0.000000, 0.686394,-0.000001, 1.000000;;
        }
        Frame Armature_Bone_047 {
          FrameTransformMatrix {
             0.974551, 0.027454, 0.222480, 0.000000,
            -0.134122, 0.866642, 0.480566, 0.000000,
            -0.179617,-0.498175, 0.848268, 0.000000,
             0.000000, 0.764241, 0.000000, 1.000000;;
          }
          Frame Armature_Bone_051 {
            FrameTransformMatrix {
               0.980451,-0.040590,-0.192533, 0.000000,
              -0.040590, 0.915724,-0.399752, 0.000000,
               0.192533, 0.399752, 0.896175, 0.000000,
               0.000000, 2.036019, 0.000000, 1.000000;;
            }
            Frame Armature_Bone_055 {
              FrameTransformMatrix {
                 0.834843, 0.395693,-0.382706, 0.000000,
                -0.548456, 0.657549,-0.516551, 0.000000,
                 0.047253, 0.641137, 0.765970, 0.000000,
                -0.000000, 2.215442, 0.000000, 1.000000;;
              }
            } // End of Armature_Bone_055
          } // End of Armature_Bone_051
        } // End of Armature_Bone_047
      } // End of Armature_Bone_003
      Frame Armature_Bone_004 {
        FrameTransformMatrix {
           0.009248, 0.979276,-0.202320, 0.000000,
           0.001911, 0.202311, 0.979320, 0.000000,
           0.999956,-0.009443,-0.000000, 0.000000,
          -0.000000, 0.686394,-0.000001, 1.000000;;
        }
        Frame Armature_Bone_048 {
          FrameTransformMatrix {
             0.975973, 0.108415,-0.189004, 0.000000,
             0.015224, 0.831377, 0.555500, 0.000000,
             0.217358,-0.545030, 0.809752, 0.000000,
             0.000000, 0.719144,-0.000000, 1.000000;;
          }
          Frame Armature_Bone_052 {
            FrameTransformMatrix {
               0.996999, 0.019837, 0.074825, 0.000000,
               0.019837, 0.868853,-0.494672, 0.000000,
              -0.074825, 0.494672, 0.865853, 0.000000,
              -0.000000, 2.036019, 0.000000, 1.000000;;
            }
            Frame Armature_Bone_056 {
              FrameTransformMatrix {
                 0.991548, 0.055879, 0.117093, 0.000000,
                 0.055879, 0.630578,-0.774112, 0.000000,
                -0.117093, 0.774111, 0.622126, 0.000000,
                 0.000000, 2.215442, 0.000000, 1.000000;;
              }
            } // End of Armature_Bone_056
          } // End of Armature_Bone_052
        } // End of Armature_Bone_048
      } // End of Armature_Bone_004
      Frame Armature_Bone_005 {
        FrameTransformMatrix {
           0.007460, 0.790028,-0.613025, 0.000000,
           0.005789, 0.612998, 0.790064, 0.000000,
           0.999955,-0.009443,-0.000000, 0.000000,
          -0.000000, 0.686394,-0.000001, 1.000000;;
        }
        Frame Armature_Bone_049 {
          FrameTransformMatrix {
             0.778978, 0.285598,-0.558235, 0.000000,
             0.182794, 0.748160, 0.637842, 0.000000,
             0.599816,-0.598907, 0.530595, 0.000000,
             0.000000, 0.876642,-0.000000, 1.000000;;
          }
          Frame Armature_Bone_053 {
            FrameTransformMatrix {
               0.832354,-0.110171, 0.543185, 0.000000,
               0.398770, 0.799690,-0.448863, 0.000000,
              -0.384928, 0.590218, 0.709558, 0.000000,
               0.000000, 2.055510, 0.000000, 1.000000;;
            }
            Frame Armature_Bone_057 {
              FrameTransformMatrix {
                 0.406599, 0.456674, 0.791281, 0.000000,
                 0.417560, 0.677463,-0.605548, 0.000000,
                -0.812601, 0.576623, 0.084767, 0.000000,
                -0.000000, 2.215442, 0.000000, 1.000000;;
              }
            } // End of Armature_Bone_057
          } // End of Armature_Bone_053
        } // End of Armature_Bone_049
      } // End of Armature_Bone_005
      Frame Armature_Bone_006 {
        FrameTransformMatrix {
          -0.007322,-0.775351, 0.631488, 0.000000,
          -0.005963,-0.631460,-0.775386, 0.000000,
           0.999956,-0.009443,-0.000000, 0.000000,
          -0.000000, 0.686394,-0.000001, 1.000000;;
        }
        Frame Armature_Bone_013 {
          FrameTransformMatrix {
             0.692000,-0.719245, 0.061834, 0.000000,
             0.629151, 0.642879, 0.436892, 0.000000,
            -0.353984,-0.263426, 0.897386, 0.000000,
            -0.000000, 0.877453, 0.000000, 1.000000;;
          }
          Frame Armature_Bone_040 {
            FrameTransformMatrix {
               0.998139,-0.018211,-0.058195, 0.000000,
              -0.018210, 0.821793,-0.569496, 0.000000,
               0.058195, 0.569496, 0.819932, 0.000000,
               0.000000, 2.063892, 0.000000, 1.000000;;
            }
            Frame Armature_Bone_045 {
              FrameTransformMatrix {
                 0.996516,-0.034096,-0.076117, 0.000000,
                -0.034098, 0.666321,-0.744885, 0.000000,
                 0.076116, 0.744885, 0.662837, 0.000000,
                 0.000001, 2.203288,-0.000000, 1.000000;;
              }
            } // End of Armature_Bone_045
          } // End of Armature_Bone_040
        } // End of Armature_Bone_013
      } // End of Armature_Bone_006
      Frame Armature_Bone_007 {
        FrameTransformMatrix {
          -0.008879,-0.940248, 0.340374, 0.000000,
          -0.003214,-0.340359,-0.940290, 0.000000,
           0.999955,-0.009443,-0.000000, 0.000000,
          -0.000000, 0.686394,-0.000001, 1.000000;;
        }
        Frame Armature_Bone_014 {
          FrameTransformMatrix {
             0.972824,-0.069226,-0.220955, 0.000000,
             0.186111, 0.801497, 0.568300, 0.000000,
             0.137754,-0.593978, 0.792600, 0.000000,
            -0.000000, 0.697794,-0.000000, 1.000000;;
          }
          Frame Armature_Bone_041 {
            FrameTransformMatrix {
               0.969173, 0.050200, 0.241213, 0.000000,
               0.065772, 0.890780,-0.449650, 0.000000,
              -0.237440, 0.451653, 0.860019, 0.000000,
               0.000000, 2.091620,-0.000001, 1.000000;;
            }
            Frame Armature_Bone_042 {
              FrameTransformMatrix {
                 0.896667, 0.181439, 0.403816, 0.000000,
                 0.207301, 0.633892,-0.745122, 0.000000,
                -0.391170, 0.751838, 0.530778, 0.000000,
                 0.000000, 2.163365, 0.000000, 1.000000;;
              }
            } // End of Armature_Bone_042
          } // End of Armature_Bone_041
        } // End of Armature_Bone_014
      } // End of Armature_Bone_007
      Frame Armature_Bone_008 {
        FrameTransformMatrix {
          -0.009281,-0.982754,-0.184683, 0.000000,
           0.001744, 0.184675,-0.982798, 0.000000,
           0.999955,-0.009443,-0.000000, 0.000000,
          -0.000000, 0.686394,-0.000001, 1.000000;;
        }
        Frame Armature_Bone_015 {
          FrameTransformMatrix {
             0.981979,-0.137010, 0.130177, 0.000000,
             0.051229, 0.855978, 0.514468, 0.000000,
            -0.181916,-0.498528, 0.847571, 0.000000,
            -0.000000, 0.647243,-0.000000, 1.000000;;
          }
          Frame Armature_Bone_038 {
            FrameTransformMatrix {
               0.999194,-0.007432,-0.039454, 0.000000,
              -0.008241, 0.923825,-0.382727, 0.000000,
               0.039293, 0.382743, 0.923019, 0.000000,
               0.000000, 2.105900,-0.000001, 1.000000;;
            }
            Frame Armature_Bone_043 {
              FrameTransformMatrix {
                 0.994985,-0.047845,-0.087838, 0.000000,
                -0.049640, 0.526194,-0.848915, 0.000000,
                 0.086836, 0.849018, 0.521180, 0.000000,
                -0.000000, 2.183368, 0.000000, 1.000000;;
              }
            } // End of Armature_Bone_043
          } // End of Armature_Bone_038
        } // End of Armature_Bone_015
      } // End of Armature_Bone_008
      Frame Armature_Bone_011 {
        FrameTransformMatrix {
          -0.007661,-0.811262,-0.584633, 0.000000,
           0.005521, 0.584607,-0.811298, 0.000000,
           0.999955,-0.009443,-0.000000, 0.000000,
          -0.000000, 0.686394,-0.000001, 1.000000;;
        }
        Frame Armature_Bone_016 {
          FrameTransformMatrix {
             0.765086,-0.314986, 0.561629, 0.000000,
            -0.207300, 0.705276, 0.677947, 0.000000,
            -0.609648,-0.635114, 0.474300, 0.000000,
             0.000000, 0.789852, 0.000000, 1.000000;;
          }
          Frame Armature_Bone_039 {
            FrameTransformMatrix {
               0.734943,-0.109664,-0.669202, 0.000000,
              -0.458693, 0.646438,-0.609688, 0.000000,
               0.499458, 0.755044, 0.424793, 0.000000,
               0.000000, 2.120770, 0.000000, 1.000000;;
            }
            Frame Armature_Bone_044 {
              FrameTransformMatrix {
                 0.837322, 0.201520,-0.508214, 0.000000,
                -0.475593, 0.726960,-0.495318, 0.000000,
                 0.269635, 0.656444, 0.704542, 0.000000,
                 0.000001, 2.158473, 0.000000, 1.000000;;
              }
            } // End of Armature_Bone_044
          } // End of Armature_Bone_039
        } // End of Armature_Bone_016
      } // End of Armature_Bone_011
      Frame Armature_Bone_058 {
        FrameTransformMatrix {
           0.002243,-0.124550,-0.992211, 0.000000,
           0.254497, 0.959614,-0.119883, 0.000000,
           0.967071,-0.252245, 0.033850, 0.000000,
          -0.000000, 0.686394,-0.000001, 1.000000;;
        }
        Frame Armature_Bone_060 {
          FrameTransformMatrix {
             0.109764,-0.981847,-0.154689, 0.000000,
            -0.066488, 0.148028,-0.986745, 0.000000,
             0.991731, 0.118594,-0.049033, 0.000000,
            -0.000000, 0.755603, 0.000000, 1.000000;;
          }
          Frame Armature_Bone_061 {
            FrameTransformMatrix {
               0.925706,-0.378167,-0.007652, 0.000000,
               0.378242, 0.925435, 0.022423, 0.000000,
              -0.001399,-0.023652, 0.999719, 0.000000,
               0.000000, 0.438189, 0.000001, 1.000000;;
            }
          } // End of Armature_Bone_061
        } // End of Armature_Bone_060
      } // End of Armature_Bone_058
      Frame Armature_Bone_059 {
        FrameTransformMatrix {
           0.004906, 0.179842,-0.983683, 0.000000,
           0.245940, 0.953263, 0.175507, 0.000000,
           0.969272,-0.242788,-0.039554, 0.000000,
          -0.000000, 0.686394,-0.000001, 1.000000;;
        }
        Frame Armature_Bone_062 {
          FrameTransformMatrix {
            -0.175802,-0.976091,-0.127830, 0.000000,
             0.095672, 0.112297,-0.989058, 0.000000,
             0.979766,-0.186108, 0.073642, 0.000000,
            -0.000000, 0.767945,-0.000000, 1.000000;;
          }
          Frame Armature_Bone_063 {
            FrameTransformMatrix {
               0.944562,-0.327844, 0.017887, 0.000000,
               0.328264, 0.944073,-0.031136, 0.000000,
              -0.006679, 0.035281, 0.999355, 0.000000,
              -0.000000, 0.416954, 0.000000, 1.000000;;
            }
          } // End of Armature_Bone_063
        } // End of Armature_Bone_062
      } // End of Armature_Bone_059
    } // End of Armature_Bone
    Frame Armature_Bone_001 {
      FrameTransformMatrix {
         0.000000,-0.286221, 0.000000, 0.000000,
         0.271213,-0.000000, 0.091465, 0.000000,
        -0.091465, 0.000000, 0.271213, 0.000000,
         0.367800, 1.547038, 0.208506, 1.000000;;
      }
    } // End of Armature_Bone_001
    Frame Cube_002 {
      FrameTransformMatrix {
         0.720000, 0.000000, 0.000000, 0.000000,
         0.000000, 0.615217, 0.000000, 0.000000,
         0.000000, 0.000000, 0.355705, 0.000000,
        -0.368977, 1.528196, 0.432001, 1.000000;;
      }
      Mesh { // Cube_002 mesh
        720;
        -0.470481; 8.082796;-0.741667;,
        -0.470481; 4.506824;-0.741667;,
        -0.637148; 4.506824;-0.741667;,
        -0.637148; 8.082797;-0.741667;,
        -0.470481; 8.082796;-0.404309;,
        -0.637148; 8.082796;-0.404309;,
        -0.637148; 4.506824;-0.404309;,
        -0.470481; 4.506823;-0.404309;,
        -0.470481; 8.082796;-0.741667;,
        -0.470481; 8.082796;-0.404309;,
        -0.470481; 4.506823;-0.404309;,
        -0.470481; 4.506824;-0.741667;,
        -0.470481; 4.506824;-0.741667;,
        -0.470481; 4.506823;-0.404309;,
        -0.637148; 4.506824;-0.404309;,
        -0.637148; 4.506824;-0.741667;,
        -0.637148; 4.506824;-0.741667;,
        -0.637148; 4.506824;-0.404309;,
        -0.637148; 8.082796;-0.404309;,
        -0.637148; 8.082797;-0.741667;,
        -0.470481; 8.082796;-0.404309;,
        -0.470481; 8.082796;-0.741667;,
        -0.637148; 8.082797;-0.741667;,
        -0.637148; 8.082796;-0.404309;,
        -0.470481; 4.473400;-0.741667;,
        -0.470481; 1.059972;-0.741667;,
        -0.637148; 1.059972;-0.741667;,
        -0.637148; 4.473401;-0.741667;,
        -0.470481; 4.473399;-0.404309;,
        -0.637148; 4.473400;-0.404309;,
        -0.637148; 1.059973;-0.404309;,
        -0.470481; 1.059971;-0.404309;,
        -0.470481; 4.473400;-0.741667;,
        -0.470481; 4.473399;-0.404309;,
        -0.470481; 1.059971;-0.404309;,
        -0.470481; 1.059972;-0.741667;,
        -0.470481; 1.059972;-0.741667;,
        -0.470481; 1.059971;-0.404309;,
        -0.637148; 1.059973;-0.404309;,
        -0.637148; 1.059972;-0.741667;,
        -0.637148; 1.059972;-0.741667;,
        -0.637148; 1.059973;-0.404309;,
        -0.637148; 4.473400;-0.404309;,
        -0.637148; 4.473401;-0.741667;,
        -0.470481; 4.473399;-0.404309;,
        -0.470481; 4.473400;-0.741667;,
        -0.637148; 4.473401;-0.741667;,
        -0.637148; 4.473400;-0.404309;,
        -0.512148;13.609825;-0.657328;,
        -0.512148; 8.106079;-0.657328;,
        -0.595481; 8.106079;-0.657328;,
        -0.595481;13.609826;-0.657328;,
        -0.512148;13.609824;-0.488648;,
        -0.595481;13.609825;-0.488648;,
        -0.595481; 8.106080;-0.488648;,
        -0.512148; 8.106077;-0.488648;,
        -0.512148;13.609825;-0.657328;,
        -0.512148;13.609824;-0.488648;,
        -0.512148; 8.106077;-0.488648;,
        -0.512148; 8.106079;-0.657328;,
        -0.512148; 8.106079;-0.657328;,
        -0.512148; 8.106077;-0.488648;,
        -0.595481; 8.106080;-0.488648;,
        -0.595481; 8.106079;-0.657328;,
        -0.595481; 8.106079;-0.657328;,
        -0.595481; 8.106080;-0.488648;,
        -0.595481;13.609825;-0.488648;,
        -0.595481;13.609826;-0.657328;,
        -0.512148;13.609824;-0.488648;,
        -0.512148;13.609825;-0.657328;,
        -0.595481;13.609826;-0.657328;,
        -0.595481;13.609825;-0.488648;,
        -0.069361;13.609825;-0.657328;,
        -0.069361; 8.106079;-0.657328;,
        -0.152694; 8.106079;-0.657328;,
        -0.152694;13.609826;-0.657328;,
        -0.069361;13.609824;-0.488648;,
        -0.152694;13.609825;-0.488648;,
        -0.152694; 8.106080;-0.488648;,
        -0.069361; 8.106077;-0.488648;,
        -0.069361;13.609825;-0.657328;,
        -0.069361;13.609824;-0.488648;,
        -0.069361; 8.106077;-0.488648;,
        -0.069361; 8.106079;-0.657328;,
        -0.069361; 8.106079;-0.657328;,
        -0.069361; 8.106077;-0.488648;,
        -0.152694; 8.106080;-0.488648;,
        -0.152694; 8.106079;-0.657328;,
        -0.152694; 8.106079;-0.657328;,
        -0.152694; 8.106080;-0.488648;,
        -0.152694;13.609825;-0.488648;,
        -0.152694;13.609826;-0.657328;,
        -0.069361;13.609824;-0.488648;,
        -0.069361;13.609825;-0.657328;,
        -0.152694;13.609826;-0.657328;,
        -0.152694;13.609825;-0.488648;,
        -0.027694; 4.473400;-0.741667;,
        -0.027694; 1.059972;-0.741667;,
        -0.194361; 1.059972;-0.741667;,
        -0.194361; 4.473401;-0.741667;,
        -0.027694; 4.473399;-0.404309;,
        -0.194361; 4.473400;-0.404309;,
        -0.194361; 1.059973;-0.404309;,
        -0.027694; 1.059971;-0.404309;,
        -0.027694; 4.473400;-0.741667;,
        -0.027694; 4.473399;-0.404309;,
        -0.027694; 1.059971;-0.404309;,
        -0.027694; 1.059972;-0.741667;,
        -0.027694; 1.059972;-0.741667;,
        -0.027694; 1.059971;-0.404309;,
        -0.194361; 1.059973;-0.404309;,
        -0.194361; 1.059972;-0.741667;,
        -0.194361; 1.059972;-0.741667;,
        -0.194361; 1.059973;-0.404309;,
        -0.194361; 4.473400;-0.404309;,
        -0.194361; 4.473401;-0.741667;,
        -0.027694; 4.473399;-0.404309;,
        -0.027694; 4.473400;-0.741667;,
        -0.194361; 4.473401;-0.741667;,
        -0.194361; 4.473400;-0.404309;,
        -0.041583; 8.082796;-0.713554;,
        -0.041583; 4.506824;-0.713554;,
        -0.180472; 4.506824;-0.713554;,
        -0.180472; 8.082797;-0.713554;,
        -0.041583; 8.082796;-0.432422;,
        -0.180472; 8.082796;-0.432422;,
        -0.180472; 4.506824;-0.432422;,
        -0.041583; 4.506823;-0.432422;,
        -0.041583; 8.082796;-0.713554;,
        -0.041583; 8.082796;-0.432422;,
        -0.041583; 4.506823;-0.432422;,
        -0.041583; 4.506824;-0.713554;,
        -0.041583; 4.506824;-0.713554;,
        -0.041583; 4.506823;-0.432422;,
        -0.180472; 4.506824;-0.432422;,
        -0.180472; 4.506824;-0.713554;,
        -0.180472; 4.506824;-0.713554;,
        -0.180472; 4.506824;-0.432422;,
        -0.180472; 8.082796;-0.432422;,
        -0.180472; 8.082797;-0.713554;,
        -0.041583; 8.082796;-0.432422;,
        -0.041583; 8.082796;-0.713554;,
        -0.180472; 8.082797;-0.713554;,
        -0.180472; 8.082796;-0.432422;,
         0.456005; 8.082796;-0.713554;,
         0.456005; 4.506824;-0.713554;,
         0.317116; 4.506824;-0.713554;,
         0.317116; 8.082797;-0.713554;,
         0.456005; 8.082796;-0.432422;,
         0.317116; 8.082796;-0.432422;,
         0.317116; 4.506824;-0.432422;,
         0.456005; 4.506823;-0.432422;,
         0.456005; 8.082796;-0.713554;,
         0.456005; 8.082796;-0.432422;,
         0.456005; 4.506823;-0.432422;,
         0.456005; 4.506824;-0.713554;,
         0.456005; 4.506824;-0.713554;,
         0.456005; 4.506823;-0.432422;,
         0.317116; 4.506824;-0.432422;,
         0.317116; 4.506824;-0.713554;,
         0.317116; 4.506824;-0.713554;,
         0.317116; 4.506824;-0.432422;,
         0.317116; 8.082796;-0.432422;,
         0.317116; 8.082797;-0.713554;,
         0.456005; 8.082796;-0.432422;,
         0.456005; 8.082796;-0.713554;,
         0.317116; 8.082797;-0.713554;,
         0.317116; 8.082796;-0.432422;,
         0.469894; 4.473400;-0.741667;,
         0.469894; 1.059972;-0.741667;,
         0.303227; 1.059972;-0.741667;,
         0.303227; 4.473401;-0.741667;,
         0.469894; 4.473399;-0.404309;,
         0.303227; 4.473400;-0.404309;,
         0.303227; 1.059973;-0.404309;,
         0.469894; 1.059971;-0.404309;,
         0.469894; 4.473400;-0.741667;,
         0.469894; 4.473399;-0.404309;,
         0.469894; 1.059971;-0.404309;,
         0.469894; 1.059972;-0.741667;,
         0.469894; 1.059972;-0.741667;,
         0.469894; 1.059971;-0.404309;,
         0.303227; 1.059973;-0.404309;,
         0.303227; 1.059972;-0.741667;,
         0.303227; 1.059972;-0.741667;,
         0.303227; 1.059973;-0.404309;,
         0.303227; 4.473400;-0.404309;,
         0.303227; 4.473401;-0.741667;,
         0.469894; 4.473399;-0.404309;,
         0.469894; 4.473400;-0.741667;,
         0.303227; 4.473401;-0.741667;,
         0.303227; 4.473400;-0.404309;,
         0.428227;13.609825;-0.657328;,
         0.428227; 8.106079;-0.657328;,
         0.344894; 8.106079;-0.657328;,
         0.344894;13.609826;-0.657328;,
         0.428227;13.609824;-0.488648;,
         0.344894;13.609825;-0.488648;,
         0.344894; 8.106080;-0.488648;,
         0.428227; 8.106077;-0.488648;,
         0.428227;13.609825;-0.657328;,
         0.428227;13.609824;-0.488648;,
         0.428227; 8.106077;-0.488648;,
         0.428227; 8.106079;-0.657328;,
         0.428227; 8.106079;-0.657328;,
         0.428227; 8.106077;-0.488648;,
         0.344894; 8.106080;-0.488648;,
         0.344894; 8.106079;-0.657328;,
         0.344894; 8.106079;-0.657328;,
         0.344894; 8.106080;-0.488648;,
         0.344894;13.609825;-0.488648;,
         0.344894;13.609826;-0.657328;,
         0.428227;13.609824;-0.488648;,
         0.428227;13.609825;-0.657328;,
         0.344894;13.609826;-0.657328;,
         0.344894;13.609825;-0.488648;,
         0.874004;13.609825;-0.657328;,
         0.874004; 8.106079;-0.657328;,
         0.790671; 8.106079;-0.657328;,
         0.790671;13.609826;-0.657328;,
         0.874004;13.609824;-0.488648;,
         0.790671;13.609825;-0.488648;,
         0.790671; 8.106080;-0.488648;,
         0.874004; 8.106077;-0.488648;,
         0.874004;13.609825;-0.657328;,
         0.874004;13.609824;-0.488648;,
         0.874004; 8.106077;-0.488648;,
         0.874004; 8.106079;-0.657328;,
         0.874004; 8.106079;-0.657328;,
         0.874004; 8.106077;-0.488648;,
         0.790671; 8.106080;-0.488648;,
         0.790671; 8.106079;-0.657328;,
         0.790671; 8.106079;-0.657328;,
         0.790671; 8.106080;-0.488648;,
         0.790671;13.609825;-0.488648;,
         0.790671;13.609826;-0.657328;,
         0.874004;13.609824;-0.488648;,
         0.874004;13.609825;-0.657328;,
         0.790671;13.609826;-0.657328;,
         0.790671;13.609825;-0.488648;,
         0.915671; 4.473400;-0.741667;,
         0.915671; 1.059972;-0.741667;,
         0.749004; 1.059972;-0.741667;,
         0.749004; 4.473401;-0.741667;,
         0.915671; 4.473399;-0.404309;,
         0.749004; 4.473400;-0.404309;,
         0.749004; 1.059973;-0.404309;,
         0.915671; 1.059971;-0.404309;,
         0.915671; 4.473400;-0.741667;,
         0.915671; 4.473399;-0.404309;,
         0.915671; 1.059971;-0.404309;,
         0.915671; 1.059972;-0.741667;,
         0.915671; 1.059972;-0.741667;,
         0.915671; 1.059971;-0.404309;,
         0.749004; 1.059973;-0.404309;,
         0.749004; 1.059972;-0.741667;,
         0.749004; 1.059972;-0.741667;,
         0.749004; 1.059973;-0.404309;,
         0.749004; 4.473400;-0.404309;,
         0.749004; 4.473401;-0.741667;,
         0.915671; 4.473399;-0.404309;,
         0.915671; 4.473400;-0.741667;,
         0.749004; 4.473401;-0.741667;,
         0.749004; 4.473400;-0.404309;,
         0.901782; 8.082796;-0.713554;,
         0.901782; 4.506824;-0.713554;,
         0.762893; 4.506824;-0.713554;,
         0.762893; 8.082797;-0.713554;,
         0.901782; 8.082796;-0.432422;,
         0.762893; 8.082796;-0.432422;,
         0.762893; 4.506824;-0.432422;,
         0.901782; 4.506823;-0.432422;,
         0.901782; 8.082796;-0.713554;,
         0.901782; 8.082796;-0.432422;,
         0.901782; 4.506823;-0.432422;,
         0.901782; 4.506824;-0.713554;,
         0.901782; 4.506824;-0.713554;,
         0.901782; 4.506823;-0.432422;,
         0.762893; 4.506824;-0.432422;,
         0.762893; 4.506824;-0.713554;,
         0.762893; 4.506824;-0.713554;,
         0.762893; 4.506824;-0.432422;,
         0.762893; 8.082796;-0.432422;,
         0.762893; 8.082797;-0.713554;,
         0.901782; 8.082796;-0.432422;,
         0.901782; 8.082796;-0.713554;,
         0.762893; 8.082797;-0.713554;,
         0.762893; 8.082796;-0.432422;,
         0.915671;-1.044392;-0.741667;,
         0.915671;-4.454836;-0.741667;,
         0.749004;-4.454836;-0.741667;,
         0.749004;-1.044391;-0.741667;,
         0.915671;-1.044393;-0.404309;,
         0.749004;-1.044392;-0.404309;,
         0.749004;-4.454836;-0.404309;,
         0.915671;-4.454837;-0.404309;,
         0.915671;-1.044392;-0.741667;,
         0.915671;-1.044393;-0.404309;,
         0.915671;-4.454837;-0.404309;,
         0.915671;-4.454836;-0.741667;,
         0.915671;-4.454836;-0.741667;,
         0.915671;-4.454837;-0.404309;,
         0.749004;-4.454836;-0.404309;,
         0.749004;-4.454836;-0.741667;,
         0.749004;-4.454836;-0.741667;,
         0.749004;-4.454836;-0.404309;,
         0.749004;-1.044392;-0.404309;,
         0.749004;-1.044391;-0.741667;,
         0.915671;-1.044393;-0.404309;,
         0.915671;-1.044392;-0.741667;,
         0.749004;-1.044391;-0.741667;,
         0.749004;-1.044392;-0.404309;,
         0.901782;-4.493428;-0.713554;,
         0.901782;-8.064763;-0.713554;,
         0.762893;-8.064763;-0.713554;,
         0.762893;-4.493427;-0.713554;,
         0.901782;-4.493429;-0.432422;,
         0.762893;-4.493428;-0.432422;,
         0.762893;-8.064763;-0.432422;,
         0.901782;-8.064764;-0.432422;,
         0.901782;-4.493428;-0.713554;,
         0.901782;-4.493429;-0.432422;,
         0.901782;-8.064764;-0.432422;,
         0.901782;-8.064763;-0.713554;,
         0.901782;-8.064763;-0.713554;,
         0.901782;-8.064764;-0.432422;,
         0.762893;-8.064763;-0.432422;,
         0.762893;-8.064763;-0.713554;,
         0.762893;-8.064763;-0.713554;,
         0.762893;-8.064763;-0.432422;,
         0.762893;-4.493428;-0.432422;,
         0.762893;-4.493427;-0.713554;,
         0.901782;-4.493429;-0.432422;,
         0.901782;-4.493428;-0.713554;,
         0.762893;-4.493427;-0.713554;,
         0.762893;-4.493428;-0.432422;,
         0.874004;-8.109217;-0.657328;,
         0.874004;-13.614258;-0.657328;,
         0.790671;-13.614258;-0.657328;,
         0.790671;-8.109215;-0.657328;,
         0.874004;-8.109218;-0.488648;,
         0.790671;-8.109217;-0.488648;,
         0.790671;-13.614258;-0.488648;,
         0.874004;-13.614260;-0.488648;,
         0.874004;-8.109217;-0.657328;,
         0.874004;-8.109218;-0.488648;,
         0.874004;-13.614260;-0.488648;,
         0.874004;-13.614258;-0.657328;,
         0.874004;-13.614258;-0.657328;,
         0.874004;-13.614260;-0.488648;,
         0.790671;-13.614258;-0.488648;,
         0.790671;-13.614258;-0.657328;,
         0.790671;-13.614258;-0.657328;,
         0.790671;-13.614258;-0.488648;,
         0.790671;-8.109217;-0.488648;,
         0.790671;-8.109215;-0.657328;,
         0.874004;-8.109218;-0.488648;,
         0.874004;-8.109217;-0.657328;,
         0.790671;-8.109215;-0.657328;,
         0.790671;-8.109217;-0.488648;,
         0.431455;-8.109217;-0.657328;,
         0.431455;-13.614258;-0.657328;,
         0.348122;-13.614258;-0.657328;,
         0.348122;-8.109215;-0.657328;,
         0.431455;-8.109218;-0.488648;,
         0.348122;-8.109217;-0.488648;,
         0.348122;-13.614258;-0.488648;,
         0.431455;-13.614260;-0.488648;,
         0.431455;-8.109217;-0.657328;,
         0.431455;-8.109218;-0.488648;,
         0.431455;-13.614260;-0.488648;,
         0.431455;-13.614258;-0.657328;,
         0.431455;-13.614258;-0.657328;,
         0.431455;-13.614260;-0.488648;,
         0.348122;-13.614258;-0.488648;,
         0.348122;-13.614258;-0.657328;,
         0.348122;-13.614258;-0.657328;,
         0.348122;-13.614258;-0.488648;,
         0.348122;-8.109217;-0.488648;,
         0.348122;-8.109215;-0.657328;,
         0.431455;-8.109218;-0.488648;,
         0.431455;-8.109217;-0.657328;,
         0.348122;-8.109215;-0.657328;,
         0.348122;-8.109217;-0.488648;,
         0.459233;-4.493428;-0.713554;,
         0.459233;-8.064763;-0.713554;,
         0.320344;-8.064763;-0.713554;,
         0.320344;-4.493427;-0.713554;,
         0.459233;-4.493429;-0.432422;,
         0.320344;-4.493428;-0.432422;,
         0.320344;-8.064763;-0.432422;,
         0.459233;-8.064764;-0.432422;,
         0.459233;-4.493428;-0.713554;,
         0.459233;-4.493429;-0.432422;,
         0.459233;-8.064764;-0.432422;,
         0.459233;-8.064763;-0.713554;,
         0.459233;-8.064763;-0.713554;,
         0.459233;-8.064764;-0.432422;,
         0.320344;-8.064763;-0.432422;,
         0.320344;-8.064763;-0.713554;,
         0.320344;-8.064763;-0.713554;,
         0.320344;-8.064763;-0.432422;,
         0.320344;-4.493428;-0.432422;,
         0.320344;-4.493427;-0.713554;,
         0.459233;-4.493429;-0.432422;,
         0.459233;-4.493428;-0.713554;,
         0.320344;-4.493427;-0.713554;,
         0.320344;-4.493428;-0.432422;,
         0.473122;-1.044397;-0.741667;,
         0.473122;-4.454842;-0.741667;,
         0.306455;-4.454842;-0.741667;,
         0.306455;-1.044397;-0.741667;,
         0.473122;-1.044398;-0.404309;,
         0.306455;-1.044397;-0.404309;,
         0.306455;-4.454841;-0.404309;,
         0.473122;-4.454843;-0.404309;,
         0.473122;-1.044397;-0.741667;,
         0.473122;-1.044398;-0.404309;,
         0.473122;-4.454843;-0.404309;,
         0.473122;-4.454842;-0.741667;,
         0.473122;-4.454842;-0.741667;,
         0.473122;-4.454843;-0.404309;,
         0.306455;-4.454841;-0.404309;,
         0.306455;-4.454842;-0.741667;,
         0.306455;-4.454842;-0.741667;,
         0.306455;-4.454841;-0.404309;,
         0.306455;-1.044397;-0.404309;,
         0.306455;-1.044397;-0.741667;,
         0.473122;-1.044398;-0.404309;,
         0.473122;-1.044397;-0.741667;,
         0.306455;-1.044397;-0.741667;,
         0.306455;-1.044397;-0.404309;,
        -0.063436;-1.044397;-0.741667;,
        -0.063436;-4.454842;-0.741667;,
        -0.230103;-4.454842;-0.741667;,
        -0.230103;-1.044397;-0.741667;,
        -0.063436;-1.044398;-0.404309;,
        -0.230103;-1.044397;-0.404309;,
        -0.230103;-4.454841;-0.404309;,
        -0.063436;-4.454843;-0.404309;,
        -0.063436;-1.044397;-0.741667;,
        -0.063436;-1.044398;-0.404309;,
        -0.063436;-4.454843;-0.404309;,
        -0.063436;-4.454842;-0.741667;,
        -0.063436;-4.454842;-0.741667;,
        -0.063436;-4.454843;-0.404309;,
        -0.230103;-4.454841;-0.404309;,
        -0.230103;-4.454842;-0.741667;,
        -0.230103;-4.454842;-0.741667;,
        -0.230103;-4.454841;-0.404309;,
        -0.230103;-1.044397;-0.404309;,
        -0.230103;-1.044397;-0.741667;,
        -0.063436;-1.044398;-0.404309;,
        -0.063436;-1.044397;-0.741667;,
        -0.230103;-1.044397;-0.741667;,
        -0.230103;-1.044397;-0.404309;,
        -0.077325;-4.493428;-0.713554;,
        -0.077325;-8.064763;-0.713554;,
        -0.216214;-8.064763;-0.713554;,
        -0.216214;-4.493427;-0.713554;,
        -0.077325;-4.493429;-0.432422;,
        -0.216214;-4.493428;-0.432422;,
        -0.216214;-8.064763;-0.432422;,
        -0.077325;-8.064764;-0.432422;,
        -0.077325;-4.493428;-0.713554;,
        -0.077325;-4.493429;-0.432422;,
        -0.077325;-8.064764;-0.432422;,
        -0.077325;-8.064763;-0.713554;,
        -0.077325;-8.064763;-0.713554;,
        -0.077325;-8.064764;-0.432422;,
        -0.216214;-8.064763;-0.432422;,
        -0.216214;-8.064763;-0.713554;,
        -0.216214;-8.064763;-0.713554;,
        -0.216214;-8.064763;-0.432422;,
        -0.216214;-4.493428;-0.432422;,
        -0.216214;-4.493427;-0.713554;,
        -0.077325;-4.493429;-0.432422;,
        -0.077325;-4.493428;-0.713554;,
        -0.216214;-4.493427;-0.713554;,
        -0.216214;-4.493428;-0.432422;,
        -0.105103;-8.109217;-0.657328;,
        -0.105103;-13.614258;-0.657328;,
        -0.188436;-13.614258;-0.657328;,
        -0.188436;-8.109215;-0.657328;,
        -0.105103;-8.109218;-0.488648;,
        -0.188436;-8.109217;-0.488648;,
        -0.188436;-13.614258;-0.488648;,
        -0.105103;-13.614260;-0.488648;,
        -0.105103;-8.109217;-0.657328;,
        -0.105103;-8.109218;-0.488648;,
        -0.105103;-13.614260;-0.488648;,
        -0.105103;-13.614258;-0.657328;,
        -0.105103;-13.614258;-0.657328;,
        -0.105103;-13.614260;-0.488648;,
        -0.188436;-13.614258;-0.488648;,
        -0.188436;-13.614258;-0.657328;,
        -0.188436;-13.614258;-0.657328;,
        -0.188436;-13.614258;-0.488648;,
        -0.188436;-8.109217;-0.488648;,
        -0.188436;-8.109215;-0.657328;,
        -0.105103;-8.109218;-0.488648;,
        -0.105103;-8.109217;-0.657328;,
        -0.188436;-8.109215;-0.657328;,
        -0.188436;-8.109217;-0.488648;,
        -0.576763;-8.109217;-0.657328;,
        -0.576763;-13.614258;-0.657328;,
        -0.660097;-13.614258;-0.657328;,
        -0.660097;-8.109215;-0.657328;,
        -0.576763;-8.109218;-0.488648;,
        -0.660097;-8.109217;-0.488648;,
        -0.660097;-13.614258;-0.488648;,
        -0.576763;-13.614260;-0.488648;,
        -0.576763;-8.109217;-0.657328;,
        -0.576763;-8.109218;-0.488648;,
        -0.576763;-13.614260;-0.488648;,
        -0.576763;-13.614258;-0.657328;,
        -0.576763;-13.614258;-0.657328;,
        -0.576763;-13.614260;-0.488648;,
        -0.660097;-13.614258;-0.488648;,
        -0.660097;-13.614258;-0.657328;,
        -0.660097;-13.614258;-0.657328;,
        -0.660097;-13.614258;-0.488648;,
        -0.660097;-8.109217;-0.488648;,
        -0.660097;-8.109215;-0.657328;,
        -0.576763;-8.109218;-0.488648;,
        -0.576763;-8.109217;-0.657328;,
        -0.660097;-8.109215;-0.657328;,
        -0.660097;-8.109217;-0.488648;,
        -0.548986;-4.493428;-0.713554;,
        -0.548986;-8.064763;-0.713554;,
        -0.687874;-8.064763;-0.713554;,
        -0.687874;-4.493427;-0.713554;,
        -0.548986;-4.493429;-0.432422;,
        -0.687874;-4.493428;-0.432422;,
        -0.687874;-8.064763;-0.432422;,
        -0.548986;-8.064764;-0.432422;,
        -0.548986;-4.493428;-0.713554;,
        -0.548986;-4.493429;-0.432422;,
        -0.548986;-8.064764;-0.432422;,
        -0.548986;-8.064763;-0.713554;,
        -0.548986;-8.064763;-0.713554;,
        -0.548986;-8.064764;-0.432422;,
        -0.687874;-8.064763;-0.432422;,
        -0.687874;-8.064763;-0.713554;,
        -0.687874;-8.064763;-0.713554;,
        -0.687874;-8.064763;-0.432422;,
        -0.687874;-4.493428;-0.432422;,
        -0.687874;-4.493427;-0.713554;,
        -0.548986;-4.493429;-0.432422;,
        -0.548986;-4.493428;-0.713554;,
        -0.687874;-4.493427;-0.713554;,
        -0.687874;-4.493428;-0.432422;,
        -0.535097;-1.044397;-0.741667;,
        -0.535097;-4.454842;-0.741667;,
        -0.701763;-4.454842;-0.741667;,
        -0.701763;-1.044397;-0.741667;,
        -0.535097;-1.044398;-0.404309;,
        -0.701763;-1.044397;-0.404309;,
        -0.701763;-4.454841;-0.404309;,
        -0.535097;-4.454843;-0.404309;,
        -0.535097;-1.044397;-0.741667;,
        -0.535097;-1.044398;-0.404309;,
        -0.535097;-4.454843;-0.404309;,
        -0.535097;-4.454842;-0.741667;,
        -0.535097;-4.454842;-0.741667;,
        -0.535097;-4.454843;-0.404309;,
        -0.701763;-4.454841;-0.404309;,
        -0.701763;-4.454842;-0.741667;,
        -0.701763;-4.454842;-0.741667;,
        -0.701763;-4.454841;-0.404309;,
        -0.701763;-1.044397;-0.404309;,
        -0.701763;-1.044397;-0.741667;,
        -0.535097;-1.044398;-0.404309;,
        -0.535097;-1.044397;-0.741667;,
        -0.701763;-1.044397;-0.741667;,
        -0.701763;-1.044397;-0.404309;,
        -1.124982;-0.137431;-1.995458;,
        -1.124982;-0.202449;-1.995458;,
        -1.180537;-0.202449;-1.995458;,
        -1.180537;-0.137431;-1.995458;,
        -1.124982;-0.137431;-1.152062;,
        -1.180537;-0.137431;-1.152062;,
        -1.180537;-0.202449;-1.152062;,
        -1.124982;-0.202449;-1.152062;,
        -1.124982;-0.137431;-1.995458;,
        -1.124982;-0.137431;-1.152062;,
        -1.124982;-0.202449;-1.152062;,
        -1.124982;-0.202449;-1.995458;,
        -1.124982;-0.202449;-1.995458;,
        -1.124982;-0.202449;-1.152062;,
        -1.180537;-0.202449;-1.152062;,
        -1.180537;-0.202449;-1.995458;,
        -1.180537;-0.202449;-1.995458;,
        -1.180537;-0.202449;-1.152062;,
        -1.180537;-0.137431;-1.152062;,
        -1.180537;-0.137431;-1.995458;,
        -1.124982;-0.137431;-1.152062;,
        -1.124982;-0.137431;-1.995458;,
        -1.180537;-0.137431;-1.995458;,
        -1.180537;-0.137431;-1.152062;,
        -1.147708; 0.201119;-1.975889;,
        -1.147708; 0.136101;-1.975889;,
        -1.203264; 0.136101;-1.975889;,
        -1.203264; 0.201119;-1.975889;,
        -1.147708; 0.201119;-1.132493;,
        -1.203264; 0.201119;-1.132493;,
        -1.203264; 0.136101;-1.132493;,
        -1.147708; 0.136101;-1.132493;,
        -1.147708; 0.201119;-1.975889;,
        -1.147708; 0.201119;-1.132493;,
        -1.147708; 0.136101;-1.132493;,
