xof 0303txt 0032

template XSkinMeshHeader {
  <3cf169ce-ff7c-44ab-93c0-f78f62d172e2>
  WORD nMaxSkinWeightsPerVertex;
  WORD nMaxSkinWeightsPerFace;
  WORD nBones;
}

template SkinWeights {
  <6f0d123b-bad2-4167-a0d0-80224f25fabb>
  STRING transformNodeName;
  DWORD nWeights;
  array DWORD vertexIndices[nWeights];
  array float weights[nWeights];
  Matrix4x4 matrixOffset;
}

Frame Root {
  FrameTransformMatrix {
     1.000000, 0.000000, 0.000000, 0.000000,
     0.000000,-0.000000, 1.000000, 0.000000,
     0.000000, 1.000000, 0.000000, 0.000000,
     0.000000, 0.000000, 0.000000, 1.000000;;
  }
  Frame Armature {
    FrameTransformMatrix {
       0.999958,-0.009194, 0.000000, 0.000000,
       0.009194, 0.999958, 0.000000, 0.000000,
       0.000000, 0.000000, 1.000000, 0.000000,
      -3.679072,-0.237678,10.880871, 1.000000;;
    }
    Frame Armature_Bone {
      FrameTransformMatrix {
         0.904926, 0.000000,-0.425568, 0.000000,
         0.425568, 0.000000, 0.904926, 0.000000,
         0.000000,-1.000000, 0.000000, 0.000000,
         3.233176, 0.178488,-2.462309, 1.000000;;
      }
      Frame Armature_Bone_001 {
        FrameTransformMatrix {
          -0.043526,-0.017267, 0.998903, 0.000000,
          -0.020600, 0.999654, 0.016382, 0.000000,
          -0.998840,-0.019865,-0.043866, 0.000000,
          -0.000000, 0.860187,-0.000000, 1.000000;;
        }
        Frame Armature_Bone_027 {
          FrameTransformMatrix {
             0.153556, 0.348129,-0.924785, 0.000000,
            -0.739132,-0.580675,-0.341321, 0.000000,
            -0.655824, 0.735950, 0.168147, 0.000000,
             0.000000, 1.478022,-0.000000, 1.000000;;
          }
          Frame Armature_Bone_029 {
            FrameTransformMatrix {
               0.940646, 0.254045, 0.225046, 0.000000,
              -0.308871, 0.365991, 0.877867, 0.000000,
               0.140653,-0.895272, 0.422735, 0.000000,
              -0.000000, 1.237179, 0.000000, 1.000000;;
            }
          } // End of Armature_Bone_029
        } // End of Armature_Bone_027
        Frame Armature_Bone_028 {
          FrameTransformMatrix {
            -0.138369, 0.387975,-0.911224, 0.000000,
             0.978899, 0.193273,-0.066355, 0.000000,
             0.150371,-0.901178,-0.406531, 0.000000,
             0.000000, 1.478022,-0.000000, 1.000000;;
          }
          Frame Armature_Bone_030 {
            FrameTransformMatrix {
               0.818676,-0.561598, 0.119906, 0.000000,
               0.055983, 0.285859, 0.956635, 0.000000,
              -0.571521,-0.776461, 0.265466, 0.000000,
              -0.000001, 1.199794, 0.000000, 1.000000;;
            }
          } // End of Armature_Bone_030
        } // End of Armature_Bone_028
      } // End of Armature_Bone_001
      Frame Armature_Bone_002 {
        FrameTransformMatrix {
           0.882426, 0.469697,-0.026638, 0.000000,
           0.152219,-0.231482, 0.960857, 0.000000,
           0.445145,-0.851940,-0.275763, 0.000000,
          -0.000000, 0.860187,-0.000000, 1.000000;;
        }
        Frame Armature_Bone_031 {
          FrameTransformMatrix {
             0.995473,-0.064561, 0.069754, 0.000000,
            -0.014871, 0.619061, 0.785202, 0.000000,
            -0.093875,-0.782685, 0.615298, 0.000000,
             0.000000, 2.208028,-0.000000, 1.000000;;
          }
          Frame Armature_Bone_032 {
            FrameTransformMatrix {
              -0.207944, 0.391047,-0.896572, 0.000000,
               0.105092, 0.920235, 0.376993, 0.000000,
               0.972479,-0.015829,-0.232453, 0.000000,
              -0.000000, 1.856164,-0.000000, 1.000000;;
            }
          } // End of Armature_Bone_032
        } // End of Armature_Bone_031
      } // End of Armature_Bone_002
      Frame Armature_Bone_003 {
        FrameTransformMatrix {
           0.904723, 0.425855,-0.011118, 0.000000,
           0.128447,-0.297582,-0.946016, 0.000000,
          -0.406174, 0.854455,-0.323929, 0.000000,
          -0.000000, 0.860187,-0.000000, 1.000000;;
        }
        Frame Armature_Bone_004 {
          FrameTransformMatrix {
             0.698491, 0.561957, 0.443074, 0.000000,
             0.049357, 0.579843,-0.813232, 0.000000,
            -0.713915, 0.589904, 0.377278, 0.000000,
            -0.000001, 2.547310, 0.000000, 1.000000;;
          }
          Frame Armature_Bone_005 {
            FrameTransformMatrix {
               0.582896, 0.349887, 0.733356, 0.000000,
              -0.324876, 0.927616,-0.184347, 0.000000,
              -0.744774,-0.130795, 0.654374, 0.000000,
               0.000000, 1.566128, 0.000000, 1.000000;;
            }
          } // End of Armature_Bone_005
        } // End of Armature_Bone_004
      } // End of Armature_Bone_003
    } // End of Armature_Bone
    Frame Armature_Bone_008 {
      FrameTransformMatrix {
         0.215086,-0.976595,-0.000444, 0.000000,
         0.011980, 0.003093,-0.999923, 0.000000,
         0.976522, 0.215064, 0.012365, 0.000000,
         3.264125, 0.178488,-3.250123, 1.000000;;
      }
      Frame Armature_Bone_010 {
        FrameTransformMatrix {
           0.999994,-0.003594,-0.000019, 0.000000,
           0.003594, 0.999883, 0.014857, 0.000000,
          -0.000035,-0.014857, 0.999890, 0.000000,
           0.000000, 0.621927,-0.000000, 1.000000;;
        }
        Frame Armature_Bone_009 {
          FrameTransformMatrix {
             0.999994,-0.003455,-0.000063, 0.000000,
             0.003455, 0.999814, 0.018980, 0.000000,
            -0.000003,-0.018980, 0.999820, 0.000000,
            -0.000000, 0.692523,-0.000000, 1.000000;;
          }
          Frame Armature_Bone_011 {
            FrameTransformMatrix {
               0.286776,-0.073994, 0.955136, 0.000000,
               0.662294, 0.735692,-0.141857, 0.000000,
              -0.692190, 0.673262, 0.259985, 0.000000,
               0.000000, 0.552097, 0.000000, 1.000000;;
            }
            Frame Armature_Bone_013 {
              FrameTransformMatrix {
                -0.239356,-0.700495, 0.672321, 0.000000,
                -0.146429, 0.710573, 0.688219, 0.000000,
                -0.959827, 0.066282,-0.272652, 0.000000,
                 0.000000, 1.670702, 0.000000, 1.000000;;
              }
              Frame Armature_Bone_015 {
                FrameTransformMatrix {
                  -0.156752,-0.021437,-0.987405, 0.000000,
                   0.029673, 0.999211,-0.026404, 0.000000,
                   0.987192,-0.033438,-0.155992, 0.000000,
                  -0.000000, 2.094249,-0.000000, 1.000000;;
                }
                Frame Armature_Bone_016 {
                  FrameTransformMatrix {
                     0.040306,-0.073378,-0.996489, 0.000000,
                     0.998920, 0.026037, 0.038487, 0.000000,
                     0.023122,-0.996964, 0.074348, 0.000000,
                     0.000000, 2.447970,-0.000000, 1.000000;;
                  }
                } // End of Armature_Bone_016
              } // End of Armature_Bone_015
            } // End of Armature_Bone_013
          } // End of Armature_Bone_011
          Frame Armature_Bone_012 {
            FrameTransformMatrix {
               0.094370,-0.073233, 0.992840, 0.000000,
              -0.643127, 0.756776, 0.116950, 0.000000,
              -0.759922,-0.649559, 0.024318, 0.000000,
               0.000000, 0.552097, 0.000000, 1.000000;;
            }
            Frame Armature_Bone_014 {
              FrameTransformMatrix {
                 0.051684, 0.665730, 0.744401, 0.000000,
                -0.105800, 0.744852,-0.658788, 0.000000,
                -0.993043,-0.044709, 0.108931, 0.000000,
                -0.000000, 1.696543, 0.000001, 1.000000;;
              }
              Frame Armature_Bone_017 {
                FrameTransformMatrix {
                   0.999938, 0.001636, 0.010981, 0.000000,
                  -0.002232, 0.998514, 0.054455, 0.000000,
                  -0.010875,-0.054476, 0.998456, 0.000000,
                  -0.000000, 1.998969,-0.000000, 1.000000;;
                }
                Frame Armature_Bone_018 {
                  FrameTransformMatrix {
                    -0.994376, 0.021571, 0.103685, 0.000000,
                    -0.104511,-0.041523,-0.993656, 0.000000,
                    -0.017128,-0.998905, 0.043544, 0.000000,
                    -0.000000, 2.394552,-0.000000, 1.000000;;
                  }
                } // End of Armature_Bone_018
              } // End of Armature_Bone_017
            } // End of Armature_Bone_014
          } // End of Armature_Bone_012
          Frame Armature_Bone_019 {
            FrameTransformMatrix {
               0.983889,-0.006284,-0.178671, 0.000000,
               0.178773, 0.044233, 0.982895, 0.000000,
               0.001726,-0.999001, 0.044644, 0.000000,
               0.000000, 0.552097, 0.000000, 1.000000;;
            }
            Frame Armature_Bone_020 {
              FrameTransformMatrix {
                 0.774779, 0.632041,-0.015565, 0.000000,
                 0.005924, 0.017360, 0.999832, 0.000000,
                 0.632205,-0.774740, 0.009706, 0.000000,
                -0.000000, 1.047988,-0.000000, 1.000000;;
              }
              Frame Armature_Bone_034 {
                FrameTransformMatrix {
                   0.614281, 0.073619,-0.785645, 0.000000,
                  -0.557925,-0.663556,-0.498410, 0.000000,
                  -0.558012, 0.744496,-0.366536, 0.000000,
                  -0.000000, 1.611688, 0.000000, 1.000000;;
                }
              } // End of Armature_Bone_034
              Frame Armature_Bone_035 {
                FrameTransformMatrix {
                   0.657144,-0.002036,-0.753763, 0.000000,
                   0.550151,-0.682287, 0.481475, 0.000000,
                  -0.515263,-0.731081,-0.447241, 0.000000,
                  -0.000000, 1.611688, 0.000000, 1.000000;;
                }
              } // End of Armature_Bone_035
            } // End of Armature_Bone_020
          } // End of Armature_Bone_019
        } // End of Armature_Bone_009
        Frame Armature_Bone_024 {
          FrameTransformMatrix {
             0.903862, 0.002231, 0.427819, 0.000000,
            -0.427664, 0.032133, 0.903366, 0.000000,
            -0.011732,-0.999481, 0.029998, 0.000000,
            -0.000000, 0.692523,-0.000000, 1.000000;;
          }
        } // End of Armature_Bone_024
        Frame Armature_Bone_025 {
          FrameTransformMatrix {
            -0.549145,-0.068761, 0.832894, 0.000000,
             0.828158, 0.089054, 0.553374, 0.000000,
            -0.112223, 0.993650, 0.008042, 0.000000,
            -0.000000, 0.692523,-0.000000, 1.000000;;
          }
        } // End of Armature_Bone_025
        Frame Armature_Bone_026 {
          FrameTransformMatrix {
             0.981166, 0.071852,-0.179307, 0.000000,
             0.174571, 0.067563, 0.982324, 0.000000,
             0.082696,-0.995124, 0.053748, 0.000000,
            -0.000000, 0.692523,-0.000000, 1.000000;;
          }
        } // End of Armature_Bone_026
      } // End of Armature_Bone_010
      Frame Armature_Bone_021 {
        FrameTransformMatrix {
           0.582735, 0.007257,-0.812630, 0.000000,
           0.812593,-0.018253, 0.582546, 0.000000,
          -0.010605,-0.999807,-0.016534, 0.000000,
           0.000000, 0.621927,-0.000000, 1.000000;;
        }
      } // End of Armature_Bone_021
      Frame Armature_Bone_022 {
        FrameTransformMatrix {
           0.889499, 0.025276, 0.456238, 0.000000,
          -0.456935, 0.045430, 0.888339, 0.000000,
           0.001727,-0.998648, 0.051960, 0.000000,
           0.000000, 0.621927,-0.000000, 1.000000;;
        }
      } // End of Armature_Bone_022
      Frame Armature_Bone_023 {
        FrameTransformMatrix {
           0.345365,-0.937575,-0.040951, 0.000000,
           0.207129, 0.033593, 0.977737, 0.000000,
          -0.915325,-0.346159, 0.205800, 0.000000,
           0.000000, 0.621927,-0.000000, 1.000000;;
        }
      } // End of Armature_Bone_023
    } // End of Armature_Bone_008
    Frame Armature_Bone_006 {
      FrameTransformMatrix {
        -0.980303,-0.197526,-0.000000, 0.000000,
         0.197525,-0.980292,-0.003503, 0.000000,
         0.000692,-0.003434, 0.999994, 0.000000,
         3.233176, 0.178488,-2.462309, 1.000000;;
      }
      Frame Armature_Bone_033 {
        FrameTransformMatrix {
          -0.728665, 0.178189, 0.661283, 0.000000,
           0.563587, 0.704612, 0.431150, 0.000000,
          -0.389122, 0.686855,-0.613852, 0.000000,
           0.000000, 1.124866, 0.000000, 1.000000;;
        }
      } // End of Armature_Bone_033
    } // End of Armature_Bone_006
    Frame Armature_Bone_007 {
      FrameTransformMatrix {
         0.980298, 0.197526,-0.000000, 0.000000,
        -0.197525, 0.980292, 0.003503, 0.000000,
         0.000692,-0.003434, 0.999994, 0.000000,
         3.233176, 0.178488,-2.462309, 1.000000;;
      }
      Frame Armature_Bone_036 {
        FrameTransformMatrix {
           0.992648, 0.027671,-0.117833, 0.000000,
           0.028001, 0.894609, 0.445971, 0.000000,
           0.117755,-0.445991, 0.887257, 0.000000,
           0.000000, 1.142722,-0.000000, 1.000000;;
        }
      } // End of Armature_Bone_036
    } // End of Armature_Bone_007
    Frame Cube_024 {
      FrameTransformMatrix {
         0.200000, 0.000000, 0.000000, 0.000000,
         0.000000, 1.600000, 0.000000, 0.000000,
         0.000000, 0.000000, 1.000000, 0.000000,
         4.229181, 0.200698,-4.208859, 1.000000;;
      }
      Mesh { // Cube_024 mesh
        744;
         0.698550;-0.432484; 3.001755;,
         0.733009;-0.456458; 2.909662;,
         0.234572;-0.460350; 2.904795;,
         0.200114;-0.436376; 2.996888;,
         0.891956;-1.008361; 3.388433;,
         0.393519;-1.012253; 3.383566;,
         0.427977;-1.036227; 3.291473;,
         0.926413;-1.032335; 3.296340;,
         0.698550;-0.432484; 3.001755;,
         0.891956;-1.008361; 3.388433;,
         0.926413;-1.032335; 3.296340;,
         0.733009;-0.456458; 2.909662;,
         0.733009;-0.456458; 2.909662;,
         0.926413;-1.032335; 3.296340;,
         0.427977;-1.036227; 3.291473;,
         0.234572;-0.460350; 2.904795;,
         0.234572;-0.460350; 2.904795;,
         0.427977;-1.036227; 3.291473;,
         0.393519;-1.012253; 3.383566;,
         0.200114;-0.436376; 2.996888;,
         0.891956;-1.008361; 3.388433;,
         0.698550;-0.432484; 3.001755;,
         0.200114;-0.436376; 2.996888;,
         0.393519;-1.012253; 3.383566;,
         0.645906; 1.079977; 3.480664;,
         0.662077; 1.026363; 3.429372;,
         0.164833; 1.027837; 3.419155;,
         0.148662; 1.081451; 3.470448;,
         0.147201; 0.759098; 4.332994;,
        -0.350043; 0.760573; 4.322778;,
        -0.333872; 0.706959; 4.271485;,
         0.163372; 0.705484; 4.281702;,
         0.645906; 1.079977; 3.480664;,
         0.147201; 0.759098; 4.332994;,
         0.163372; 0.705484; 4.281702;,
         0.662077; 1.026363; 3.429372;,
         0.662077; 1.026363; 3.429372;,
         0.163372; 0.705484; 4.281702;,
        -0.333872; 0.706959; 4.271485;,
         0.164833; 1.027837; 3.419155;,
         0.164833; 1.027837; 3.419155;,
        -0.333872; 0.706959; 4.271485;,
        -0.350043; 0.760573; 4.322778;,
         0.148662; 1.081451; 3.470448;,
         0.147201; 0.759098; 4.332994;,
         0.645906; 1.079977; 3.480664;,
         0.148662; 1.081451; 3.470448;,
        -0.350043; 0.760573; 4.322778;,
         1.210814; 0.580942; 2.910425;,
         1.243156; 0.516804; 3.081968;,
         0.248669; 0.504034; 3.077245;,
         0.216327; 0.568172; 2.905702;,
         0.712109; 1.113581; 3.424008;,
        -0.282379; 1.100811; 3.419285;,
        -0.250037; 1.036673; 3.590828;,
         0.744451; 1.049443; 3.595551;,
         1.210814; 0.580942; 2.910425;,
         0.712109; 1.113581; 3.424008;,
         0.744451; 1.049443; 3.595551;,
         1.243156; 0.516804; 3.081968;,
         1.243156; 0.516804; 3.081968;,
         0.744451; 1.049443; 3.595551;,
        -0.250037; 1.036673; 3.590828;,
         0.248669; 0.504034; 3.077245;,
         0.248669; 0.504034; 3.077245;,
        -0.250037; 1.036673; 3.590828;,
        -0.282379; 1.100811; 3.419285;,
         0.216327; 0.568172; 2.905702;,
         0.712109; 1.113581; 3.424008;,
         1.210814; 0.580942; 2.910425;,
         0.216327; 0.568172; 2.905702;,
        -0.282379; 1.100811; 3.419285;,
         1.211406;-0.957577; 3.140060;,
         1.237208;-1.073674; 3.214007;,
         0.242416;-1.081217; 3.197577;,
         0.216614;-0.965119; 3.123630;,
         0.718362;-0.729022; 4.065559;,
        -0.276430;-0.736564; 4.049129;,
        -0.250628;-0.852661; 4.123076;,
         0.744163;-0.845119; 4.139506;,
         1.211406;-0.957577; 3.140060;,
         0.718362;-0.729022; 4.065559;,
         0.744163;-0.845119; 4.139506;,
         1.237208;-1.073674; 3.214007;,
         1.237208;-1.073674; 3.214007;,
         0.744163;-0.845119; 4.139506;,
        -0.250628;-0.852661; 4.123076;,
         0.242416;-1.081217; 3.197577;,
         0.242416;-1.081217; 3.197577;,
        -0.250628;-0.852661; 4.123076;,
        -0.276430;-0.736564; 4.049129;,
         0.216614;-0.965119; 3.123630;,
         0.718362;-0.729022; 4.065559;,
         1.211406;-0.957577; 3.140060;,
         0.216614;-0.965119; 3.123630;,
        -0.276430;-0.736564; 4.049129;,
         1.480389; 0.662578; 2.977453;,
         1.480389; 0.438244; 2.800913;,
        -0.519611; 0.438244; 2.800913;,
        -0.519611; 0.662578; 2.977453;,
         1.480389; 0.386734; 3.874788;,
        -0.519611; 0.386735; 3.874788;,
        -0.519612; 0.162401; 3.698248;,
         1.480388; 0.162401; 3.698248;,
         1.480389; 0.662578; 2.977453;,
         1.480389; 0.386734; 3.874788;,
         1.480388; 0.162401; 3.698248;,
         1.480389; 0.438244; 2.800913;,
         1.480389; 0.438244; 2.800913;,
         1.480388; 0.162401; 3.698248;,
        -0.519612; 0.162401; 3.698248;,
        -0.519611; 0.438244; 2.800913;,
        -0.519611; 0.438244; 2.800913;,
        -0.519612; 0.162401; 3.698248;,
        -0.519611; 0.386735; 3.874788;,
        -0.519611; 0.662578; 2.977453;,
         1.480389; 0.386734; 3.874788;,
         1.480389; 0.662578; 2.977453;,
        -0.519611; 0.662578; 2.977453;,
        -0.519611; 0.386735; 3.874788;,
         1.480389;-0.242725; 3.900972;,
         1.480389;-0.341540; 3.533544;,
        -0.519611;-0.341540; 3.533544;,
        -0.519611;-0.242725; 3.900972;,
         1.480389;-0.816831; 4.296232;,
        -0.519611;-0.816831; 4.296232;,
        -0.519612;-0.915646; 3.928805;,
         1.480388;-0.915646; 3.928805;,
         1.480389;-0.242725; 3.900972;,
         1.480389;-0.816831; 4.296232;,
         1.480388;-0.915646; 3.928805;,
         1.480389;-0.341540; 3.533544;,
         1.480389;-0.341540; 3.533544;,
         1.480388;-0.915646; 3.928805;,
        -0.519612;-0.915646; 3.928805;,
        -0.519611;-0.341540; 3.533544;,
        -0.519611;-0.341540; 3.533544;,
        -0.519612;-0.915646; 3.928805;,
        -0.519611;-0.816831; 4.296232;,
        -0.519611;-0.242725; 3.900972;,
         1.480389;-0.816831; 4.296232;,
         1.480389;-0.242725; 3.900972;,
        -0.519611;-0.242725; 3.900972;,
        -0.519611;-0.816831; 4.296232;,
         1.000000; 1.000000;-1.000000;,
         1.000000;-1.000000;-1.000000;,
        -1.000000;-1.000000;-1.000000;,
        -1.000000; 1.000000;-1.000000;,
         1.000000; 0.999999; 1.000000;,
        -1.000000; 1.000000; 1.000000;,
        -1.000000;-1.000000; 1.000000;,
         0.999999;-1.000001; 1.000000;,
         1.000000; 1.000000;-1.000000;,
         1.000000; 0.999999; 1.000000;,
         0.999999;-1.000001; 1.000000;,
         1.000000;-1.000000;-1.000000;,
         1.000000;-1.000000;-1.000000;,
         0.999999;-1.000001; 1.000000;,
        -1.000000;-1.000000; 1.000000;,
        -1.000000;-1.000000;-1.000000;,
        -1.000000;-1.000000;-1.000000;,
        -1.000000;-1.000000; 1.000000;,
        -1.000000; 1.000000; 1.000000;,
        -1.000000; 1.000000;-1.000000;,
         1.000000; 0.999999; 1.000000;,
         1.000000; 1.000000;-1.000000;,
        -1.000000; 1.000000;-1.000000;,
        -1.000000; 1.000000; 1.000000;,
        -1.645830; 0.409918;-0.495988;,
        -1.164842; 0.300327;-0.495988;,
        -3.795024; 0.119957;-0.495988;,
        -4.276011; 0.229548;-0.495988;,
        -1.645829; 0.409918;-0.295988;,
        -4.276011; 0.229548;-0.295988;,
        -3.795024; 0.119957;-0.295988;,
        -1.164842; 0.300327;-0.295988;,
        -1.645830; 0.409918;-0.495988;,
        -1.645829; 0.409918;-0.295988;,
        -1.164842; 0.300327;-0.295988;,
        -1.164842; 0.300327;-0.495988;,
        -1.164842; 0.300327;-0.495988;,
        -1.164842; 0.300327;-0.295988;,
        -3.795024; 0.119957;-0.295988;,
        -3.795024; 0.119957;-0.495988;,
        -3.795024; 0.119957;-0.495988;,
        -3.795024; 0.119957;-0.295988;,
        -4.276011; 0.229548;-0.295988;,
        -4.276011; 0.229548;-0.495988;,
        -1.645829; 0.409918;-0.295988;,
        -1.645830; 0.409918;-0.495988;,
        -4.276011; 0.229548;-0.495988;,
        -4.276011; 0.229548;-0.295988;,
        -1.166911;-0.284016;-0.482084;,
        -1.653208;-0.393240;-0.482084;,
        -4.274589;-0.210879;-0.482084;,
        -3.788292;-0.101654;-0.482084;,
        -1.166911;-0.284016;-0.282084;,
        -3.788292;-0.101654;-0.282084;,
        -4.274590;-0.210879;-0.282084;,
        -1.653209;-0.393240;-0.282084;,
        -1.166911;-0.284016;-0.482084;,
        -1.166911;-0.284016;-0.282084;,
        -1.653209;-0.393240;-0.282084;,
        -1.653208;-0.393240;-0.482084;,
        -1.653208;-0.393240;-0.482084;,
        -1.653209;-0.393240;-0.282084;,
        -4.274590;-0.210879;-0.282084;,
        -4.274589;-0.210879;-0.482084;,
        -4.274589;-0.210879;-0.482084;,
        -4.274590;-0.210879;-0.282084;,
        -3.788292;-0.101654;-0.282084;,
        -3.788292;-0.101654;-0.482084;,
        -1.166911;-0.284016;-0.282084;,
        -1.166911;-0.284016;-0.482084;,
        -3.788292;-0.101654;-0.482084;,
        -3.788292;-0.101654;-0.282084;,
        -1.470911;-0.284016; 0.238357;,
        -1.957207;-0.393240; 0.238357;,
        -4.578589;-0.210879; 0.238357;,
        -4.092292;-0.101654; 0.238357;,
        -1.470910;-0.284016; 0.438356;,
        -4.092292;-0.101654; 0.438356;,
        -4.578589;-0.210879; 0.438356;,
        -1.957208;-0.393240; 0.438356;,
        -1.470911;-0.284016; 0.238357;,
        -1.470910;-0.284016; 0.438356;,
        -1.957208;-0.393240; 0.438356;,
        -1.957207;-0.393240; 0.238357;,
        -1.957207;-0.393240; 0.238357;,
        -1.957208;-0.393240; 0.438356;,
        -4.578589;-0.210879; 0.438356;,
        -4.578589;-0.210879; 0.238357;,
        -4.578589;-0.210879; 0.238357;,
        -4.578589;-0.210879; 0.438356;,
        -4.092292;-0.101654; 0.438356;,
        -4.092292;-0.101654; 0.238357;,
        -1.470910;-0.284016; 0.438356;,
        -1.470911;-0.284016; 0.238357;,
        -4.092292;-0.101654; 0.238357;,
        -4.092292;-0.101654; 0.438356;,
        -1.664101; 0.409918; 0.238357;,
        -1.183113; 0.300327; 0.238357;,
        -3.813295; 0.119957; 0.238357;,
        -4.294282; 0.229548; 0.238357;,
        -1.664100; 0.409918; 0.438356;,
        -4.294282; 0.229548; 0.438356;,
        -3.813295; 0.119957; 0.438356;,
        -1.183114; 0.300327; 0.438356;,
        -1.664101; 0.409918; 0.238357;,
        -1.664100; 0.409918; 0.438356;,
        -1.183114; 0.300327; 0.438356;,
        -1.183113; 0.300327; 0.238357;,
        -1.183113; 0.300327; 0.238357;,
        -1.183114; 0.300327; 0.438356;,
        -3.813295; 0.119957; 0.438356;,
        -3.813295; 0.119957; 0.238357;,
        -3.813295; 0.119957; 0.238357;,
        -3.813295; 0.119957; 0.438356;,
        -4.294282; 0.229548; 0.438356;,
        -4.294282; 0.229548; 0.238357;,
        -1.664100; 0.409918; 0.438356;,
        -1.664101; 0.409918; 0.238357;,
        -4.294282; 0.229548; 0.238357;,
        -4.294282; 0.229548; 0.438356;,
        -0.999171; 0.070510; 0.238357;,
        -0.999171;-0.054490; 0.238357;,
        -3.999172;-0.054490; 0.238357;,
        -3.999171; 0.070510; 0.238357;,
        -0.999171; 0.070510; 0.438356;,
        -3.999171; 0.070510; 0.438356;,
        -3.999172;-0.054490; 0.438356;,
        -0.999172;-0.054490; 0.438356;,
        -0.999171; 0.070510; 0.238357;,
        -0.999171; 0.070510; 0.438356;,
        -0.999172;-0.054490; 0.438356;,
        -0.999171;-0.054490; 0.238357;,
        -0.999171;-0.054490; 0.238357;,
        -0.999172;-0.054490; 0.438356;,
        -3.999172;-0.054490; 0.438356;,
        -3.999172;-0.054490; 0.238357;,
        -3.999172;-0.054490; 0.238357;,
        -3.999172;-0.054490; 0.438356;,
        -3.999171; 0.070510; 0.438356;,
        -3.999171; 0.070510; 0.238357;,
        -0.999171; 0.070510; 0.438356;,
        -0.999171; 0.070510; 0.238357;,
        -3.999171; 0.070510; 0.238357;,
        -3.999171; 0.070510; 0.438356;,
        -1.050277; 0.070510;-0.501248;,
        -1.050277;-0.054490;-0.501248;,
        -4.050278;-0.054490;-0.501248;,
        -4.050277; 0.070510;-0.501248;,
        -1.050277; 0.070510;-0.301248;,
        -4.050277; 0.070510;-0.301248;,
        -4.050278;-0.054490;-0.301248;,
        -1.050278;-0.054490;-0.301248;,
        -1.050277; 0.070510;-0.501248;,
        -1.050277; 0.070510;-0.301248;,
        -1.050278;-0.054490;-0.301248;,
        -1.050277;-0.054490;-0.501248;,
        -1.050277;-0.054490;-0.501248;,
        -1.050278;-0.054490;-0.301248;,
        -4.050278;-0.054490;-0.301248;,
        -4.050278;-0.054490;-0.501248;,
        -4.050278;-0.054490;-0.501248;,
        -4.050278;-0.054490;-0.301248;,
        -4.050277; 0.070510;-0.301248;,
        -4.050277; 0.070510;-0.501248;,
        -1.050277; 0.070510;-0.301248;,
        -1.050277; 0.070510;-0.501248;,
        -4.050277; 0.070510;-0.501248;,
        -4.050277; 0.070510;-0.301248;,
        -3.985137; 0.125000;-1.117775;,
        -3.985137;-0.125000;-1.117775;,
        -5.985137;-0.125000;-1.117775;,
        -5.985137; 0.125000;-1.117775;,
        -3.985137; 0.125000; 0.882225;,
        -5.985137; 0.125000; 0.882225;,
        -5.985137;-0.125000; 0.882225;,
        -3.985138;-0.125000; 0.882225;,
        -3.985137; 0.125000;-1.117775;,
        -3.985137; 0.125000; 0.882225;,
        -3.985138;-0.125000; 0.882225;,
        -3.985137;-0.125000;-1.117775;,
        -3.985137;-0.125000;-1.117775;,
        -3.985138;-0.125000; 0.882225;,
        -5.985137;-0.125000; 0.882225;,
        -5.985137;-0.125000;-1.117775;,
        -5.985137;-0.125000;-1.117775;,
        -5.985137;-0.125000; 0.882225;,
        -5.985137; 0.125000; 0.882225;,
        -5.985137; 0.125000;-1.117775;,
        -3.985137; 0.125000; 0.882225;,
        -3.985137; 0.125000;-1.117775;,
        -5.985137; 0.125000;-1.117775;,
        -5.985137; 0.125000; 0.882225;,
        -0.949919;-0.981345;-1.051512;,
        -0.949919;-0.981345;-1.051512;,
        -6.949920;-0.981345;-1.051512;,
        -6.949918;-0.981345;-1.051512;,
        -0.949918;-0.981345; 0.948488;,
        -6.949919;-0.981345; 0.948488;,
        -6.949920;-0.981345; 0.948488;,
        -0.949921;-0.981345; 0.948488;,
        -0.949919;-0.981345;-1.051512;,
        -0.949918;-0.981345; 0.948488;,
        -0.949921;-0.981345; 0.948488;,
        -0.949919;-0.981345;-1.051512;,
        -0.949919;-0.981345;-1.051512;,
        -0.949921;-0.981345; 0.948488;,
        -6.949920;-0.981345; 0.948488;,
        -6.949920;-0.981345;-1.051512;,
        -6.949920;-0.981345;-1.051512;,
        -6.949920;-0.981345; 0.948488;,
        -6.949919;-0.981345; 0.948488;,
        -6.949918;-0.981345;-1.051512;,
        -0.949918;-0.981345; 0.948488;,
        -0.949919;-0.981345;-1.051512;,
        -6.949918;-0.981345;-1.051512;,
        -6.949919;-0.981345; 0.948488;,
        -0.949919; 1.004282;-1.051512;,
        -0.949919; 1.004282;-1.051512;,
        -6.949920; 1.004282;-1.051512;,
        -6.949918; 1.004282;-1.051512;,
        -0.949918; 1.004282; 0.948488;,
        -6.949919; 1.004282; 0.948488;,
        -6.949920; 1.004282; 0.948488;,
        -0.949921; 1.004282; 0.948488;,
        -0.949919; 1.004282;-1.051512;,
        -0.949918; 1.004282; 0.948488;,
        -0.949921; 1.004282; 0.948488;,
        -0.949919; 1.004282;-1.051512;,
        -0.949919; 1.004282;-1.051512;,
        -0.949921; 1.004282; 0.948488;,
        -6.949920; 1.004282; 0.948488;,
        -6.949920; 1.004282;-1.051512;,
        -6.949920; 1.004282;-1.051512;,
        -6.949920; 1.004282; 0.948488;,
        -6.949919; 1.004282; 0.948488;,
        -6.949918; 1.004282;-1.051512;,
        -0.949918; 1.004282; 0.948488;,
        -0.949919; 1.004282;-1.051512;,
        -6.949918; 1.004282;-1.051512;,
        -6.949919; 1.004282; 0.948488;,
        -6.983720; 1.000000;-1.000000;,
        -6.983720;-1.000000;-1.000000;,
        -6.983720;-1.000000;-1.000000;,
        -6.983720; 1.000000;-1.000000;,
        -6.983720; 0.999999; 1.000000;,
        -6.983720; 1.000000; 1.000000;,
        -6.983720;-1.000000; 1.000000;,
        -6.983720;-1.000001; 1.000000;,
        -6.983720; 1.000000;-1.000000;,
        -6.983720; 0.999999; 1.000000;,
        -6.983720;-1.000001; 1.000000;,
        -6.983720;-1.000000;-1.000000;,
        -6.983720;-1.000000;-1.000000;,
        -6.983720;-1.000001; 1.000000;,
        -6.983720;-1.000000; 1.000000;,
        -6.983720;-1.000000;-1.000000;,
        -6.983720;-1.000000;-1.000000;,
        -6.983720;-1.000000; 1.000000;,
        -6.983720; 1.000000; 1.000000;,
        -6.983720; 1.000000;-1.000000;,
        -6.983720; 0.999999; 1.000000;,
        -6.983720; 1.000000;-1.000000;,
        -6.983720; 1.000000;-1.000000;,
        -6.983720; 1.000000; 1.000000;,
         0.303159;-1.317351;-1.826857;,
         0.303159;-2.004850;-1.826857;,
        -5.196841;-2.004850;-1.826857;,
        -5.196840;-1.317350;-1.826857;,
         0.303161;-1.317351; 0.173143;,
        -5.196840;-1.317351; 0.173143;,
        -5.196842;-2.004850; 0.173143;,
         0.303157;-2.004851; 0.173143;,
         0.303159;-1.317351;-1.826857;,
         0.303161;-1.317351; 0.173143;,
         0.303157;-2.004851; 0.173143;,
         0.303159;-2.004850;-1.826857;,
         0.303159;-2.004850;-1.826857;,
         0.303157;-2.004851; 0.173143;,
        -5.196842;-2.004850; 0.173143;,
        -5.196841;-2.004850;-1.826857;,
        -5.196841;-2.004850;-1.826857;,
        -5.196842;-2.004850; 0.173143;,
        -5.196840;-1.317351; 0.173143;,
        -5.196840;-1.317350;-1.826857;,
         0.303161;-1.317351; 0.173143;,
         0.303159;-1.317351;-1.826857;,
        -5.196840;-1.317350;-1.826857;,
        -5.196840;-1.317351; 0.173143;,
         1.066005;-1.264091;-0.165696;,
         1.066005;-2.083205; 0.326620;,
        -5.933996;-2.083205; 0.326620;,
        -5.933994;-1.264091;-0.165696;,
         1.066006;-0.824523; 1.706564;,
        -5.933995;-0.824523; 1.706564;,
        -5.933996;-1.643636; 2.198880;,
         1.066002;-1.643637; 2.198880;,
         1.066005;-1.264091;-0.165696;,
         1.066006;-0.824523; 1.706564;,
         1.066002;-1.643637; 2.198880;,
         1.066005;-2.083205; 0.326620;,
         1.066005;-2.083205; 0.326620;,
         1.066002;-1.643637; 2.198880;,
        -5.933996;-1.643636; 2.198880;,
        -5.933996;-2.083205; 0.326620;,
        -5.933996;-2.083205; 0.326620;,
        -5.933996;-1.643636; 2.198880;,
        -5.933995;-0.824523; 1.706564;,
        -5.933994;-1.264091;-0.165696;,
         1.066006;-0.824523; 1.706564;,
         1.066005;-1.264091;-0.165696;,
        -5.933994;-1.264091;-0.165696;,
        -5.933995;-0.824523; 1.706564;,
         0.303159; 1.921705;-1.826857;,
         0.303159; 1.234205;-1.826857;,
        -5.196841; 1.234205;-1.826857;,
        -5.196840; 1.921705;-1.826857;,
         0.303161; 1.921705; 0.173143;,
        -5.196840; 1.921705; 0.173143;,
        -5.196842; 1.234205; 0.173143;,
         0.303157; 1.234205; 0.173143;,
         0.303159; 1.921705;-1.826857;,
         0.303161; 1.921705; 0.173143;,
         0.303157; 1.234205; 0.173143;,
         0.303159; 1.234205;-1.826857;,
         0.303159; 1.234205;-1.826857;,
         0.303157; 1.234205; 0.173143;,
        -5.196842; 1.234205; 0.173143;,
        -5.196841; 1.234205;-1.826857;,
        -5.196841; 1.234205;-1.826857;,
        -5.196842; 1.234205; 0.173143;,
        -5.196840; 1.921705; 0.173143;,
        -5.196840; 1.921705;-1.826857;,
         0.303161; 1.921705; 0.173143;,
         0.303159; 1.921705;-1.826857;,
        -5.196840; 1.921705;-1.826857;,
        -5.196840; 1.921705; 0.173143;,
         1.066005; 1.988318; 0.297052;,
         1.066005; 1.160437;-0.156168;,
        -5.933996; 1.160437;-0.156168;,
        -5.933994; 1.988318; 0.297052;,
         1.066006; 1.583657; 2.189352;,
        -5.933995; 1.583657; 2.189352;,
        -5.933996; 0.755776; 1.736132;,
         1.066002; 0.755776; 1.736132;,
         1.066005; 1.988318; 0.297052;,
         1.066006; 1.583657; 2.189352;,
         1.066002; 0.755776; 1.736132;,
         1.066005; 1.160437;-0.156168;,
         1.066005; 1.160437;-0.156168;,
         1.066002; 0.755776; 1.736132;,
        -5.933996; 0.755776; 1.736132;,
        -5.933996; 1.160437;-0.156168;,
        -5.933996; 1.160437;-0.156168;,
        -5.933996; 0.755776; 1.736132;,
        -5.933995; 1.583657; 2.189352;,
        -5.933994; 1.988318; 0.297052;,
         1.066006; 1.583657; 2.189352;,
         1.066005; 1.988318; 0.297052;,
        -5.933994; 1.988318; 0.297052;,
        -5.933995; 1.583657; 2.189352;,
         1.490957; 0.375000; 2.713748;,
         1.490957;-0.375000; 2.713748;,
        -4.509044;-0.375000; 2.713748;,
        -4.509042; 0.375000; 2.713748;,
         1.490958; 0.375000; 3.913748;,
        -4.509043; 0.375000; 3.913748;,
        -4.509044;-0.375000; 3.913748;,
         1.490955;-0.375000; 3.913748;,
         1.490957; 0.375000; 2.713748;,
         1.490958; 0.375000; 3.913748;,
         1.490955;-0.375000; 3.913748;,
         1.490957;-0.375000; 2.713748;,
         1.490957;-0.375000; 2.713748;,
         1.490955;-0.375000; 3.913748;,
        -4.509044;-0.375000; 3.913748;,
        -4.509044;-0.375000; 2.713748;,
        -4.509044;-0.375000; 2.713748;,
        -4.509044;-0.375000; 3.913748;,
        -4.509043; 0.375000; 3.913748;,
        -4.509042; 0.375000; 2.713748;,
         1.490958; 0.375000; 3.913748;,
         1.490957; 0.375000; 2.713748;,
        -4.509042; 0.375000; 2.713748;,
        -4.509043; 0.375000; 3.913748;,
         0.736238; 0.287500; 2.539934;,
         0.736238;-0.287500; 2.539934;,
        -3.763762;-0.287500; 2.539934;,
        -3.763762; 0.287500; 2.539934;,
         0.736239; 0.287500; 2.939934;,
        -3.763762; 0.287500; 2.939934;,
        -3.763763;-0.287500; 2.939934;,
         0.736236;-0.287500; 2.939934;,
         0.736238; 0.287500; 2.539934;,
         0.736239; 0.287500; 2.939934;,
         0.736236;-0.287500; 2.939934;,
         0.736238;-0.287500; 2.539934;,
         0.736238;-0.287500; 2.539934;,
         0.736236;-0.287500; 2.939934;,
        -3.763763;-0.287500; 2.939934;,
        -3.763762;-0.287500; 2.539934;,
        -3.763762;-0.287500; 2.539934;,
        -3.763763;-0.287500; 2.939934;,
        -3.763762; 0.287500; 2.939934;,
        -3.763762; 0.287500; 2.539934;,
         0.736239; 0.287500; 2.939934;,
         0.736238; 0.287500; 2.539934;,
        -3.763762; 0.287500; 2.539934;,
        -3.763762; 0.287500; 2.939934;,
         2.443954; 1.625000; 0.937556;,
         2.443954;-1.625000; 0.937556;,
        -7.556046;-1.625000; 0.937556;,
        -7.556044; 1.625001; 0.937556;,
         2.443957; 1.624999; 2.537556;,
        -7.556046; 1.625000; 2.537556;,
        -7.556047;-1.624999; 2.537556;,
         2.443951;-1.625001; 2.537556;,
         2.443954; 1.625000; 0.937556;,
         2.443957; 1.624999; 2.537556;,
         2.443951;-1.625001; 2.537556;,
         2.443954;-1.625000; 0.937556;,
         2.443954;-1.625000; 0.937556;,
         2.443951;-1.625001; 2.537556;,
        -7.556047;-1.624999; 2.537556;,
        -7.556046;-1.625000; 0.937556;,
        -7.556046;-1.625000; 0.937556;,
        -7.556047;-1.624999; 2.537556;,
        -7.556046; 1.625000; 2.537556;,
        -7.556044; 1.625001; 0.937556;,
         2.443957; 1.624999; 2.537556;,
         2.443954; 1.625000; 0.937556;,
        -7.556044; 1.625001; 0.937556;,
        -7.556046; 1.625000; 2.537556;,
        -0.949919; 1.000000;-2.139141;,
        -0.949919;-1.000000;-2.139141;,
        -6.949920;-1.000000;-2.139141;,
        -6.949918; 1.000000;-2.139141;,
        -0.949918; 0.999999;-0.939141;,
        -6.949919; 1.000000;-0.939141;,
        -6.949920;-1.000000;-0.939141;,
        -0.949921;-1.000001;-0.939141;,
        -0.949919; 1.000000;-2.139141;,
        -0.949918; 0.999999;-0.939141;,
        -0.949921;-1.000001;-0.939141;,
        -0.949919;-1.000000;-2.139141;,
        -0.949919;-1.000000;-2.139141;,
        -0.949921;-1.000001;-0.939141;,
        -6.949920;-1.000000;-0.939141;,
        -6.949920;-1.000000;-2.139141;,
        -6.949920;-1.000000;-2.139141;,
        -6.949920;-1.000000;-0.939141;,
        -6.949919; 1.000000;-0.939141;,
        -6.949918; 1.000000;-2.139141;,
        -0.949918; 0.999999;-0.939141;,
        -0.949919; 1.000000;-2.139141;,
        -6.949918; 1.000000;-2.139141;,
        -6.949919; 1.000000;-0.939141;,
        -0.972608; 0.968750;-4.151800;,
        -0.972608; 0.281250;-4.151800;,
        -6.472608; 0.281250;-4.151800;,
        -6.472607; 0.968750;-4.151800;,
        -0.972606; 0.968750;-2.151800;,
        -6.472608; 0.968750;-2.151800;,
        -6.472609; 0.281250;-2.151800;,
        -0.972610; 0.281250;-2.151800;,
        -0.972608; 0.968750;-4.151800;,
        -0.972606; 0.968750;-2.151800;,
        -0.972610; 0.281250;-2.151800;,
        -0.972608; 0.281250;-4.151800;,
        -0.972608; 0.281250;-4.151800;,
        -0.972610; 0.281250;-2.151800;,
        -6.472609; 0.281250;-2.151800;,
        -6.472608; 0.281250;-4.151800;,
        -6.472608; 0.281250;-4.151800;,
        -6.472609; 0.281250;-2.151800;,
        -6.472608; 0.968750;-2.151800;,
        -6.472607; 0.968750;-4.151800;,
        -0.972606; 0.968750;-2.151800;,
        -0.972608; 0.968750;-4.151800;,
        -6.472607; 0.968750;-4.151800;,
        -6.472608; 0.968750;-2.151800;,
        -0.972608;-0.281250;-4.151800;,
        -0.972608;-0.968750;-4.151800;,
        -6.472608;-0.968750;-4.151800;,
        -6.472607;-0.281250;-4.151800;,
        -0.972606;-0.281250;-2.151800;,
        -6.472608;-0.281250;-2.151800;,
        -6.472609;-0.968750;-2.151800;,
        -0.972610;-0.968750;-2.151800;,
        -0.972608;-0.281250;-4.151800;,
        -0.972606;-0.281250;-2.151800;,
        -0.972610;-0.968750;-2.151800;,
