xof 0303txt 0032

template XSkinMeshHeader {
  <3cf169ce-ff7c-44ab-93c0-f78f62d172e2>
  WORD nMaxSkinWeightsPerVertex;
  WORD nMaxSkinWeightsPerFace;
  WORD nBones;
}

template SkinWeights {
  <6f0d123b-bad2-4167-a0d0-80224f25fabb>
  STRING transformNodeName;
  DWORD nWeights;
  array DWORD vertexIndices[nWeights];
  array float weights[nWeights];
  Matrix4x4 matrixOffset;
}

Frame Root {
  FrameTransformMatrix {
     1.000000, 0.000000, 0.000000, 0.000000,
     0.000000,-0.000000, 1.000000, 0.000000,
     0.000000, 1.000000, 0.000000, 0.000000,
     0.000000, 0.000000, 0.000000, 1.000000;;
  }
  Frame Armature {
    FrameTransformMatrix {
       0.013017, 0.000000, 0.999915, 0.000000,
       0.000000, 1.000000, 0.000000, 0.000000,
      -0.999915, 0.000000, 0.013017, 0.000000,
       0.271764, 0.002657, 3.071414, 1.000000;;
    }
    Frame Armature_Bone {
      FrameTransformMatrix {
         0.032575,-0.298796, 0.953761, 0.000000,
        -0.845427,-0.517224,-0.133162, 0.000000,
         0.533097,-0.801997,-0.269459, 0.000000,
        -1.774354,-0.000000, 0.180475, 1.000000;;
      }
      Frame Armature_Bone_005 {
        FrameTransformMatrix {
          -0.011234, 0.195167,-0.980706, 0.000000,
           0.305020, 0.934693, 0.182516, 0.000000,
           0.952280,-0.297085,-0.070031, 0.000000,
           0.000000, 0.289771,-0.000000, 1.000000;;
        }
        Frame Armature_Bone_006 {
          FrameTransformMatrix {
             0.950108, 0.310916,-0.025035, 0.000000,
            -0.283627, 0.827733,-0.484162, 0.000000,
            -0.129811, 0.467107, 0.874620, 0.000000,
             0.000000, 0.252233, 0.000000, 1.000000;;
          }
          Frame Armature_Bone_007 {
            FrameTransformMatrix {
               0.989754, 0.140073, 0.027697, 0.000000,
              -0.124974, 0.943654,-0.306428, 0.000000,
              -0.069059, 0.299827, 0.951491, 0.000000,
              -0.000000, 0.807018,-0.000000, 1.000000;;
            }
            Frame Armature_Bone_008 {
              FrameTransformMatrix {
                 0.980477, 0.194592, 0.028251, 0.000000,
                -0.180359, 0.947235,-0.264985, 0.000000,
                -0.078325, 0.254717, 0.963838, 0.000000,
                 0.000000, 0.526608, 0.000000, 1.000000;;
              }
              Frame Armature_Bone_009 {
                FrameTransformMatrix {
                   0.997065,-0.026066, 0.071991, 0.000000,
                   0.054755, 0.899972,-0.432496, 0.000000,
                  -0.053517, 0.435168, 0.898757, 0.000000,
                  -0.000000, 0.520453,-0.000000, 1.000000;;
                }
                Frame Armature_Bone_010 {
                  FrameTransformMatrix {
                     0.997287, 0.011404, 0.072721, 0.000000,
                     0.025974, 0.869860,-0.492614, 0.000000,
                    -0.068875, 0.493166, 0.867204, 0.000000,
                     0.000000, 0.495397,-0.000000, 1.000000;;
                  }
                  Frame Armature_Bone_011 {
                    FrameTransformMatrix {
                       0.997655, 0.036968, 0.057601, 0.000000,
                       0.001567, 0.829026,-0.559208, 0.000000,
                      -0.068426, 0.557986, 0.827024, 0.000000,
                      -0.000000, 0.510409, 0.000000, 1.000000;;
                    }
                    Frame Armature_Bone_012 {
                      FrameTransformMatrix {
                         0.997528, 0.062978, 0.031169, 0.000000,
                        -0.053067, 0.965923,-0.253331, 0.000000,
                        -0.046061, 0.251051, 0.966877, 0.000000,
                         0.000000, 0.520124, 0.000000, 1.000000;;
                      }
                      Frame Armature_Bone_013 {
                        FrameTransformMatrix {
                           0.998827, 0.048346,-0.002531, 0.000000,
                          -0.047721, 0.974416,-0.219629, 0.000000,
                          -0.008152, 0.219493, 0.975580, 0.000000,
                           0.000000, 0.542758,-0.000000, 1.000000;;
                        }
                        Frame Armature_Bone_014 {
                          FrameTransformMatrix {
                             0.997275, 0.062335,-0.039454, 0.000000,
                            -0.071966, 0.939640,-0.334510, 0.000000,
                             0.016221, 0.336438, 0.941566, 0.000000,
                             0.000000, 0.527936,-0.000000, 1.000000;;
                          }
                          Frame Armature_Bone_015 {
                            FrameTransformMatrix {
                               0.997456, 0.036267,-0.061370, 0.000000,
                              -0.053505, 0.949767,-0.308349, 0.000000,
                               0.047105, 0.310848, 0.949291, 0.000000,
                               0.000000, 0.515754,-0.000000, 1.000000;;
                            }
                            Frame Armature_Bone_016 {
                              FrameTransformMatrix {
                                 0.997902, 0.008269,-0.064214, 0.000000,
                                -0.028211, 0.948237,-0.316308, 0.000000,
                                 0.058275, 0.317456, 0.946481, 0.000000,
                                 0.000000, 0.526228,-0.000000, 1.000000;;
                              }
                              Frame Armature_Bone_017 {
                                FrameTransformMatrix {
                                   0.998366,-0.006906,-0.056725, 0.000000,
                                  -0.009939, 0.956555,-0.291383, 0.000000,
                                   0.056273, 0.291470, 0.954923, 0.000000,
                                   0.000000, 0.544819,-0.000000, 1.000000;;
                                }
                                Frame Armature_Bone_018 {
                                  FrameTransformMatrix {
                                     0.999745, 0.004538,-0.022134, 0.000000,
                                    -0.004493, 0.999988, 0.002104, 0.000000,
                                     0.022144,-0.002004, 0.999753, 0.000000,
                                     0.000000, 0.561832, 0.000000, 1.000000;;
                                  }
                                  Frame Armature_Bone_019 {
                                    FrameTransformMatrix {
                                       0.994923, 0.100565,-0.003719, 0.000000,
                                      -0.100633, 0.994419,-0.031675, 0.000000,
                                       0.000513, 0.031888, 0.999491, 0.000000,
                                       0.000000, 0.518057, 0.000000, 1.000000;;
                                    }
                                    Frame Armature_Bone_020 {
                                      FrameTransformMatrix {
                                         0.999134,-0.006274,-0.041140, 0.000000,
                                         0.005879, 0.999935,-0.009724, 0.000000,
                                         0.041198, 0.009474, 0.999106, 0.000000,
                                         0.000000, 0.484767, 0.000000, 1.000000;;
                                      }
                                      Frame Armature_Bone_021 {
                                        FrameTransformMatrix {
                                           0.999975, 0.003470, 0.006142, 0.000000,
                                          -0.004088, 0.994610, 0.103601, 0.000000,
                                          -0.005749,-0.103624, 0.994600, 0.000000,
                                           0.000000, 0.529057, 0.000000, 1.000000;;
                                        }
                                        Frame Armature_Bone_022 {
                                          FrameTransformMatrix {
                                             0.999646, 0.006718, 0.025753, 0.000000,
                                            -0.011258, 0.983523, 0.180431, 0.000000,
                                            -0.024116,-0.180657, 0.983250, 0.000000,
                                             0.000000, 0.505195, 0.000000, 1.000000;;
                                          }
                                        } // End of Armature_Bone_022
                                      } // End of Armature_Bone_021
                                    } // End of Armature_Bone_020
                                  } // End of Armature_Bone_019
                                } // End of Armature_Bone_018
                              } // End of Armature_Bone_017
                            } // End of Armature_Bone_016
                          } // End of Armature_Bone_015
                        } // End of Armature_Bone_014
                      } // End of Armature_Bone_013
                    } // End of Armature_Bone_012
                  } // End of Armature_Bone_011
                } // End of Armature_Bone_010
              } // End of Armature_Bone_009
            } // End of Armature_Bone_008
          } // End of Armature_Bone_007
        } // End of Armature_Bone_006
      } // End of Armature_Bone_005
    } // End of Armature_Bone
    Frame Armature_Bone_001 {
      FrameTransformMatrix {
         0.502851,-0.809683,-0.302579, 0.000000,
         0.644318, 0.117770, 0.755635, 0.000000,
        -0.576190,-0.574929, 0.580914, 0.000000,
        -1.774353,-0.000000, 0.180475, 1.000000;;
      }
      Frame Armature_Bone_002 {
        FrameTransformMatrix {
           1.000000,-0.000000,-0.000000, 0.000000,
           0.000000, 0.744649,-0.667457, 0.000000,
          -0.000000, 0.667457, 0.744649, 0.000000,
          -0.000000, 0.373901,-0.000000, 1.000000;;
        }
        Frame Armature_Bone_003 {
          FrameTransformMatrix {
             0.866748,-0.498673,-0.008517, 0.000000,
             0.470043, 0.822457,-0.320350, 0.000000,
             0.166755, 0.273659, 0.947261, 0.000000,
            -0.000000, 0.170006,-0.000000, 1.000000;;
          }
          Frame Armature_Bone_004 {
            FrameTransformMatrix {
               1.000000, 0.000000, 0.000000, 0.000000,
              -0.000000, 0.946722, 0.322052, 0.000000,
              -0.000000,-0.322052, 0.946722, 0.000000,
              -0.000000, 0.345075, 0.000000, 1.000000;;
            }
            Frame Armature_Bone_024 {
              FrameTransformMatrix {
                -1.000000,-0.000000,-0.000000, 0.000000,
                -0.000000,-1.000000, 0.000000, 0.000000,
                 0.000000,-0.000000, 1.000000, 0.000000,
                 0.000000,-0.230483, 0.371075, 1.000000;;
              }
            } // End of Armature_Bone_024
          } // End of Armature_Bone_004
        } // End of Armature_Bone_003
      } // End of Armature_Bone_002
      Frame Armature_Bone_023 {
        FrameTransformMatrix {
           0.314603, 0.774072,-0.549397, 0.000000,
          -0.838214,-0.045060,-0.543476, 0.000000,
          -0.445446, 0.631492, 0.634662, 0.000000,
          -0.000000, 0.373901,-0.000000, 1.000000;;
        }
      } // End of Armature_Bone_023
      Frame Armature_Bone_025 {
        FrameTransformMatrix {
          -0.241998, 0.892146,-0.381462, 0.000000,
           0.821031,-0.021221,-0.570490, 0.000000,
          -0.517055,-0.451249,-0.727344, 0.000000,
          -0.000000, 0.373901,-0.000000, 1.000000;;
        }
      } // End of Armature_Bone_025
      Frame Armature_Bone_030 {
        FrameTransformMatrix {
          -0.093254, 0.744366,-0.661228, 0.000000,
          -0.995633,-0.072640, 0.058644, 0.000000,
          -0.004379, 0.663809, 0.747889, 0.000000,
          -0.000000, 0.373901,-0.000000, 1.000000;;
        }
        Frame Armature_Bone_031 {
          FrameTransformMatrix {
             0.947895,-0.139923, 0.286210, 0.000000,
             0.006499, 0.906693, 0.421742, 0.000000,
            -0.318516,-0.397908, 0.860359, 0.000000,
             0.000000, 0.508560,-0.000000, 1.000000;;
          }
          Frame Armature_Bone_032 {
            FrameTransformMatrix {
               0.993319, 0.006650, 0.115206, 0.000000,
              -0.020569, 0.992554, 0.120058, 0.000000,
              -0.113550,-0.121626, 0.986060, 0.000000,
              -0.000000, 0.943680,-0.000000, 1.000000;;
            }
            Frame Armature_Bone_033 {
              FrameTransformMatrix {
                 0.959951,-0.278331,-0.032027, 0.000000,
                 0.276401, 0.922154, 0.270619, 0.000000,
                -0.045788,-0.268634, 0.962154, 0.000000,
                 0.000000, 1.046714, 0.000000, 1.000000;;
              }
              Frame Armature_Bone_034 {
                FrameTransformMatrix {
                  -0.072796,-0.994461, 0.075813, 0.000000,
                   0.165421,-0.087001,-0.982378, 0.000000,
                   0.983533,-0.058972, 0.170838, 0.000000,
                   0.000000, 0.083258, 0.000000, 1.000000;;
                }
                Frame Armature_Bone_035 {
                  FrameTransformMatrix {
                     0.006576, 0.280529, 0.959823, 0.000000,
                    -0.602706, 0.767022,-0.220050, 0.000000,
                    -0.797936,-0.577044, 0.174121, 0.000000,
                     0.000000, 0.115875, 0.000000, 1.000000;;
                  }
                } // End of Armature_Bone_035
              } // End of Armature_Bone_034
              Frame Armature_Bone_036 {
                FrameTransformMatrix {
                   0.996411,-0.081650, 0.022317, 0.000000,
                   0.076310, 0.980600, 0.180554, 0.000000,
                  -0.036626,-0.178203, 0.983312, 0.000000,
                   0.000000, 0.083258, 0.000000, 1.000000;;
                }
              } // End of Armature_Bone_036
              Frame Armature_Bone_037 {
                FrameTransformMatrix {
                   0.995331,-0.096293,-0.006598, 0.000000,
                   0.092999, 0.975084,-0.201400, 0.000000,
                   0.025828, 0.199847, 0.979487, 0.000000,
                   0.000000, 0.083258, 0.000000, 1.000000;;
                }
              } // End of Armature_Bone_037
              Frame Armature_Bone_038 {
                FrameTransformMatrix {
                   0.991197,-0.129967,-0.025230, 0.000000,
                   0.090033, 0.801424,-0.591281, 0.000000,
                   0.097067, 0.583805, 0.806071, 0.000000,
                   0.000000, 0.083258, 0.000000, 1.000000;;
                }
              } // End of Armature_Bone_038
              Frame Armature_Bone_039 {
                FrameTransformMatrix {
                   0.997175,-0.054324, 0.051868, 0.000000,
                   0.022992, 0.878193, 0.477753, 0.000000,
                  -0.071503,-0.475211, 0.876961, 0.000000,
                   0.000000, 0.083258, 0.000000, 1.000000;;
                }
              } // End of Armature_Bone_039
              Frame Armature_Bone_055 {
                FrameTransformMatrix {
                  -0.063608,-0.842591, 0.534784, 0.000000,
                  -0.035431,-0.533625,-0.844979, 0.000000,
                   0.997346,-0.072695, 0.004089, 0.000000,
                   0.000000, 0.083258, 0.000000, 1.000000;;
                }
              } // End of Armature_Bone_055
              Frame Armature_Bone_056 {
                FrameTransformMatrix {
                  -0.067651,-0.945975,-0.317104, 0.000000,
                  -0.026920,-0.315985, 0.948382, 0.000000,
                  -0.997346, 0.072695,-0.004089, 0.000000,
                   0.000000, 0.083258, 0.000000, 1.000000;;
                }
              } // End of Armature_Bone_056
            } // End of Armature_Bone_033
          } // End of Armature_Bone_032
        } // End of Armature_Bone_031
      } // End of Armature_Bone_030
      Frame Armature_Bone_040 {
        FrameTransformMatrix {
           0.239593,-0.725584, 0.645076, 0.000000,
           0.970873, 0.179061,-0.159193, 0.000000,
          -0.000000, 0.664429, 0.747352, 0.000000,
          -0.000000, 0.373901,-0.000000, 1.000000;;
        }
        Frame Armature_Bone_041 {
          FrameTransformMatrix {
             0.459432,-0.153730,-0.874808, 0.000000,
             0.815978,-0.316007, 0.484067, 0.000000,
            -0.350861,-0.936220,-0.019743, 0.000000,
            -0.000000, 0.553469,-0.000000, 1.000000;;
          }
          Frame Armature_Bone_042 {
            FrameTransformMatrix {
               0.975057,-0.168244, 0.144766, 0.000000,
               0.126919, 0.957720, 0.258193, 0.000000,
              -0.182085,-0.233379, 0.955185, 0.000000,
               0.000000, 0.989661,-0.000000, 1.000000;;
            }
            Frame Armature_Bone_043 {
              FrameTransformMatrix {
                 0.475820, 0.877528,-0.059499, 0.000000,
                -0.879210, 0.472692,-0.059587, 0.000000,
                -0.024165, 0.080665, 0.996448, 0.000000,
                 0.000000, 0.956621,-0.000000, 1.000000;;
              }
              Frame Armature_Bone_044 {
                FrameTransformMatrix {
                   0.000001,-0.947088,-0.320975, 0.000000,
                  -0.000000, 0.320975,-0.947088, 0.000000,
                   1.000000, 0.000001, 0.000000, 0.000000,
                   0.000000, 0.177679,-0.000000, 1.000000;;
                }
                Frame Armature_Bone_045 {
                  FrameTransformMatrix {
                     0.028442,-0.028800, 0.999180, 0.000000,
                    -0.630430, 0.775199, 0.040289, 0.000000,
                    -0.775724,-0.631060, 0.003892, 0.000000,
                    -0.000000, 0.096897, 0.000000, 1.000000;;
                  }
                } // End of Armature_Bone_045
              } // End of Armature_Bone_044
              Frame Armature_Bone_046 {
                FrameTransformMatrix {
                   1.000000,-0.000000,-0.000000, 0.000000,
                   0.000000, 0.997801, 0.066275, 0.000000,
                   0.000000,-0.066275, 0.997801, 0.000000,
                   0.000000, 0.177679,-0.000000, 1.000000;;
                }
              } // End of Armature_Bone_046
              Frame Armature_Bone_047 {
                FrameTransformMatrix {
                   0.996373,-0.077298, 0.035595, 0.000000,
                   0.084783, 0.937718,-0.336894, 0.000000,
                  -0.007337, 0.338690, 0.940869, 0.000000,
                   0.000000, 0.177679,-0.000000, 1.000000;;
                }
              } // End of Armature_Bone_047
              Frame Armature_Bone_048 {
                FrameTransformMatrix {
                   0.994330, 0.106021,-0.008169, 0.000000,
                  -0.054689, 0.575766, 0.815784, 0.000000,
                   0.091193,-0.810712, 0.578299, 0.000000,
                   0.000000, 0.177679,-0.000000, 1.000000;;
                }
              } // End of Armature_Bone_048
              Frame Armature_Bone_049 {
                FrameTransformMatrix {
                   0.999186, 0.039046,-0.010115, 0.000000,
                  -0.030651, 0.898034, 0.438857, 0.000000,
                   0.026219,-0.438190, 0.898500, 0.000000,
                   0.000000, 0.177679,-0.000000, 1.000000;;
                }
              } // End of Armature_Bone_049
              Frame Armature_Bone_050 {
                FrameTransformMatrix {
                   0.000001,-0.938014,-0.346598, 0.000000,
                   0.000000,-0.346598, 0.938014, 0.000000,
                  -1.000000,-0.000001,-0.000000, 0.000000,
                   0.000000, 0.177679,-0.000000, 1.000000;;
                }
              } // End of Armature_Bone_050
              Frame Armature_Bone_051 {
                FrameTransformMatrix {
                   0.000001,-0.883818, 0.467832, 0.000000,
                  -0.000000,-0.467832,-0.883818, 0.000000,
                   1.000000, 0.000001,-0.000000, 0.000000,
                   0.000000, 0.177679,-0.000000, 1.000000;;
                }
              } // End of Armature_Bone_051
            } // End of Armature_Bone_043
          } // End of Armature_Bone_042
        } // End of Armature_Bone_041
      } // End of Armature_Bone_040
    } // End of Armature_Bone_001
    Frame Armature_Bone_028 {
      FrameTransformMatrix {
         0.835691, 0.525993, 0.157961, 0.000000,
        -0.311810, 0.691186,-0.651948, 0.000000,
        -0.452101, 0.495574, 0.741628, 0.000000,
        -1.774353, 0.000000, 0.180475, 1.000000;;
      }
    } // End of Armature_Bone_028
    Frame Armature_Bone_029 {
      FrameTransformMatrix {
         0.880470, 0.462294, 0.105151, 0.000000,
         0.237294,-0.237700,-0.941908, 0.000000,
        -0.410444, 0.854273,-0.318987, 0.000000,
        -1.774353,-0.000000, 0.180475, 1.000000;;
      }
    } // End of Armature_Bone_029
    Frame Cube {
      FrameTransformMatrix {
         0.400000, 0.000000, 0.000000, 0.000000,
        -0.000000, 0.300000, 0.000000, 0.000000,
        -0.000000,-0.000000, 0.010000, 0.000000,
         1.306393,-0.002657, 3.450055, 1.000000;;
      }
      Mesh { // Cube mesh
        1008;
        -5.058528;-1.000000;-275.131104;,
        -5.058528; 1.000000;-275.131104;,
        -5.058528; 1.000000;-277.131104;,
        -5.058528;-1.000000;-277.131104;,
        -5.058528; 1.000000;-275.131104;,
         0.987896; 1.000000;-275.131104;,
         0.987896; 1.000000;-277.131104;,
        -5.058528; 1.000000;-277.131104;,
         0.987896; 1.000000;-275.131104;,
         0.987896;-1.000000;-275.131104;,
         0.987896;-1.000000;-277.131104;,
         0.987896; 1.000000;-277.131104;,
         0.987896;-1.000000;-275.131104;,
        -5.058528;-1.000000;-275.131104;,
        -5.058528;-1.000000;-277.131104;,
         0.987896;-1.000000;-277.131104;,
        -5.058528;-1.000000;-277.131104;,
        -5.058528; 1.000000;-277.131104;,
         0.987896; 1.000000;-277.131104;,
         0.987896;-1.000000;-277.131104;,
         0.987896;-1.000000;-275.131104;,
         0.987896; 1.000000;-275.131104;,
        -5.058528; 1.000000;-275.131104;,
        -5.058528;-1.000000;-275.131104;,
        -25.617249;-0.322410;-300.076508;,
        -25.617249; 0.322410;-300.076508;,
        -26.900173; 0.322410;-300.076508;,
        -26.900173;-0.322410;-300.076508;,
        -25.617249; 0.322410;-300.076508;,
        -25.617249; 0.322410;-315.017700;,
        -26.900173; 0.322410;-315.017700;,
        -26.900173; 0.322410;-300.076508;,
        -25.617249; 0.322410;-315.017700;,
        -25.617249;-0.322410;-315.017700;,
        -26.900173;-0.322410;-315.017700;,
        -26.900173; 0.322410;-315.017700;,
        -25.617249;-0.322410;-315.017700;,
        -25.617249;-0.322410;-300.076508;,
        -26.900173;-0.322410;-300.076508;,
        -26.900173;-0.322410;-315.017700;,
        -26.900173;-0.322410;-300.076508;,
        -26.900173; 0.322410;-300.076508;,
        -26.900173; 0.322410;-315.017700;,
        -26.900173;-0.322410;-315.017700;,
        -25.617249;-0.322410;-315.017700;,
        -25.617249; 0.322410;-315.017700;,
        -25.617249; 0.322410;-300.076508;,
        -25.617249;-0.322410;-300.076508;,
        -24.302912;-0.585730;-294.702362;,
        -24.302912; 0.585730;-294.702362;,
        -25.585835; 0.585730;-294.702362;,
        -25.585835;-0.585730;-294.702362;,
        -24.302912; 0.585730;-294.702362;,
        -24.302912; 0.585730;-320.391846;,
        -25.585835; 0.585730;-320.391846;,
        -25.585835; 0.585730;-294.702362;,
        -24.302912; 0.585730;-320.391846;,
        -24.302912;-0.585730;-320.391846;,
        -25.585835;-0.585730;-320.391846;,
        -25.585835; 0.585730;-320.391846;,
        -24.302912;-0.585730;-320.391846;,
        -24.302912;-0.585730;-294.702362;,
        -25.585835;-0.585730;-294.702362;,
        -25.585835;-0.585730;-320.391846;,
        -25.585835;-0.585730;-294.702362;,
        -25.585835; 0.585730;-294.702362;,
        -25.585835; 0.585730;-320.391846;,
        -25.585835;-0.585730;-320.391846;,
        -24.302912;-0.585730;-320.391846;,
        -24.302912; 0.585730;-320.391846;,
        -24.302912; 0.585730;-294.702362;,
        -24.302912;-0.585730;-294.702362;,
        -22.986851;-0.828333;-287.606628;,
        -22.986851; 0.828332;-287.606628;,
        -24.269775; 0.828332;-287.606628;,
        -24.269775;-0.828333;-287.606628;,
        -22.986851; 0.828332;-287.606628;,
        -22.986851; 0.828332;-327.487579;,
        -24.269775; 0.828332;-327.487579;,
        -24.269775; 0.828332;-287.606628;,
        -22.986851; 0.828332;-327.487579;,
        -22.986851;-0.828333;-327.487579;,
        -24.269775;-0.828333;-327.487579;,
        -24.269775; 0.828332;-327.487579;,
        -22.986851;-0.828333;-327.487579;,
        -22.986851;-0.828333;-287.606628;,
        -24.269775;-0.828333;-287.606628;,
        -24.269775;-0.828333;-327.487579;,
        -24.269775;-0.828333;-287.606628;,
        -24.269775; 0.828332;-287.606628;,
        -24.269775; 0.828332;-327.487579;,
        -24.269775;-0.828333;-327.487579;,
        -22.986851;-0.828333;-327.487579;,
        -22.986851; 0.828332;-327.487579;,
        -22.986851; 0.828332;-287.606628;,
        -22.986851;-0.828333;-287.606628;,
        -21.677885;-0.935324;-283.986725;,
        -21.677885; 0.935323;-283.986725;,
        -22.960808; 0.935323;-283.986725;,
        -22.960808;-0.935324;-283.986725;,
        -21.677885; 0.935323;-283.986725;,
        -21.677885; 0.935323;-331.107483;,
        -22.960808; 0.935323;-331.107483;,
        -22.960808; 0.935323;-283.986725;,
        -21.677885; 0.935323;-331.107483;,
        -21.677885;-0.935324;-331.107483;,
        -22.960808;-0.935324;-331.107483;,
        -22.960808; 0.935323;-331.107483;,
        -21.677885;-0.935324;-331.107483;,
        -21.677885;-0.935324;-283.986725;,
        -22.960808;-0.935324;-283.986725;,
        -22.960808;-0.935324;-331.107483;,
        -22.960808;-0.935324;-283.986725;,
        -22.960808; 0.935323;-283.986725;,
        -22.960808; 0.935323;-331.107483;,
        -22.960808;-0.935324;-331.107483;,
        -21.677885;-0.935324;-331.107483;,
        -21.677885; 0.935323;-331.107483;,
        -21.677885; 0.935323;-283.986725;,
        -21.677885;-0.935324;-283.986725;,
        -20.364441;-1.069326;-281.597931;,
        -20.364441; 1.069326;-281.597931;,
        -21.647364; 1.069326;-281.597961;,
        -21.647364;-1.069326;-281.597961;,
        -20.364441; 1.069326;-281.597931;,
        -20.364441; 1.069326;-333.496216;,
        -21.647364; 1.069326;-333.496246;,
        -21.647364; 1.069326;-281.597961;,
        -20.364441; 1.069326;-333.496216;,
        -20.364441;-1.069326;-333.496216;,
        -21.647364;-1.069326;-333.496246;,
        -21.647364; 1.069326;-333.496246;,
        -20.364441;-1.069326;-333.496216;,
        -20.364441;-1.069326;-281.597931;,
        -21.647364;-1.069326;-281.597961;,
        -21.647364;-1.069326;-333.496246;,
        -21.647364;-1.069326;-281.597961;,
        -21.647364; 1.069326;-281.597961;,
        -21.647364; 1.069326;-333.496246;,
        -21.647364;-1.069326;-333.496246;,
        -20.364441;-1.069326;-333.496216;,
        -20.364441; 1.069326;-333.496216;,
        -20.364441; 1.069326;-281.597931;,
        -20.364441;-1.069326;-281.597931;,
        -19.065580;-1.118000;-280.787262;,
        -19.065580; 1.118000;-280.787262;,
        -20.348503; 1.118000;-280.787262;,
        -20.348503;-1.118000;-280.787262;,
        -19.065580; 1.118000;-280.787262;,
        -19.065580; 1.118000;-334.306915;,
        -20.348503; 1.118000;-334.306915;,
        -20.348503; 1.118000;-280.787262;,
        -19.065580; 1.118000;-334.306915;,
        -19.065580;-1.118000;-334.306915;,
        -20.348503;-1.118000;-334.306915;,
        -20.348503; 1.118000;-334.306915;,
        -19.065580;-1.118000;-334.306915;,
        -19.065580;-1.118000;-280.787262;,
        -20.348503;-1.118000;-280.787262;,
        -20.348503;-1.118000;-334.306915;,
        -20.348503;-1.118000;-280.787262;,
        -20.348503; 1.118000;-280.787262;,
        -20.348503; 1.118000;-334.306915;,
        -20.348503;-1.118000;-334.306915;,
        -19.065580;-1.118000;-334.306915;,
        -19.065580; 1.118000;-334.306915;,
        -19.065580; 1.118000;-280.787262;,
        -19.065580;-1.118000;-280.787262;,
        -17.754292;-1.187833;-279.849182;,
        -17.754292; 1.187833;-279.849182;,
        -19.037214; 1.187833;-279.849182;,
        -19.037214;-1.187833;-279.849182;,
        -17.754292; 1.187833;-279.849182;,
        -17.754292; 1.187833;-335.244995;,
        -19.037214; 1.187833;-335.244995;,
        -19.037214; 1.187833;-279.849182;,
        -17.754292; 1.187833;-335.244995;,
        -17.754292;-1.187833;-335.244995;,
        -19.037214;-1.187833;-335.244995;,
        -19.037214; 1.187833;-335.244995;,
        -17.754292;-1.187833;-335.244995;,
        -17.754292;-1.187833;-279.849182;,
        -19.037214;-1.187833;-279.849182;,
        -19.037214;-1.187833;-335.244995;,
        -19.037214;-1.187833;-279.849182;,
        -19.037214; 1.187833;-279.849182;,
        -19.037214; 1.187833;-335.244995;,
        -19.037214;-1.187833;-335.244995;,
        -17.754292;-1.187833;-335.244995;,
        -17.754292; 1.187833;-335.244995;,
        -17.754292; 1.187833;-279.849182;,
        -17.754292;-1.187833;-279.849182;,
        -16.451035;-1.302364;-279.022430;,
        -16.451035; 1.302364;-279.022430;,
        -17.733959; 1.302364;-279.022430;,
        -17.733959;-1.302364;-279.022430;,
        -16.451035; 1.302364;-279.022430;,
        -16.451035; 1.302364;-336.071716;,
        -17.733957; 1.302364;-336.071716;,
        -17.733959; 1.302364;-279.022430;,
        -16.451035; 1.302364;-336.071716;,
        -16.451035;-1.302364;-336.071716;,
        -17.733957;-1.302364;-336.071716;,
        -17.733957; 1.302364;-336.071716;,
        -16.451035;-1.302364;-336.071716;,
        -16.451035;-1.302364;-279.022430;,
        -17.733959;-1.302364;-279.022430;,
        -17.733957;-1.302364;-336.071716;,
        -17.733959;-1.302364;-279.022430;,
        -17.733959; 1.302364;-279.022430;,
        -17.733957; 1.302364;-336.071716;,
        -17.733957;-1.302364;-336.071716;,
        -16.451035;-1.302364;-336.071716;,
        -16.451035; 1.302364;-336.071716;,
        -16.451035; 1.302364;-279.022430;,
        -16.451035;-1.302364;-279.022430;,
        -15.124946;-1.327587;-277.656708;,
        -15.124946; 1.327587;-277.656708;,
        -16.407869; 1.327587;-277.656708;,
        -16.407869;-1.327587;-277.656708;,
        -15.124946; 1.327587;-277.656708;,
        -15.124946; 1.327587;-337.437439;,
        -16.407869; 1.327587;-337.437439;,
        -16.407869; 1.327587;-277.656708;,
        -15.124946; 1.327587;-337.437439;,
        -15.124946;-1.327587;-337.437439;,
        -16.407869;-1.327587;-337.437439;,
        -16.407869; 1.327587;-337.437439;,
        -15.124946;-1.327587;-337.437439;,
        -15.124946;-1.327587;-277.656708;,
        -16.407869;-1.327587;-277.656708;,
        -16.407869;-1.327587;-337.437439;,
        -16.407869;-1.327587;-277.656708;,
        -16.407869; 1.327587;-277.656708;,
        -16.407869; 1.327587;-337.437439;,
        -16.407869;-1.327587;-337.437439;,
        -15.124946;-1.327587;-337.437439;,
        -15.124946; 1.327587;-337.437439;,
        -15.124946; 1.327587;-277.656708;,
        -15.124946;-1.327587;-277.656708;,
        -13.827756;-1.353272;-275.751526;,
        -13.827756; 1.353272;-275.751526;,
        -15.110679; 1.353272;-275.751526;,
        -15.110679;-1.353272;-275.751526;,
        -13.827756; 1.353272;-275.751526;,
        -13.827756; 1.353272;-339.342590;,
        -15.110679; 1.353272;-339.342590;,
        -15.110679; 1.353272;-275.751526;,
        -13.827756; 1.353272;-339.342590;,
        -13.827756;-1.353272;-339.342590;,
        -15.110679;-1.353272;-339.342590;,
        -15.110679; 1.353272;-339.342590;,
        -13.827756;-1.353272;-339.342590;,
        -13.827756;-1.353272;-275.751526;,
        -15.110679;-1.353272;-275.751526;,
        -15.110679;-1.353272;-339.342590;,
        -15.110679;-1.353272;-275.751526;,
        -15.110679; 1.353272;-275.751526;,
        -15.110679; 1.353272;-339.342590;,
        -15.110679;-1.353272;-339.342590;,
        -13.827756;-1.353272;-339.342590;,
        -13.827756; 1.353272;-339.342590;,
        -13.827756; 1.353272;-275.751526;,
        -13.827756;-1.353272;-275.751526;,
        -12.526808;-1.382277;-274.695740;,
        -12.526808; 1.382277;-274.695740;,
        -13.809731; 1.382277;-274.695740;,
        -13.809731;-1.382277;-274.695740;,
        -12.526808; 1.382277;-274.695740;,
        -12.526808; 1.382277;-340.398376;,
        -13.809731; 1.382277;-340.398376;,
        -13.809731; 1.382277;-274.695740;,
        -12.526808; 1.382277;-340.398376;,
        -12.526808;-1.382277;-340.398376;,
        -13.809731;-1.382277;-340.398376;,
        -13.809731; 1.382277;-340.398376;,
        -12.526808;-1.382277;-340.398376;,
        -12.526808;-1.382277;-274.695740;,
        -13.809731;-1.382277;-274.695740;,
        -13.809731;-1.382277;-340.398376;,
        -13.809731;-1.382277;-274.695740;,
        -13.809731; 1.382277;-274.695740;,
        -13.809731; 1.382277;-340.398376;,
        -13.809731;-1.382277;-340.398376;,
        -12.526808;-1.382277;-340.398376;,
        -12.526808; 1.382277;-340.398376;,
        -12.526808; 1.382277;-274.695740;,
        -12.526808;-1.382277;-274.695740;,
        -11.212237;-1.383854;-272.934113;,
        -11.212237; 1.383854;-272.934113;,
        -12.495160; 1.383854;-272.934143;,
        -12.495160;-1.383854;-272.934143;,
        -11.212237; 1.383854;-272.934113;,
        -11.212237; 1.383854;-342.159973;,
        -12.495160; 1.383854;-342.160004;,
        -12.495160; 1.383854;-272.934143;,
        -11.212237; 1.383854;-342.159973;,
        -11.212237;-1.383854;-342.159973;,
        -12.495160;-1.383854;-342.160004;,
        -12.495160; 1.383854;-342.160004;,
        -11.212237;-1.383854;-342.159973;,
        -11.212237;-1.383854;-272.934113;,
        -12.495160;-1.383854;-272.934143;,
        -12.495160;-1.383854;-342.160004;,
        -12.495160;-1.383854;-272.934143;,
        -12.495160; 1.383854;-272.934143;,
        -12.495160; 1.383854;-342.160004;,
        -12.495160;-1.383854;-342.160004;,
        -11.212237;-1.383854;-342.159973;,
        -11.212237; 1.383854;-342.159973;,
        -11.212237; 1.383854;-272.934113;,
        -11.212237;-1.383854;-272.934113;,
        -9.907414;-1.363148;-272.399017;,
        -9.907414; 1.363148;-272.399017;,
        -11.190337; 1.363148;-272.399017;,
        -11.190337;-1.363148;-272.399017;,
        -9.907414; 1.363148;-272.399017;,
        -9.907414; 1.363148;-342.695099;,
        -11.190337; 1.363148;-342.695099;,
        -11.190337; 1.363148;-272.399017;,
        -9.907414; 1.363148;-342.695099;,
        -9.907414;-1.363148;-342.695099;,
        -11.190337;-1.363148;-342.695099;,
        -11.190337; 1.363148;-342.695099;,
        -9.907414;-1.363148;-342.695099;,
        -9.907414;-1.363148;-272.399017;,
        -11.190337;-1.363148;-272.399017;,
        -11.190337;-1.363148;-342.695099;,
        -11.190337;-1.363148;-272.399017;,
        -11.190337; 1.363148;-272.399017;,
        -11.190337; 1.363148;-342.695099;,
        -11.190337;-1.363148;-342.695099;,
        -9.907414;-1.363148;-342.695099;,
        -9.907414; 1.363148;-342.695099;,
        -9.907414; 1.363148;-272.399017;,
        -9.907414;-1.363148;-272.399017;,
        -8.608948;-1.432575;-271.815552;,
        -8.608948; 1.432575;-271.815552;,
        -9.891870; 1.432575;-271.815552;,
        -9.891870;-1.432575;-271.815552;,
        -8.608948; 1.432575;-271.815552;,
        -8.608947; 1.432575;-343.278534;,
        -9.891870; 1.432575;-343.278534;,
        -9.891870; 1.432575;-271.815552;,
        -8.608947; 1.432575;-343.278534;,
        -8.608947;-1.432575;-343.278534;,
        -9.891870;-1.432575;-343.278534;,
        -9.891870; 1.432575;-343.278534;,
        -8.608947;-1.432575;-343.278534;,
        -8.608948;-1.432575;-271.815552;,
        -9.891870;-1.432575;-271.815552;,
        -9.891870;-1.432575;-343.278534;,
        -9.891870;-1.432575;-271.815552;,
        -9.891870; 1.432575;-271.815552;,
        -9.891870; 1.432575;-343.278534;,
        -9.891870;-1.432575;-343.278534;,
        -8.608947;-1.432575;-343.278534;,
        -8.608947; 1.432575;-343.278534;,
        -8.608948; 1.432575;-271.815552;,
        -8.608948;-1.432575;-271.815552;,
        -7.309021;-1.507079;-270.658630;,
        -7.309021; 1.507079;-270.658630;,
        -8.591943; 1.507079;-270.658630;,
        -8.591943;-1.507079;-270.658630;,
        -7.309021; 1.507079;-270.658630;,
        -7.309020; 1.507079;-344.435486;,
        -8.591942; 1.507079;-344.435486;,
        -8.591943; 1.507079;-270.658630;,
        -7.309020; 1.507079;-344.435486;,
        -7.309020;-1.507079;-344.435486;,
        -8.591942;-1.507079;-344.435486;,
        -8.591942; 1.507079;-344.435486;,
        -7.309020;-1.507079;-344.435486;,
        -7.309021;-1.507079;-270.658630;,
        -8.591943;-1.507079;-270.658630;,
        -8.591942;-1.507079;-344.435486;,
        -8.591943;-1.507079;-270.658630;,
        -8.591943; 1.507079;-270.658630;,
        -8.591942; 1.507079;-344.435486;,
        -8.591942;-1.507079;-344.435486;,
        -7.309020;-1.507079;-344.435486;,
        -7.309020; 1.507079;-344.435486;,
        -7.309021; 1.507079;-270.658630;,
        -7.309021;-1.507079;-270.658630;,
        -6.011722;-1.556969;-269.590179;,
        -6.011722; 1.556969;-269.590179;,
        -7.294644; 1.556969;-269.590179;,
        -7.294644;-1.556969;-269.590179;,
        -6.011722; 1.556969;-269.590179;,
        -6.011722; 1.556969;-345.503906;,
        -7.294644; 1.556969;-345.503906;,
        -7.294644; 1.556969;-269.590179;,
        -6.011722; 1.556969;-345.503906;,
        -6.011722;-1.556969;-345.503906;,
        -7.294644;-1.556969;-345.503906;,
        -7.294644; 1.556969;-345.503906;,
        -6.011722;-1.556969;-345.503906;,
        -6.011722;-1.556969;-269.590179;,
        -7.294644;-1.556969;-269.590179;,
        -7.294644;-1.556969;-345.503906;,
        -7.294644;-1.556969;-269.590179;,
        -7.294644; 1.556969;-269.590179;,
        -7.294644; 1.556969;-345.503906;,
        -7.294644;-1.556969;-345.503906;,
        -6.011722;-1.556969;-345.503906;,
        -6.011722; 1.556969;-345.503906;,
        -6.011722; 1.556969;-269.590179;,
        -6.011722;-1.556969;-269.590179;,
        -6.532255; 3.228912;-329.973877;,
        -6.532255; 3.362245;-329.973877;,
        -7.082320; 3.362245;-339.559631;,
        -7.082320; 3.228912;-339.559631;,
        -6.532255; 3.362245;-329.973877;,
        -6.492314; 3.362245;-333.640991;,
        -7.042380; 3.362245;-343.226715;,
        -7.082320; 3.362245;-339.559631;,
        -6.492314; 3.362245;-333.640991;,
        -6.492314; 3.228912;-333.640991;,
        -7.042380; 3.228912;-343.226715;,
        -7.042380; 3.362245;-343.226715;,
