xof 0303txt 0032

template XSkinMeshHeader {
  <3cf169ce-ff7c-44ab-93c0-f78f62d172e2>
  WORD nMaxSkinWeightsPerVertex;
  WORD nMaxSkinWeightsPerFace;
  WORD nBones;
}

template SkinWeights {
  <6f0d123b-bad2-4167-a0d0-80224f25fabb>
  STRING transformNodeName;
  DWORD nWeights;
  array DWORD vertexIndices[nWeights];
  array float weights[nWeights];
  Matrix4x4 matrixOffset;
}

Frame Root {
  FrameTransformMatrix {
     1.000000, 0.000000, 0.000000, 0.000000,
     0.000000,-0.000000, 1.000000, 0.000000,
     0.000000, 1.000000, 0.000000, 0.000000,
     0.000000, 0.000000, 0.000000, 1.000000;;
  }
  Frame Armature {
    FrameTransformMatrix {
       1.000000, 0.000000, 0.000000, 0.000000,
       0.000000, 1.000000, 0.000000, 0.000000,
       0.000000, 0.000000, 1.000000, 0.000000,
       1.806201, 0.000000, 6.997304, 1.000000;;
    }
    Frame Armature_Bone {
      FrameTransformMatrix {
         0.432044,-0.000000,-0.901852, 0.000000,
        -0.901852, 0.000000,-0.432044, 0.000000,
         0.000000, 1.000000,-0.000000, 0.000000,
         0.000000, 0.000000, 0.000000, 1.000000;;
      }
      Frame Armature_Bone_007 {
        FrameTransformMatrix {
          -0.379778, 0.823500, 0.421446, 0.000000,
          -0.264802, 0.339741,-0.902472, 0.000000,
          -0.886368,-0.454338, 0.089038, 0.000000,
           0.000000, 0.936275, 0.000000, 1.000000;;
        }
        Frame Armature_Bone_029 {
          FrameTransformMatrix {
             0.977968,-0.207532,-0.022543, 0.000000,
             0.208715, 0.970006, 0.124608, 0.000000,
            -0.003993,-0.126567, 0.991950, 0.000000,
             0.000000, 1.267175,-0.000000, 1.000000;;
          }
        } // End of Armature_Bone_029
      } // End of Armature_Bone_007
      Frame Armature_Bone_008 {
        FrameTransformMatrix {
           0.416888,-0.816794, 0.398813, 0.000000,
          -0.263505, 0.311316, 0.913043, 0.000000,
          -0.869925,-0.485726,-0.085446, 0.000000,
           0.000000, 0.936275, 0.000000, 1.000000;;
        }
        Frame Armature_Bone_024 {
          FrameTransformMatrix {
             0.703429, 0.452987, 0.547714, 0.000000,
            -0.495888, 0.864840,-0.078398, 0.000000,
            -0.509199,-0.216457, 0.832985, 0.000000,
             0.000000, 1.252751, 0.000000, 1.000000;;
          }
        } // End of Armature_Bone_024
      } // End of Armature_Bone_008
      Frame Armature_Bone_009 {
        FrameTransformMatrix {
          -0.016320, 0.034101, 0.999285, 0.000000,
          -0.430007, 0.902034,-0.037805, 0.000000,
          -0.902678,-0.430316,-0.000057, 0.000000,
           0.000000, 0.936275, 0.000000, 1.000000;;
        }
        Frame Armature_Bone_010 {
          FrameTransformMatrix {
             0.628292,-0.700459, 0.338536, 0.000000,
             0.395189, 0.662179, 0.636667, 0.000000,
            -0.670131,-0.266227, 0.692855, 0.000000,
            -0.000000, 1.910989,-0.000000, 1.000000;;
          }
        } // End of Armature_Bone_010
        Frame Armature_Bone_011 {
          FrameTransformMatrix {
             0.887790,-0.380991, 0.258216, 0.000000,
             0.084296, 0.686144, 0.722565, 0.000000,
            -0.452464,-0.619719, 0.641268, 0.000000,
            -0.000000, 1.910989,-0.000000, 1.000000;;
          }
        } // End of Armature_Bone_011
        Frame Armature_Bone_012 {
          FrameTransformMatrix {
             0.895107,-0.205942, 0.395438, 0.000000,
            -0.193600, 0.619416, 0.760817, 0.000000,
            -0.401625,-0.757570, 0.514573, 0.000000,
            -0.000000, 1.910989,-0.000000, 1.000000;;
          }
        } // End of Armature_Bone_012
        Frame Armature_Bone_013 {
          FrameTransformMatrix {
            -0.996949, 0.078062, 0.000134, 0.000000,
            -0.057701,-0.735757,-0.674782, 0.000000,
            -0.052575,-0.672730, 0.738017, 0.000000,
            -0.000000, 1.910989,-0.000000, 1.000000;;
          }
          Frame Armature_Bone_014 {
            FrameTransformMatrix {
              -0.009513, 0.582164, 0.813016, 0.000000,
              -0.991732, 0.098558,-0.082177, 0.000000,
              -0.127970,-0.807076, 0.576413, 0.000000,
               0.000000, 1.174050, 0.000000, 1.000000;;
            }
            Frame Armature_Bone_016 {
              FrameTransformMatrix {
                 0.978110, 0.078191,-0.192842, 0.000000,
                -0.200223, 0.101218,-0.974508, 0.000000,
                -0.056679, 0.991787, 0.114658, 0.000000,
                 0.000000, 0.884094,-0.000000, 1.000000;;
              }
              Frame Armature_Bone_019 {
                FrameTransformMatrix {
                   0.999479, 0.003212,-0.032105, 0.000000,
                  -0.002286, 0.999582, 0.028813, 0.000000,
                   0.032184,-0.028724, 0.999069, 0.000000,
                   0.000000, 2.985676, 0.000000, 1.000000;;
                }
                Frame Armature_Bone_020 {
                  FrameTransformMatrix {
                    -0.004363, 0.001239, 0.999990, 0.000000,
                    -0.999128,-0.041533,-0.004308, 0.000000,
                     0.041527,-0.999136, 0.001419, 0.000000,
                     0.000000, 2.771296,-0.000000, 1.000000;;
                  }
                } // End of Armature_Bone_020
                Frame Armature_Bone_021 {
                  FrameTransformMatrix {
                     0.550207,-0.164547,-0.818656, 0.000000,
                     0.830729, 0.008498, 0.556613, 0.000000,
                    -0.084632,-0.986333, 0.141370, 0.000000,
                     0.000000, 2.771296,-0.000000, 1.000000;;
                  }
                } // End of Armature_Bone_021
                Frame Armature_Bone_022 {
                  FrameTransformMatrix {
                     0.012080,-0.656518,-0.754214, 0.000000,
                     0.998952,-0.025386, 0.038098, 0.000000,
                    -0.044158,-0.753883, 0.655523, 0.000000,
                     0.000000, 2.771296,-0.000000, 1.000000;;
                  }
                } // End of Armature_Bone_022
                Frame Armature_Bone_023 {
                  FrameTransformMatrix {
                    -0.395817, 0.667103,-0.631112, 0.000000,
                     0.853236, 0.013021,-0.521363, 0.000000,
                    -0.339585,-0.744851,-0.574350, 0.000000,
                     0.000000, 2.771296,-0.000000, 1.000000;;
                  }
                } // End of Armature_Bone_023
              } // End of Armature_Bone_019
            } // End of Armature_Bone_016
          } // End of Armature_Bone_014
          Frame Armature_Bone_015 {
            FrameTransformMatrix {
              -0.156229, 0.743433, 0.650308, 0.000000,
               0.971898, 0.233083,-0.032974, 0.000000,
              -0.176090, 0.626881,-0.758955, 0.000000,
               0.000000, 1.174050, 0.000000, 1.000000;;
            }
            Frame Armature_Bone_017 {
              FrameTransformMatrix {
                 0.283715,-0.945307, 0.160936, 0.000000,
                 0.023736, 0.174704, 0.984335, 0.000000,
                -0.958615,-0.275450, 0.072004, 0.000000,
                -0.000000, 0.654705, 0.000000, 1.000000;;
              }
              Frame Armature_Bone_018 {
                FrameTransformMatrix {
                  -0.076009, 0.013070,-0.997021, 0.000000,
                   0.003183, 0.999912, 0.012866, 0.000000,
                   0.997102,-0.002195,-0.076044, 0.000000,
                   0.000000, 2.908473,-0.000000, 1.000000;;
                }
                Frame Armature_Bone_025 {
                  FrameTransformMatrix {
                     0.676239,-0.320980,-0.663078, 0.000000,
                     0.706816, 0.029008, 0.706802, 0.000000,
                    -0.207635,-0.946642, 0.246491, 0.000000,
                    -0.000000, 2.805774,-0.000000, 1.000000;;
                  }
                } // End of Armature_Bone_025
                Frame Armature_Bone_026 {
                  FrameTransformMatrix {
                    -0.092901,-0.923826, 0.371370, 0.000000,
                     0.971452,-0.002328, 0.237224, 0.000000,
                    -0.218289, 0.382806, 0.897669, 0.000000,
                    -0.000000, 2.805774,-0.000000, 1.000000;;
                  }
                } // End of Armature_Bone_026
                Frame Armature_Bone_027 {
                  FrameTransformMatrix {
                    -0.296267, 0.439664,-0.847892, 0.000000,
                     0.946891, 0.019028,-0.320992, 0.000000,
                    -0.124995,-0.897961,-0.421951, 0.000000,
                    -0.000000, 2.805774,-0.000000, 1.000000;;
                  }
                } // End of Armature_Bone_027
                Frame Armature_Bone_028 {
                  FrameTransformMatrix {
                    -0.197509, 0.017812, 0.980139, 0.000000,
                    -0.975250, 0.097800,-0.198301, 0.000000,
                    -0.099390,-0.995047,-0.001945, 0.000000,
                    -0.000000, 2.805774,-0.000000, 1.000000;;
                  }
                } // End of Armature_Bone_028
              } // End of Armature_Bone_018
            } // End of Armature_Bone_017
          } // End of Armature_Bone_015
        } // End of Armature_Bone_013
      } // End of Armature_Bone_009
    } // End of Armature_Bone
    Frame Armature_Bone_001 {
      FrameTransformMatrix {
         0.390529,-0.864451,-0.316561, 0.000000,
         0.656687, 0.020598, 0.753882, 0.000000,
        -0.645174,-0.502294, 0.575718, 0.000000,
         0.000000, 0.000000, 0.000000, 1.000000;;
      }
      Frame Armature_Bone_002 {
        FrameTransformMatrix {
           0.852207,-0.040509, 0.521635, 0.000000,
           0.516705,-0.091501,-0.851260, 0.000000,
           0.082214, 0.994981,-0.057047, 0.000000,
          -0.000000, 1.543108,-0.000000, 1.000000;;
        }
        Frame Armature_Bone_003 {
          FrameTransformMatrix {
             0.872806, 0.487086, 0.030932, 0.000000,
            -0.039353, 0.007061, 0.999200, 0.000000,
             0.486478,-0.873325, 0.025331, 0.000000,
            -0.000000, 0.554485,-0.000000, 1.000000;;
          }
          Frame Armature_Bone_005 {
            FrameTransformMatrix {
               0.858029,-0.023772, 0.513050, 0.000000,
               0.390638, 0.678745,-0.621857, 0.000000,
              -0.333448, 0.733989, 0.591670, 0.000000,
               0.000000, 0.927850,-0.000000, 1.000000;;
            }
          } // End of Armature_Bone_005
        } // End of Armature_Bone_003
        Frame Armature_Bone_004 {
          FrameTransformMatrix {
             0.971305, 0.231037,-0.056464, 0.000000,
            -0.031260, 0.359362, 0.932674, 0.000000,
             0.235773,-0.904146, 0.356272, 0.000000,
            -0.000000, 0.554485,-0.000000, 1.000000;;
          }
          Frame Armature_Bone_006 {
            FrameTransformMatrix {
               0.957992,-0.012548, 0.286520, 0.000000,
               0.106130, 0.943631,-0.313523, 0.000000,
              -0.266435, 0.330761, 0.905323, 0.000000,
               0.000000, 0.714831, 0.000000, 1.000000;;
            }
          } // End of Armature_Bone_006
        } // End of Armature_Bone_004
      } // End of Armature_Bone_002
    } // End of Armature_Bone_001
    Frame Cube {
      FrameTransformMatrix {
         1.000000, 0.000000, 0.000000, 0.000000,
         0.000000, 1.000000, 0.000000, 0.000000,
         0.000000, 0.000000, 1.000000, 0.000000,
        -1.806200, 0.000000,-0.497303, 1.000000;;
      }
      Mesh { // Cube mesh
        624;
        -0.135582;-1.450418; 0.627153;,
         0.297917;-0.778050; 0.627153;,
         0.297917;-0.778050;-0.172847;,
        -0.135582;-1.450418;-0.172847;,
         0.297917;-0.778050; 0.627153;,
         0.634101;-0.994799; 0.627153;,
         0.634101;-0.994799;-0.172847;,
         0.297917;-0.778050;-0.172847;,
         0.634101;-0.994799; 0.627153;,
         0.200602;-1.667167; 0.627153;,
         0.200602;-1.667167;-0.172847;,
         0.634101;-0.994799;-0.172847;,
         0.200602;-1.667167; 0.627153;,
        -0.135582;-1.450418; 0.627153;,
        -0.135582;-1.450418;-0.172847;,
         0.200602;-1.667167;-0.172847;,
        -0.135582;-1.450418;-0.172847;,
         0.297917;-0.778050;-0.172847;,
         0.634101;-0.994799;-0.172847;,
         0.200602;-1.667167;-0.172847;,
         0.200602;-1.667167; 0.627153;,
         0.634101;-0.994799; 0.627153;,
         0.297917;-0.778050; 0.627153;,
        -0.135582;-1.450418; 0.627153;,
         0.389925; 0.734264; 0.613393;,
        -0.147789; 1.326602; 0.613393;,
        -0.147789; 1.326602;-0.186607;,
         0.389925; 0.734264;-0.186607;,
        -0.147789; 1.326602; 0.613393;,
         0.148380; 1.595459; 0.613393;,
         0.148380; 1.595459;-0.186607;,
        -0.147789; 1.326602;-0.186607;,
         0.148380; 1.595459; 0.613393;,
         0.686094; 1.003121; 0.613393;,
         0.686094; 1.003121;-0.186607;,
         0.148380; 1.595459;-0.186607;,
         0.686094; 1.003121; 0.613393;,
         0.389925; 0.734264; 0.613393;,
         0.389925; 0.734264;-0.186607;,
         0.686094; 1.003121;-0.186607;,
         0.389925; 0.734264;-0.186607;,
        -0.147789; 1.326602;-0.186607;,
         0.148380; 1.595459;-0.186607;,
         0.686094; 1.003121;-0.186607;,
         0.686094; 1.003121; 0.613393;,
         0.148380; 1.595459; 0.613393;,
        -0.147789; 1.326602; 0.613393;,
         0.389925; 0.734264; 0.613393;,
        -0.695705;-0.760084;-6.472013;,
        -0.695705;-0.560084;-6.472013;,
        -0.695705;-0.560084;-6.672013;,
        -0.695705;-0.760084;-6.672013;,
        -0.695705;-0.560084;-6.472013;,
        -0.295705;-0.560084;-6.472013;,
        -0.295705;-0.560084;-6.672013;,
        -0.695705;-0.560084;-6.672013;,
        -0.295705;-0.560084;-6.472013;,
        -0.295705;-0.760084;-6.472013;,
        -0.295705;-0.760084;-6.672013;,
        -0.295705;-0.560084;-6.672013;,
        -0.295705;-0.760084;-6.472013;,
        -0.695705;-0.760084;-6.472013;,
        -0.695705;-0.760084;-6.672013;,
        -0.295705;-0.760084;-6.672013;,
        -0.695705;-0.760084;-6.672013;,
        -0.695705;-0.560084;-6.672013;,
        -0.295705;-0.560084;-6.672013;,
        -0.295705;-0.760084;-6.672013;,
        -0.295705;-0.760084;-6.472013;,
        -0.295705;-0.560084;-6.472013;,
        -0.695705;-0.560084;-6.472013;,
        -0.695705;-0.760084;-6.472013;,
        -0.684051; 0.592416;-6.464295;,
        -0.684051; 0.792416;-6.464295;,
        -0.684051; 0.792416;-6.664295;,
        -0.684051; 0.592416;-6.664295;,
        -0.684051; 0.792416;-6.464295;,
        -0.284051; 0.792416;-6.464295;,
        -0.284051; 0.792416;-6.664295;,
        -0.684051; 0.792416;-6.664295;,
        -0.284051; 0.792416;-6.464295;,
        -0.284051; 0.592416;-6.464295;,
        -0.284051; 0.592416;-6.664295;,
        -0.284051; 0.792416;-6.664295;,
        -0.284051; 0.592416;-6.464295;,
        -0.684051; 0.592416;-6.464295;,
        -0.684051; 0.592416;-6.664295;,
        -0.284051; 0.592416;-6.664295;,
        -0.684051; 0.592416;-6.664295;,
        -0.684051; 0.792416;-6.664295;,
        -0.284051; 0.792416;-6.664295;,
        -0.284051; 0.592416;-6.664295;,
        -0.284051; 0.592416;-6.464295;,
        -0.284051; 0.792416;-6.464295;,
        -0.684051; 0.792416;-6.464295;,
        -0.684051; 0.592416;-6.464295;,
         0.202029; 0.433732;-6.452311;,
         0.302029; 0.606937;-6.452311;,
         0.302029; 0.606937;-6.652311;,
         0.202029; 0.433732;-6.652311;,
         0.302029; 0.606937;-6.452311;,
         0.994850; 0.206937;-6.452311;,
         0.994850; 0.206937;-6.652311;,
         0.302029; 0.606937;-6.652311;,
         0.994850; 0.206937;-6.452311;,
         0.894850; 0.033732;-6.452311;,
         0.894850; 0.033732;-6.652311;,
         0.994850; 0.206937;-6.652311;,
         0.894850; 0.033732;-6.452311;,
         0.202029; 0.433732;-6.452311;,
         0.202029; 0.433732;-6.652311;,
         0.894850; 0.033732;-6.652311;,
         0.202029; 0.433732;-6.652311;,
         0.302029; 0.606937;-6.652311;,
         0.994850; 0.206937;-6.652311;,
         0.894850; 0.033732;-6.652311;,
         0.894850; 0.033732;-6.452311;,
         0.994850; 0.206937;-6.452311;,
         0.302029; 0.606937;-6.452311;,
         0.202029; 0.433732;-6.452311;,
         0.304972; 0.825668;-6.452311;,
         0.204972; 0.998873;-6.452311;,
         0.204972; 0.998873;-6.652311;,
         0.304972; 0.825668;-6.652311;,
         0.204972; 0.998873;-6.452311;,
         0.897792; 1.398873;-6.452311;,
         0.897792; 1.398873;-6.652311;,
         0.204972; 0.998873;-6.652311;,
         0.897792; 1.398873;-6.452311;,
         0.997792; 1.225668;-6.452311;,
         0.997792; 1.225668;-6.652311;,
         0.897792; 1.398873;-6.652311;,
         0.997792; 1.225668;-6.452311;,
         0.304972; 0.825668;-6.452311;,
         0.304972; 0.825668;-6.652311;,
         0.997792; 1.225668;-6.652311;,
         0.304972; 0.825668;-6.652311;,
         0.204972; 0.998873;-6.652311;,
         0.897792; 1.398873;-6.652311;,
         0.997792; 1.225668;-6.652311;,
         0.997792; 1.225668;-6.452311;,
         0.897792; 1.398873;-6.452311;,
         0.204972; 0.998873;-6.452311;,
         0.304972; 0.825668;-6.452311;,
         0.287355; 0.620746;-6.452311;,
         0.287355; 0.820747;-6.452311;,
         0.287355; 0.820747;-6.652311;,
         0.287355; 0.620746;-6.652311;,
         0.287355; 0.820747;-6.452311;,
         1.087355; 0.820747;-6.452311;,
         1.087355; 0.820747;-6.652311;,
         0.287355; 0.820747;-6.652311;,
         1.087355; 0.820747;-6.452311;,
         1.087355; 0.620746;-6.452311;,
         1.087355; 0.620746;-6.652311;,
         1.087355; 0.820747;-6.652311;,
         1.087355; 0.620746;-6.452311;,
         0.287355; 0.620746;-6.452311;,
         0.287355; 0.620746;-6.652311;,
         1.087355; 0.620746;-6.652311;,
         0.287355; 0.620746;-6.652311;,
         0.287355; 0.820747;-6.652311;,
         1.087355; 0.820747;-6.652311;,
         1.087355; 0.620746;-6.652311;,
         1.087355; 0.620746;-6.452311;,
         1.087355; 0.820747;-6.452311;,
         0.287355; 0.820747;-6.452311;,
         0.287355; 0.620746;-6.452311;,
         0.295518;-0.620346;-6.452311;,
         0.195518;-0.447141;-6.452311;,
         0.195518;-0.447141;-6.652311;,
         0.295518;-0.620346;-6.652311;,
         0.195518;-0.447141;-6.452311;,
         0.888338;-0.047141;-6.452311;,
         0.888338;-0.047141;-6.652311;,
         0.195518;-0.447141;-6.652311;,
         0.888338;-0.047141;-6.452311;,
         0.988338;-0.220346;-6.452311;,
         0.988338;-0.220346;-6.652311;,
         0.888338;-0.047141;-6.652311;,
         0.988338;-0.220346;-6.452311;,
         0.295518;-0.620346;-6.452311;,
         0.295518;-0.620346;-6.652311;,
         0.988338;-0.220346;-6.652311;,
         0.295518;-0.620346;-6.652311;,
         0.195518;-0.447141;-6.652311;,
         0.888338;-0.047141;-6.652311;,
         0.988338;-0.220346;-6.652311;,
         0.988338;-0.220346;-6.452311;,
         0.888338;-0.047141;-6.452311;,
         0.195518;-0.447141;-6.452311;,
         0.295518;-0.620346;-6.452311;,
         0.297056;-0.810523;-6.452311;,
         0.297056;-0.610523;-6.452311;,
         0.297056;-0.610523;-6.652311;,
         0.297056;-0.810523;-6.652311;,
         0.297056;-0.610523;-6.452311;,
         1.097056;-0.610523;-6.452311;,
         1.097056;-0.610523;-6.652311;,
         0.297056;-0.610523;-6.652311;,
         1.097056;-0.610523;-6.452311;,
         1.097056;-0.810523;-6.452311;,
         1.097056;-0.810523;-6.652311;,
         1.097056;-0.610523;-6.652311;,
         1.097056;-0.810523;-6.452311;,
         0.297056;-0.810523;-6.452311;,
         0.297056;-0.810523;-6.652311;,
         1.097056;-0.810523;-6.652311;,
         0.297056;-0.810523;-6.652311;,
         0.297056;-0.610523;-6.652311;,
         1.097056;-0.610523;-6.652311;,
         1.097056;-0.810523;-6.652311;,
         1.097056;-0.810523;-6.452311;,
         1.097056;-0.610523;-6.452311;,
         0.297056;-0.610523;-6.452311;,
         0.297056;-0.810523;-6.452311;,
         0.191249;-0.981907;-6.452311;,
         0.291249;-0.808702;-6.452311;,
         0.291249;-0.808702;-6.652311;,
         0.191249;-0.981907;-6.652311;,
         0.291249;-0.808702;-6.452311;,
         0.984069;-1.208702;-6.452311;,
         0.984069;-1.208702;-6.652311;,
         0.291249;-0.808702;-6.652311;,
         0.984069;-1.208702;-6.452311;,
         0.884069;-1.381907;-6.452311;,
         0.884069;-1.381907;-6.652311;,
         0.984069;-1.208702;-6.652311;,
         0.884069;-1.381907;-6.452311;,
         0.191249;-0.981907;-6.452311;,
         0.191249;-0.981907;-6.652311;,
         0.884069;-1.381907;-6.652311;,
         0.191249;-0.981907;-6.652311;,
         0.291249;-0.808702;-6.652311;,
         0.984069;-1.208702;-6.652311;,
         0.884069;-1.381907;-6.652311;,
         0.884069;-1.381907;-6.452311;,
         0.984069;-1.208702;-6.452311;,
         0.291249;-0.808702;-6.452311;,
         0.191249;-0.981907;-6.452311;,
         0.300000; 1.000000;-6.660929;,
         0.300000; 0.400000;-6.660929;,
        -0.300000; 0.400000;-6.660929;,
        -0.300000; 1.000000;-6.660929;,
         0.300000; 1.000000;-6.460929;,
        -0.300000; 1.000000;-6.460929;,
        -0.300000; 0.400000;-6.460929;,
         0.300000; 0.400000;-6.460929;,
         0.300000; 1.000000;-6.660929;,
         0.300000; 1.000000;-6.460929;,
         0.300000; 0.400000;-6.460929;,
         0.300000; 0.400000;-6.660929;,
         0.300000; 0.400000;-6.660929;,
         0.300000; 0.400000;-6.460929;,
        -0.300000; 0.400000;-6.460929;,
        -0.300000; 0.400000;-6.660929;,
        -0.300000; 0.400000;-6.660929;,
        -0.300000; 0.400000;-6.460929;,
        -0.300000; 1.000000;-6.460929;,
        -0.300000; 1.000000;-6.660929;,
         0.300000; 1.000000;-6.460929;,
         0.300000; 1.000000;-6.660929;,
        -0.300000; 1.000000;-6.660929;,
        -0.300000; 1.000000;-6.460929;,
         0.300000;-0.400000;-6.680444;,
         0.300000;-1.000000;-6.680444;,
        -0.300000;-1.000000;-6.680444;,
        -0.300000;-0.400000;-6.680444;,
         0.300000;-0.400000;-6.480444;,
        -0.300000;-0.400000;-6.480444;,
        -0.300000;-1.000000;-6.480444;,
         0.300000;-1.000000;-6.480444;,
         0.300000;-0.400000;-6.680444;,
         0.300000;-0.400000;-6.480444;,
         0.300000;-1.000000;-6.480444;,
         0.300000;-1.000000;-6.680444;,
         0.300000;-1.000000;-6.680444;,
         0.300000;-1.000000;-6.480444;,
        -0.300000;-1.000000;-6.480444;,
        -0.300000;-1.000000;-6.680444;,
        -0.300000;-1.000000;-6.680444;,
        -0.300000;-1.000000;-6.480444;,
        -0.300000;-0.400000;-6.480444;,
        -0.300000;-0.400000;-6.680444;,
         0.300000;-0.400000;-6.480444;,
         0.300000;-0.400000;-6.680444;,
        -0.300000;-0.400000;-6.680444;,
        -0.300000;-0.400000;-6.480444;,
         4.778952; 0.500000; 1.523990;,
         4.778952;-0.500000; 1.523990;,
         3.778952;-0.500000; 1.523990;,
         3.778952; 0.500000; 1.523990;,
         4.778952; 0.500000; 1.623990;,
         3.778952; 0.500000; 1.623990;,
         3.778951;-0.500000; 1.623990;,
         4.778951;-0.500000; 1.623990;,
         4.778952; 0.500000; 1.523990;,
         4.778952; 0.500000; 1.623990;,
         4.778951;-0.500000; 1.623990;,
         4.778952;-0.500000; 1.523990;,
         4.778952;-0.500000; 1.523990;,
         4.778951;-0.500000; 1.623990;,
         3.778951;-0.500000; 1.623990;,
         3.778952;-0.500000; 1.523990;,
         3.778952;-0.500000; 1.523990;,
         3.778951;-0.500000; 1.623990;,
         3.778952; 0.500000; 1.623990;,
         3.778952; 0.500000; 1.523990;,
         4.778952; 0.500000; 1.623990;,
         4.778952; 0.500000; 1.523990;,
         3.778952; 0.500000; 1.523990;,
         3.778952; 0.500000; 1.623990;,
         5.048941; 0.500000; 1.760908;,
         5.048941;-0.500000; 1.760908;,
         3.648941;-0.500000; 1.760908;,
         3.648942; 0.500000; 1.760908;,
         5.048942; 0.500000; 1.960909;,
         3.648942; 0.500000; 1.960909;,
         3.648941;-0.500000; 1.960909;,
         5.048941;-0.500000; 1.960909;,
         5.048941; 0.500000; 1.760908;,
         5.048942; 0.500000; 1.960909;,
         5.048941;-0.500000; 1.960909;,
         5.048941;-0.500000; 1.760908;,
         5.048941;-0.500000; 1.760908;,
         5.048941;-0.500000; 1.960909;,
         3.648941;-0.500000; 1.960909;,
         3.648941;-0.500000; 1.760908;,
         3.648941;-0.500000; 1.760908;,
         3.648941;-0.500000; 1.960909;,
         3.648942; 0.500000; 1.960909;,
         3.648942; 0.500000; 1.760908;,
         5.048942; 0.500000; 1.960909;,
         5.048941; 0.500000; 1.760908;,
         3.648942; 0.500000; 1.760908;,
         3.648942; 0.500000; 1.960909;,
         3.802343; 0.700000; 1.338976;,
         3.802343;-0.700000; 1.338976;,
         2.402343;-0.700000; 1.338976;,
         2.402343; 0.700000; 1.338976;,
         3.802343; 0.700000; 2.738976;,
         2.402343; 0.700000; 2.738976;,
         2.402342;-0.700000; 2.738976;,
         3.802342;-0.700000; 2.738976;,
         3.802343; 0.700000; 1.338976;,
         3.802343; 0.700000; 2.738976;,
         3.802342;-0.700000; 2.738976;,
         3.802343;-0.700000; 1.338976;,
         3.802343;-0.700000; 1.338976;,
         3.802342;-0.700000; 2.738976;,
         2.402342;-0.700000; 2.738976;,
         2.402343;-0.700000; 1.338976;,
         2.402343;-0.700000; 1.338976;,
         2.402342;-0.700000; 2.738976;,
         2.402343; 0.700000; 2.738976;,
         2.402343; 0.700000; 1.338976;,
         3.802343; 0.700000; 2.738976;,
         3.802343; 0.700000; 1.338976;,
         2.402343; 0.700000; 1.338976;,
         2.402343; 0.700000; 2.738976;,
         1.692937; 0.400000; 0.227570;,
         1.692937;-0.400000; 0.227570;,
         1.127252;-0.400000; 0.793256;,
         1.127252; 0.400000; 0.793256;,
         3.107151; 0.400000; 1.641784;,
         2.541465; 0.400000; 2.207469;,
         2.541465;-0.400000; 2.207469;,
         3.107151;-0.400000; 1.641784;,
         1.692937; 0.400000; 0.227570;,
         3.107151; 0.400000; 1.641784;,
         3.107151;-0.400000; 1.641784;,
         1.692937;-0.400000; 0.227570;,
         1.692937;-0.400000; 0.227570;,
         3.107151;-0.400000; 1.641784;,
         2.541465;-0.400000; 2.207469;,
         1.127252;-0.400000; 0.793256;,
         1.127252;-0.400000; 0.793256;,
         2.541465;-0.400000; 2.207469;,
         2.541465; 0.400000; 2.207469;,
         1.127252; 0.400000; 0.793256;,
         3.107151; 0.400000; 1.641784;,
         1.692937; 0.400000; 0.227570;,
         1.127252; 0.400000; 0.793256;,
         2.541465; 0.400000; 2.207469;,
         1.739701; 0.600000;-0.217893;,
         1.739701;-0.600000;-0.217893;,
         0.939701;-0.600000;-0.217893;,
         0.939702; 0.600000;-0.217893;,
         1.739702; 0.600000; 1.382107;,
         0.939701; 0.600000; 1.382107;,
         0.939701;-0.600000; 1.382107;,
         1.739701;-0.600000; 1.382107;,
         1.739701; 0.600000;-0.217893;,
         1.739702; 0.600000; 1.382107;,
         1.739701;-0.600000; 1.382107;,
         1.739701;-0.600000;-0.217893;,
         1.739701;-0.600000;-0.217893;,
         1.739701;-0.600000; 1.382107;,
         0.939701;-0.600000; 1.382107;,
         0.939701;-0.600000;-0.217893;,
         0.939701;-0.600000;-0.217893;,
         0.939701;-0.600000; 1.382107;,
         0.939701; 0.600000; 1.382107;,
         0.939702; 0.600000;-0.217893;,
         1.739702; 0.600000; 1.382107;,
         1.739701; 0.600000;-0.217893;,
         0.939702; 0.600000;-0.217893;,
         0.939701; 0.600000; 1.382107;,
        -1.265696; 0.645070; 0.704571;,
        -1.337754; 0.251614; 0.704571;,
        -1.611351; 0.301721; 0.417109;,
        -1.539292; 0.695177; 0.417109;,
        -2.113972; 0.800425; 1.539012;,
        -2.387568; 0.850533; 1.251550;,
        -2.459627; 0.457077; 1.251550;,
        -2.186031; 0.406969; 1.539012;,
        -1.265696; 0.645070; 0.704571;,
        -2.113972; 0.800425; 1.539012;,
        -2.186031; 0.406969; 1.539012;,
        -1.337754; 0.251614; 0.704571;,
        -1.337754; 0.251614; 0.704571;,
        -2.186031; 0.406969; 1.539012;,
        -2.459627; 0.457077; 1.251550;,
        -1.611351; 0.301721; 0.417109;,
        -1.611351; 0.301721; 0.417109;,
        -2.459627; 0.457077; 1.251550;,
        -2.387568; 0.850533; 1.251550;,
        -1.539292; 0.695177; 0.417109;,
        -2.113972; 0.800425; 1.539012;,
        -1.265696; 0.645070; 0.704571;,
        -1.539292; 0.695177; 0.417109;,
        -2.387568; 0.850533; 1.251550;,
        -1.384948; 0.231150; 0.655561;,
        -1.384948;-0.168850; 0.655561;,
        -1.705376;-0.168850; 0.416133;,
        -1.705376; 0.231150; 0.416133;,
        -2.103232; 0.231150; 1.616845;,
        -2.423661; 0.231150; 1.377417;,
        -2.423661;-0.168850; 1.377417;,
        -2.103233;-0.168850; 1.616845;,
        -1.384948; 0.231150; 0.655561;,
        -2.103232; 0.231150; 1.616845;,
        -2.103233;-0.168850; 1.616845;,
        -1.384948;-0.168850; 0.655561;,
        -1.384948;-0.168850; 0.655561;,
        -2.103233;-0.168850; 1.616845;,
        -2.423661;-0.168850; 1.377417;,
        -1.705376;-0.168850; 0.416133;,
        -1.705376;-0.168850; 0.416133;,
        -2.423661;-0.168850; 1.377417;,
        -2.423661; 0.231150; 1.377417;,
        -1.705376; 0.231150; 0.416133;,
        -2.103232; 0.231150; 1.616845;,
        -1.384948; 0.231150; 0.655561;,
        -1.705376; 0.231150; 0.416133;,
        -2.423661; 0.231150; 1.377417;,
        -1.403999;-0.182012; 0.619159;,
        -1.343377;-0.577391; 0.619159;,
        -1.691743;-0.630805; 0.429982;,
        -1.752366;-0.235426; 0.429982;,
        -1.964975;-0.268024; 1.676471;,
        -2.313341;-0.321438; 1.487294;,
        -2.252719;-0.716818; 1.487294;,
        -1.904353;-0.663404; 1.676471;,
        -1.403999;-0.182012; 0.619159;,
        -1.964975;-0.268024; 1.676471;,
        -1.904353;-0.663404; 1.676471;,
        -1.343377;-0.577391; 0.619159;,
        -1.343377;-0.577391; 0.619159;,
        -1.904353;-0.663404; 1.676471;,
        -2.252719;-0.716818; 1.487294;,
        -1.691743;-0.630805; 0.429982;,
        -1.691743;-0.630805; 0.429982;,
        -2.252719;-0.716818; 1.487294;,
        -2.313341;-0.321438; 1.487294;,
        -1.752366;-0.235426; 0.429982;,
        -1.964975;-0.268024; 1.676471;,
        -1.403999;-0.182012; 0.619159;,
        -1.752366;-0.235426; 0.429982;,
        -2.313341;-0.321438; 1.487294;,
        -0.978863; 1.000000;-0.197248;,
        -0.978863;-1.000000;-0.197248;,
        -1.778863;-1.000000;-0.197248;,
        -1.778863; 1.000000;-0.197248;,
        -0.978863; 0.999999; 1.002752;,
        -1.778863; 1.000000; 1.002752;,
        -1.778863;-1.000000; 1.002752;,
        -0.978863;-1.000001; 1.002752;,
        -0.978863; 1.000000;-0.197248;,
        -0.978863; 0.999999; 1.002752;,
        -0.978863;-1.000001; 1.002752;,
        -0.978863;-1.000000;-0.197248;,
        -0.978863;-1.000000;-0.197248;,
        -0.978863;-1.000001; 1.002752;,
        -1.778863;-1.000000; 1.002752;,
        -1.778863;-1.000000;-0.197248;,
        -1.778863;-1.000000;-0.197248;,
        -1.778863;-1.000000; 1.002752;,
        -1.778863; 1.000000; 1.002752;,
        -1.778863; 1.000000;-0.197248;,
        -0.978863; 0.999999; 1.002752;,
        -0.978863; 1.000000;-0.197248;,
        -1.778863; 1.000000;-0.197248;,
        -1.778863; 1.000000; 1.002752;,
         0.150000;-0.550000;-6.531240;,
         0.150000;-0.850000;-6.531240;,
        -0.150000;-0.850000;-6.531240;,
        -0.150000;-0.550000;-6.531240;,
         0.150000;-0.550000;-3.731240;,
        -0.150000;-0.550000;-3.731240;,
        -0.150000;-0.850000;-3.731240;,
         0.150000;-0.850000;-3.731240;,
         0.150000;-0.550000;-6.531240;,
         0.150000;-0.550000;-3.731240;,
         0.150000;-0.850000;-3.731240;,
         0.150000;-0.850000;-6.531240;,
         0.150000;-0.850000;-6.531240;,
         0.150000;-0.850000;-3.731240;,
        -0.150000;-0.850000;-3.731240;,
        -0.150000;-0.850000;-6.531240;,
        -0.150000;-0.850000;-6.531240;,
        -0.150000;-0.850000;-3.731240;,
        -0.150000;-0.550000;-3.731240;,
        -0.150000;-0.550000;-6.531240;,
         0.150000;-0.550000;-3.731240;,
         0.150000;-0.550000;-6.531240;,
        -0.150000;-0.550000;-6.531240;,
        -0.150000;-0.550000;-3.731240;,
         0.150000; 0.850000;-6.570951;,
         0.150000; 0.550000;-6.570951;,
        -0.150000; 0.550000;-6.570951;,
        -0.150000; 0.850000;-6.570951;,
         0.150000; 0.850000;-3.770950;,
        -0.150000; 0.850000;-3.770950;,
        -0.150000; 0.550000;-3.770950;,
         0.150000; 0.550000;-3.770950;,
         0.150000; 0.850000;-6.570951;,
         0.150000; 0.850000;-3.770950;,
         0.150000; 0.550000;-3.770950;,
         0.150000; 0.550000;-6.570951;,
         0.150000; 0.550000;-6.570951;,
         0.150000; 0.550000;-3.770950;,
        -0.150000; 0.550000;-3.770950;,
        -0.150000; 0.550000;-6.570951;,
        -0.150000; 0.550000;-6.570951;,
        -0.150000; 0.550000;-3.770950;,
        -0.150000; 0.850000;-3.770950;,
        -0.150000; 0.850000;-6.570951;,
         0.150000; 0.850000;-3.770950;,
         0.150000; 0.850000;-6.570951;,
        -0.150000; 0.850000;-6.570951;,
        -0.150000; 0.850000;-3.770950;,
         0.200000; 0.900000;-3.787272;,
         0.200000; 0.500000;-3.787272;,
        -0.200000; 0.500000;-3.787272;,
        -0.200000; 0.900000;-3.787272;,
         0.200000; 0.900000;-0.987272;,
        -0.200000; 0.900000;-0.987272;,
        -0.200000; 0.500000;-0.987272;,
         0.200000; 0.500000;-0.987272;,
         0.200000; 0.900000;-3.787272;,
         0.200000; 0.900000;-0.987272;,
         0.200000; 0.500000;-0.987272;,
         0.200000; 0.500000;-3.787272;,
         0.200000; 0.500000;-3.787272;,
         0.200000; 0.500000;-0.987272;,
        -0.200000; 0.500000;-0.987272;,
        -0.200000; 0.500000;-3.787272;,
        -0.200000; 0.500000;-3.787272;,
        -0.200000; 0.500000;-0.987272;,
        -0.200000; 0.900000;-0.987272;,
        -0.200000; 0.900000;-3.787272;,
         0.200000; 0.900000;-0.987272;,
         0.200000; 0.900000;-3.787272;,
        -0.200000; 0.900000;-3.787272;,
        -0.200000; 0.900000;-0.987272;,
         0.200000;-0.500000;-3.750320;,
         0.200000;-0.900000;-3.750320;,
        -0.200000;-0.900000;-3.750320;,
        -0.200000;-0.500000;-3.750320;,
         0.200000;-0.500000;-0.950320;,
        -0.200000;-0.500000;-0.950320;,
        -0.200000;-0.900000;-0.950320;,
         0.200000;-0.900000;-0.950320;,
         0.200000;-0.500000;-3.750320;,
         0.200000;-0.500000;-0.950320;,
         0.200000;-0.900000;-0.950320;,
         0.200000;-0.900000;-3.750320;,
         0.200000;-0.900000;-3.750320;,
         0.200000;-0.900000;-0.950320;,
        -0.200000;-0.900000;-0.950320;,
        -0.200000;-0.900000;-3.750320;,
        -0.200000;-0.900000;-3.750320;,
        -0.200000;-0.900000;-0.950320;,
        -0.200000;-0.500000;-0.950320;,
        -0.200000;-0.500000;-3.750320;,
         0.200000;-0.500000;-0.950320;,
         0.200000;-0.500000;-3.750320;,
        -0.200000;-0.500000;-3.750320;,
        -0.200000;-0.500000;-0.950320;,
         1.000000; 1.000000;-1.000000;,
         1.000000;-1.000000;-1.000000;,
        -1.000000;-1.000000;-1.000000;,
        -1.000000; 1.000000;-1.000000;,
         1.000000; 0.999999; 1.000000;,
        -1.000000; 1.000000; 1.000000;,
        -1.000000;-1.000000; 1.000000;,
         0.999999;-1.000001; 1.000000;,
         1.000000; 1.000000;-1.000000;,
         1.000000; 0.999999; 1.000000;,
         0.999999;-1.000001; 1.000000;,
         1.000000;-1.000000;-1.000000;,
         1.000000;-1.000000;-1.000000;,
         0.999999;-1.000001; 1.000000;,
        -1.000000;-1.000000; 1.000000;,
        -1.000000;-1.000000;-1.000000;,
        -1.000000;-1.000000;-1.000000;,
        -1.000000;-1.000000; 1.000000;,
        -1.000000; 1.000000; 1.000000;,
        -1.000000; 1.000000;-1.000000;,
         1.000000; 0.999999; 1.000000;,
         1.000000; 1.000000;-1.000000;,
        -1.000000; 1.000000;-1.000000;,
        -1.000000; 1.000000; 1.000000;;
        156;
        4;3,2,1,0;,
        4;7,6,5,4;,
        4;11,10,9,8;,
        4;15,14,13,12;,
        4;19,18,17,16;,
        4;23,22,21,20;,
        4;27,26,25,24;,
        4;31,30,29,28;,
        4;35,34,33,32;,
        4;39,38,37,36;,
        4;43,42,41,40;,
        4;47,46,45,44;,
        4;51,50,49,48;,
        4;55,54,53,52;,
        4;59,58,57,56;,
        4;63,62,61,60;,
        4;67,66,65,64;,
        4;71,70,69,68;,
        4;75,74,73,72;,
        4;79,78,77,76;,
        4;83,82,81,80;,
        4;87,86,85,84;,
        4;91,90,89,88;,
        4;95,94,93,92;,
        4;99,98,97,96;,
        4;103,102,101,100;,
        4;107,106,105,104;,
        4;111,110,109,108;,
        4;115,114,113,112;,
        4;119,118,117,116;,
        4;123,122,121,120;,
        4;127,126,125,124;,
        4;131,130,129,128;,
        4;135,134,133,132;,
        4;139,138,137,136;,
        4;143,142,141,140;,
        4;147,146,145,144;,
        4;151,150,149,148;,
        4;155,154,153,152;,
        4;159,158,157,156;,
        4;163,162,161,160;,
        4;167,166,165,164;,
        4;171,170,169,168;,
        4;175,174,173,172;,
        4;179,178,177,176;,
        4;183,182,181,180;,
        4;187,186,185,184;,
        4;191,190,189,188;,
        4;195,194,193,192;,
        4;199,198,197,196;,
        4;203,202,201,200;,
        4;207,206,205,204;,
        4;211,210,209,208;,
        4;215,214,213,212;,
        4;219,218,217,216;,
        4;223,222,221,220;,
        4;227,226,225,224;,
        4;231,230,229,228;,
        4;235,234,233,232;,
        4;239,238,237,236;,
        4;243,242,241,240;,
        4;247,246,245,244;,
        4;251,250,249,248;,
        4;255,254,253,252;,
        4;259,258,257,256;,
        4;263,262,261,260;,
        4;267,266,265,264;,
        4;271,270,269,268;,
        4;275,274,273,272;,
        4;279,278,277,276;,
        4;283,282,281,280;,
        4;287,286,285,284;,
        4;291,290,289,288;,
        4;295,294,293,292;,
        4;299,298,297,296;,
        4;303,302,301,300;,
        4;307,306,305,304;,
        4;311,310,309,308;,
        4;315,314,313,312;,
        4;319,318,317,316;,
        4;323,322,321,320;,
        4;327,326,325,324;,
        4;331,330,329,328;,
        4;335,334,333,332;,
        4;339,338,337,336;,
        4;343,342,341,340;,
        4;347,346,345,344;,
        4;351,350,349,348;,
        4;355,354,353,352;,
