xof 0303txt 0032

template XSkinMeshHeader {
  <3cf169ce-ff7c-44ab-93c0-f78f62d172e2>
  WORD nMaxSkinWeightsPerVertex;
  WORD nMaxSkinWeightsPerFace;
  WORD nBones;
}

template SkinWeights {
  <6f0d123b-bad2-4167-a0d0-80224f25fabb>
  STRING transformNodeName;
  DWORD nWeights;
  array DWORD vertexIndices[nWeights];
  array float weights[nWeights];
  Matrix4x4 matrixOffset;
}

Frame Root {
  FrameTransformMatrix {
     1.000000, 0.000000, 0.000000, 0.000000,
     0.000000,-0.000000, 1.000000, 0.000000,
     0.000000, 1.000000, 0.000000, 0.000000,
     0.000000, 0.000000, 0.000000, 1.000000;;
  }
  Frame Armature {
    FrameTransformMatrix {
      -0.000000, 1.000000, 0.000000, 0.000000,
      -1.000000,-0.000000, 0.000000, 0.000000,
       0.000000, 0.000000, 1.000000, 0.000000,
       0.000000, 0.000000, 0.000000, 1.000000;;
    }
    Frame Armature_Bone {
      FrameTransformMatrix {
        -0.002826,-0.199437,-0.979907, 0.000000,
         0.013881, 0.979808,-0.199457, 0.000000,
         0.999900,-0.014166,-0.000000, 0.000000,
        -0.013057,-0.279918, 1.252910, 1.000000;;
      }
      Frame Armature_Bone_031 {
        FrameTransformMatrix {
          -0.000001,-0.000000, 1.000000, 0.000000,
          -0.636785, 0.771041,-0.000000, 0.000000,
          -0.771041,-0.636785,-0.000000, 0.000000,
          -0.000000, 0.729936,-0.000000, 1.000000;;
        }
        Frame Armature_Bone_032 {
          FrameTransformMatrix {
             1.000000,-0.000000,-0.000000, 0.000000,
            -0.000000, 0.866387,-0.499373, 0.000000,
             0.000000, 0.499373, 0.866387, 0.000000,
             0.000000, 0.530483,-0.000000, 1.000000;;
          }
          Frame Armature_Bone_033 {
            FrameTransformMatrix {
               1.000000,-0.000000, 0.000000, 0.000000,
               0.000000, 0.982104, 0.188337, 0.000000,
              -0.000000,-0.188337, 0.982104, 0.000000,
               0.000000, 0.267114, 0.000000, 1.000000;;
            }
            Frame Armature_Bone_034 {
              FrameTransformMatrix {
                 0.401028, 0.753891,-0.520408, 0.000000,
                -0.605335, 0.644473, 0.467145, 0.000000,
                 0.687565, 0.127683, 0.714809, 0.000000,
                 0.000000, 0.439942, 0.000000, 1.000000;;
              }
            } // End of Armature_Bone_034
            Frame Armature_Bone_044 {
              FrameTransformMatrix {
                 1.000000, 0.000000,-0.000000, 0.000000,
                -0.000000, 0.982009,-0.188835, 0.000000,
                 0.000000, 0.188835, 0.982009, 0.000000,
                 0.000000, 0.439942, 0.000000, 1.000000;;
              }
              Frame Armature_Bone_045 {
                FrameTransformMatrix {
                   1.000000, 0.000000, 0.000000, 0.000000,
                  -0.000000, 1.000000,-0.000000, 0.000000,
                   0.000000,-0.000000, 1.000000, 0.000000,
                  -0.000000, 0.260518, 0.000000, 1.000000;;
                }
                Frame Armature_Bone_048 {
                  FrameTransformMatrix {
                     1.000000,-0.000000,-0.000000, 0.000000,
                     0.000000, 0.997577,-0.069569, 0.000000,
                     0.000000, 0.069569, 0.997577, 0.000000,
                    -0.000000, 0.212724,-0.000000, 1.000000;;
                  }
                } // End of Armature_Bone_048
              } // End of Armature_Bone_045
              Frame Armature_Bone_046 {
                FrameTransformMatrix {
                   0.000000, 0.827941, 0.560815, 0.000000,
                   0.000000, 0.560815,-0.827942, 0.000000,
                  -1.000000, 0.000000, 0.000000, 0.000000,
                  -0.000000, 0.260518, 0.000000, 1.000000;;
                }
                Frame Armature_Bone_047 {
                  FrameTransformMatrix {
                     0.000000,-0.000000,-1.000000, 0.000000,
                     0.792351, 0.610066, 0.000000, 0.000000,
                     0.610066,-0.792351, 0.000000, 0.000000,
                     0.000000, 0.370980,-0.000000, 1.000000;;
                  }
                } // End of Armature_Bone_047
              } // End of Armature_Bone_046
            } // End of Armature_Bone_044
            Frame Armature_Bone_049 {
              FrameTransformMatrix {
                 0.084731, 0.534423,-0.840959, 0.000000,
                 0.594313, 0.650321, 0.473154, 0.000000,
                 0.799758,-0.539883,-0.262512, 0.000000,
                 0.000000, 0.439942, 0.000000, 1.000000;;
              }
            } // End of Armature_Bone_049
            Frame Armature_Bone_050 {
              FrameTransformMatrix {
                -0.000001, 0.874909,-0.484288, 0.000000,
                 0.999924,-0.005973,-0.010792, 0.000000,
                -0.012335,-0.484251,-0.874842, 0.000000,
                 0.467924, 0.601770, 0.197324, 1.000000;;
              }
              Frame Armature_Bone_053 {
                FrameTransformMatrix {
                   1.000000,-0.000000,-0.000040, 0.000000,
                  -0.000040,-0.055961,-0.998433, 0.000000,
                  -0.000002, 0.998433,-0.055961, 0.000000,
                   0.000000, 0.322118, 0.000000, 1.000000;;
                }
              } // End of Armature_Bone_053
            } // End of Armature_Bone_050
            Frame Armature_Bone_051 {
              FrameTransformMatrix {
                -0.000000, 0.874928,-0.484253, 0.000000,
                -0.998995, 0.021706, 0.039218, 0.000000,
                 0.044824, 0.483766, 0.874049, 0.000000,
                -0.438409, 0.602117, 0.197951, 1.000000;;
              }
              Frame Armature_Bone_052 {
                FrameTransformMatrix {
                   1.000000, 0.000000, 0.000000, 0.000000,
                  -0.000000, 0.068588, 0.997645, 0.000000,
                   0.000000,-0.997645, 0.068587, 0.000000,
                   0.000000, 0.331952, 0.000000, 1.000000;;
                }
              } // End of Armature_Bone_052
            } // End of Armature_Bone_051
            Frame Armature_Bone_054 {
              FrameTransformMatrix {
                -0.000000, 0.992205, 0.124617, 0.000000,
                 0.000000, 0.124617,-0.992205, 0.000000,
                -1.000000,-0.000000, 0.000000, 0.000000,
                 0.000000, 0.439942, 0.000000, 1.000000;;
              }
              Frame Armature_Bone_055 {
                FrameTransformMatrix {
                   0.950822, 0.309738,-0.000000, 0.000000,
                   0.000000, 0.000000, 1.000000, 0.000000,
                   0.309738,-0.950822,-0.000000, 0.000000,
                  -0.000000, 0.409282,-0.000000, 1.000000;;
                }
              } // End of Armature_Bone_055
              Frame Armature_Bone_056 {
                FrameTransformMatrix {
                  -0.950822,-0.309737,-0.000000, 0.000000,
                   0.000000, 0.000000,-1.000000, 0.000000,
                   0.309737,-0.950822,-0.000000, 0.000000,
                  -0.000000, 0.409282,-0.000000, 1.000000;;
                }
              } // End of Armature_Bone_056
            } // End of Armature_Bone_054
          } // End of Armature_Bone_033
        } // End of Armature_Bone_032
        Frame Armature_Bone_036 {
          FrameTransformMatrix {
             0.000000, 0.998930,-0.046247, 0.000000,
            -0.155219,-0.045686,-0.986823, 0.000000,
            -0.987880, 0.007179, 0.155053, 0.000000,
            -0.555289, 0.530483,-0.000000, 1.000000;;
          }
          Frame Armature_Bone_037 {
            FrameTransformMatrix {
               0.982876, 0.182033,-0.028601, 0.000000,
              -0.184266, 0.970964,-0.152561, 0.000000,
              -0.000000, 0.155219, 0.987880, 0.000000,
               0.000000, 0.395998, 0.000000, 1.000000;;
            }
            Frame Armature_Bone_038 {
              FrameTransformMatrix {
                 0.978473, 0.206374,-0.000000, 0.000000,
                -0.206374, 0.978473, 0.000000, 0.000000,
                 0.000000,-0.000000, 1.000000, 0.000000,
                 0.000000, 0.411694, 0.000000, 1.000000;;
              }
              Frame Armature_Bone_039 {
                FrameTransformMatrix {
                   0.677542,-0.735484, 0.000000, 0.000000,
                   0.735484, 0.677542, 0.000000, 0.000000,
                  -0.000000, 0.000000, 1.000000, 0.000000,
                  -0.000000, 0.482704,-0.000000, 1.000000;;
                }
              } // End of Armature_Bone_039
            } // End of Armature_Bone_038
          } // End of Armature_Bone_037
        } // End of Armature_Bone_036
        Frame Armature_Bone_040 {
          FrameTransformMatrix {
             0.000000, 0.955805,-0.294002, 0.000000,
             0.204944,-0.287761,-0.935517, 0.000000,
            -0.978774,-0.060253,-0.195887, 0.000000,
             0.574098, 0.530483,-0.000000, 1.000000;;
          }
          Frame Armature_Bone_041 {
            FrameTransformMatrix {
               0.997542, 0.068577, 0.014360, 0.000000,
              -0.070064, 0.976368, 0.204440, 0.000000,
              -0.000000,-0.204944, 0.978774, 0.000000,
               0.000000, 0.329321, 0.000000, 1.000000;;
            }
            Frame Armature_Bone_042 {
              FrameTransformMatrix {
                 0.989072, 0.147433, 0.000000, 0.000000,
                -0.147433, 0.989072,-0.000000, 0.000000,
                -0.000000, 0.000000, 1.000000, 0.000000,
                -0.000000, 0.485965,-0.000000, 1.000000;;
              }
              Frame Armature_Bone_043 {
                FrameTransformMatrix {
                   0.812770,-0.582584,-0.000000, 0.000000,
                   0.582584, 0.812770,-0.000000, 0.000000,
                   0.000000, 0.000000, 1.000000, 0.000000,
                  -0.000000, 0.472470,-0.000000, 1.000000;;
                }
              } // End of Armature_Bone_043
            } // End of Armature_Bone_042
          } // End of Armature_Bone_041
        } // End of Armature_Bone_040
      } // End of Armature_Bone_031
    } // End of Armature_Bone
    Frame Armature_Bone_001 {
      FrameTransformMatrix {
        -0.998041, 0.014166, 0.000000, 0.000000,
        -0.013916,-0.982275,-0.186925, 0.000000,
        -0.002648,-0.186907, 0.982374, 0.000000,
        -0.013057,-0.279917, 1.252910, 1.000000;;
      }
      Frame Armature_Bone_004 {
        FrameTransformMatrix {
           0.000058,-0.874180, 0.485601, 0.000000,
          -0.023161,-0.485472,-0.873945, 0.000000,
           0.999732,-0.011196,-0.020275, 0.000000,
           0.534894, 0.392415,-0.000000, 1.000000;;
        }
        Frame Armature_Bone_005 {
          FrameTransformMatrix {
             0.960902, 0.276769, 0.008087, 0.000000,
            -0.276694, 0.960913,-0.009327, 0.000000,
            -0.010352, 0.006725, 0.999924, 0.000000,
            -0.000000, 0.447701,-0.000000, 1.000000;;
          }
          Frame Armature_Bone_006 {
            FrameTransformMatrix {
               0.270989, 0.962014, 0.033064, 0.000000,
              -0.962582, 0.270812, 0.009810, 0.000000,
               0.000484,-0.034486, 0.999405, 0.000000,
              -0.000000, 0.445881, 0.000000, 1.000000;;
            }
            Frame Armature_Bone_007 {
              FrameTransformMatrix {
                -0.075330,-0.997156, 0.002389, 0.000000,
                 0.997158,-0.075333,-0.001308, 0.000000,
                 0.001484, 0.002284, 0.999996, 0.000000,
                 0.000000, 0.565212, 0.000000, 1.000000;;
              }
            } // End of Armature_Bone_007
          } // End of Armature_Bone_006
        } // End of Armature_Bone_005
      } // End of Armature_Bone_004
      Frame Armature_Bone_008 {
        FrameTransformMatrix {
           0.000040,-0.863674, 0.504050, 0.000000,
          -0.016061,-0.503986,-0.863563, 0.000000,
           0.999871,-0.008061,-0.013892, 0.000000,
          -0.520301, 0.392387,-0.000000, 1.000000;;
        }
        Frame Armature_Bone_009 {
          FrameTransformMatrix {
             0.935045, 0.354484, 0.005687, 0.000000,
            -0.354530, 0.934924, 0.015009, 0.000000,
             0.000003,-0.016050, 0.999871, 0.000000,
             0.000000, 0.366441,-0.000000, 1.000000;;
          }
          Frame Armature_Bone_010 {
            FrameTransformMatrix {
               0.249921, 0.968266, 0.000000, 0.000000,
              -0.968266, 0.249921,-0.000000, 0.000000,
              -0.000000, 0.000000, 1.000000, 0.000000,
              -0.000000, 0.535818, 0.000000, 1.000000;;
            }
            Frame Armature_Bone_011 {
              FrameTransformMatrix {
                -0.211667,-0.977342,-0.000013, 0.000000,
                 0.977342,-0.211667,-0.000018, 0.000000,
                 0.000015,-0.000016, 1.000000, 0.000000,
                 0.000000, 0.563488,-0.000000, 1.000000;;
              }
            } // End of Armature_Bone_011
          } // End of Armature_Bone_010
        } // End of Armature_Bone_009
      } // End of Armature_Bone_008
      Frame Armature_Bone_012 {
        FrameTransformMatrix {
           1.000000, 0.000000,-0.000000, 0.000000,
          -0.000000, 0.847771, 0.530362, 0.000000,
           0.000000,-0.530362, 0.847771, 0.000000,
          -0.000000, 0.392401, 0.000000, 1.000000;;
        }
        Frame Armature_Bone_013 {
          FrameTransformMatrix {
             0.999220, 0.011946, 0.037648, 0.000000,
             0.039494,-0.288521,-0.956659, 0.000000,
            -0.000567, 0.957399,-0.288767, 0.000000,
             0.000000, 0.309314, 0.000000, 1.000000;;
          }
          Frame Armature_Bone_014 {
            FrameTransformMatrix {
               1.000000, 0.000000, 0.000000, 0.000000,
              -0.000000, 0.999864, 0.016485, 0.000000,
               0.000000,-0.016485, 0.999864, 0.000000,
               0.000000, 0.157752, 0.000000, 1.000000;;
            }
            Frame Armature_Bone_015 {
              FrameTransformMatrix {
                 1.000000, 0.000000, 0.000000, 0.000000,
                -0.000000, 0.997513, 0.070484, 0.000000,
                 0.000000,-0.070484, 0.997513, 0.000000,
                -0.000000, 0.163315,-0.000000, 1.000000;;
              }
              Frame Armature_Bone_016 {
                FrameTransformMatrix {
                   1.000000,-0.000000, 0.000000, 0.000000,
                  -0.000000, 0.995577, 0.093947, 0.000000,
                  -0.000000,-0.093947, 0.995577, 0.000000,
                   0.000000, 0.164808, 0.000000, 1.000000;;
                }
                Frame Armature_Bone_017 {
                  FrameTransformMatrix {
                     1.000000,-0.000000, 0.000000, 0.000000,
                     0.000000, 0.999415, 0.034194, 0.000000,
                     0.000000,-0.034194, 0.999415, 0.000000,
                     0.000000, 0.155758,-0.000000, 1.000000;;
                  }
                  Frame Armature_Bone_018 {
                    FrameTransformMatrix {
                       1.000000, 0.000000,-0.000000, 0.000000,
                      -0.000000, 0.997391, 0.072190, 0.000000,
                       0.000000,-0.072189, 0.997391, 0.000000,
                       0.000000, 0.165101, 0.000000, 1.000000;;
                    }
                    Frame Armature_Bone_019 {
                      FrameTransformMatrix {
                         0.999996,-0.000765,-0.002820, 0.000000,
                         0.001297, 0.981058, 0.193711, 0.000000,
                         0.002619,-0.193714, 0.981054, 0.000000,
                         0.000000, 0.160725, 0.000000, 1.000000;;
                      }
                      Frame Armature_Bone_020 {
                        FrameTransformMatrix {
                           0.999993,-0.001399,-0.003560, 0.000000,
                           0.002306, 0.963129, 0.269029, 0.000000,
                           0.003052,-0.269035, 0.963125, 0.000000,
                           0.000000, 0.152439, 0.000000, 1.000000;;
                        }
                        Frame Armature_Bone_021 {
                          FrameTransformMatrix {
                             0.999948,-0.004613,-0.009102, 0.000000,
                             0.007191, 0.951426, 0.307793, 0.000000,
                             0.007240,-0.307843, 0.951410, 0.000000,
                            -0.000000, 0.154434,-0.000000, 1.000000;;
                          }
                          Frame Armature_Bone_022 {
                            FrameTransformMatrix {
                               0.998217,-0.006261,-0.059358, 0.000000,
                               0.022004, 0.963037, 0.268468, 0.000000,
                               0.055483,-0.269295, 0.961458, 0.000000,
                              -0.000000, 0.164986,-0.000000, 1.000000;;
                            }
                            Frame Armature_Bone_023 {
                              FrameTransformMatrix {
                                 1.000000,-0.000000,-0.000000, 0.000000,
                                 0.000000, 0.990316, 0.138835, 0.000000,
                                -0.000000,-0.138835, 0.990316, 0.000000,
                                 0.000000, 0.161733, 0.000000, 1.000000;;
                              }
                              Frame Armature_Bone_024 {
                                FrameTransformMatrix {
                                   0.999978,-0.001825, 0.006390, 0.000000,
                                   0.001568, 0.999202, 0.039908, 0.000000,
                                  -0.006458,-0.039897, 0.999183, 0.000000,
                                   0.000000, 0.162481,-0.000000, 1.000000;;
                                }
                                Frame Armature_Bone_025 {
                                  FrameTransformMatrix {
                                     0.999952,-0.000774, 0.009740, 0.000000,
                                     0.000855, 0.999966,-0.008233, 0.000000,
                                    -0.009733, 0.008241, 0.999919, 0.000000,
                                    -0.000000, 0.156658, 0.000000, 1.000000;;
                                  }
                                  Frame Armature_Bone_026 {
                                    FrameTransformMatrix {
                                       0.999977, 0.000484, 0.006709, 0.000000,
                                      -0.000861, 0.998421, 0.056160, 0.000000,
                                      -0.006671,-0.056165, 0.998399, 0.000000,
                                       0.000000, 0.166429,-0.000000, 1.000000;;
                                    }
                                    Frame Armature_Bone_027 {
                                      FrameTransformMatrix {
                                         0.999992, 0.000894, 0.003800, 0.000000,
                                        -0.000706, 0.998788,-0.049217, 0.000000,
                                        -0.003839, 0.049214, 0.998781, 0.000000,
                                         0.000000, 0.154294, 0.000000, 1.000000;;
                                      }
                                      Frame Armature_Bone_028 {
                                        FrameTransformMatrix {
                                           0.999849, 0.005632, 0.016449, 0.000000,
                                          -0.005008, 0.999275,-0.037742, 0.000000,
                                          -0.016649, 0.037653, 0.999152, 0.000000,
                                           0.000000, 0.171570,-0.000000, 1.000000;;
                                        }
                                        Frame Armature_Bone_029 {
                                          FrameTransformMatrix {
                                             1.000000,-0.000376, 0.000109, 0.000000,
                                             0.000374, 0.999746, 0.022527, 0.000000,
                                            -0.000117,-0.022527, 0.999746, 0.000000,
                                            -0.000000, 0.165485,-0.000000, 1.000000;;
                                          }
                                          Frame Armature_Bone_030 {
                                            FrameTransformMatrix {
                                               1.000000, 0.000000, 0.000000, 0.000000,
                                              -0.000000, 1.000000, 0.000000, 0.000000,
                                               0.000000,-0.000000, 1.000000, 0.000000,
                                              -0.000000, 0.160466, 0.000000, 1.000000;;
                                            }
                                          } // End of Armature_Bone_030
                                        } // End of Armature_Bone_029
                                      } // End of Armature_Bone_028
                                    } // End of Armature_Bone_027
                                  } // End of Armature_Bone_026
                                } // End of Armature_Bone_025
                              } // End of Armature_Bone_024
                            } // End of Armature_Bone_023
                          } // End of Armature_Bone_022
                        } // End of Armature_Bone_021
                      } // End of Armature_Bone_020
                    } // End of Armature_Bone_019
                  } // End of Armature_Bone_018
                } // End of Armature_Bone_017
              } // End of Armature_Bone_016
            } // End of Armature_Bone_015
          } // End of Armature_Bone_014
        } // End of Armature_Bone_013
      } // End of Armature_Bone_012
    } // End of Armature_Bone_001
    Frame Cube {
      FrameTransformMatrix {
         1.000000, 0.000000, 0.000000, 0.000000,
         0.000000, 1.000000, 0.000000, 0.000000,
         0.000000, 0.000000, 1.000000, 0.000000,
         0.000000, 0.000000, 0.000000, 1.000000;;
      }
      Mesh { // Cube mesh
        1496;
         0.386723; 1.959136; 1.967096;,
         0.249523; 1.961080; 2.031761;,
         0.356693; 1.959562; 2.259191;,
         0.493894; 1.957618; 2.194526;,
         0.249523; 1.961080; 2.031761;,
         0.248566; 1.893507; 2.031761;,
         0.355736; 1.891989; 2.259191;,
         0.356693; 1.959562; 2.259191;,
         0.248566; 1.893507; 2.031761;,
         0.385766; 1.891564; 1.967096;,
         0.492936; 1.890045; 2.194526;,
         0.355736; 1.891989; 2.259191;,
         0.385766; 1.891564; 1.967096;,
         0.386723; 1.959136; 1.967096;,
         0.493894; 1.957618; 2.194526;,
         0.492936; 1.890045; 2.194526;,
         0.493894; 1.957618; 2.194526;,
         0.356693; 1.959562; 2.259191;,
         0.355736; 1.891989; 2.259191;,
         0.492936; 1.890045; 2.194526;,
         0.385766; 1.891564; 1.967096;,
         0.248566; 1.893507; 2.031761;,
         0.249523; 1.961080; 2.031761;,
         0.386723; 1.959136; 1.967096;,
        -0.213082; 1.967634; 2.033070;,
        -0.349744; 1.969570; 1.967274;,
        -0.458788; 1.971115; 2.193811;,
        -0.322126; 1.969179; 2.259607;,
        -0.349744; 1.969570; 1.967274;,
        -0.350701; 1.901997; 1.967274;,
        -0.459745; 1.903542; 2.193811;,
        -0.458788; 1.971115; 2.193811;,
        -0.350701; 1.901997; 1.967274;,
        -0.214039; 1.900061; 2.033070;,
        -0.323083; 1.901606; 2.259607;,
        -0.459745; 1.903542; 2.193811;,
        -0.214039; 1.900061; 2.033070;,
        -0.213082; 1.967634; 2.033070;,
        -0.322126; 1.969179; 2.259607;,
        -0.323083; 1.901606; 2.259607;,
        -0.322126; 1.969179; 2.259607;,
        -0.458788; 1.971115; 2.193811;,
        -0.459745; 1.903542; 2.193811;,
        -0.323083; 1.901606; 2.259607;,
        -0.214039; 1.900061; 2.033070;,
        -0.350701; 1.901997; 1.967274;,
        -0.349744; 1.969570; 1.967274;,
        -0.213082; 1.967634; 2.033070;,
        -0.020738;-3.351484; 1.928719;,
        -0.093059;-3.350459; 1.928719;,
        -0.095234;-3.504017; 1.928719;,
        -0.022913;-3.505042; 1.928719;,
        -0.020738;-3.351484; 1.862093;,
        -0.022913;-3.505042; 1.862093;,
        -0.095234;-3.504017; 1.862093;,
        -0.093059;-3.350460; 1.862093;,
        -0.020738;-3.351484; 1.928719;,
        -0.020738;-3.351484; 1.862093;,
        -0.093059;-3.350460; 1.862093;,
        -0.093059;-3.350459; 1.928719;,
        -0.093059;-3.350459; 1.928719;,
        -0.093059;-3.350460; 1.862093;,
        -0.095234;-3.504017; 1.862093;,
        -0.095234;-3.504017; 1.928719;,
        -0.095234;-3.504017; 1.928719;,
        -0.095234;-3.504017; 1.862093;,
        -0.022913;-3.505042; 1.862093;,
        -0.022913;-3.505042; 1.928719;,
        -0.020738;-3.351484; 1.862093;,
        -0.020738;-3.351484; 1.928719;,
        -0.022913;-3.505042; 1.928719;,
        -0.022913;-3.505042; 1.862093;,
        -0.023028;-3.513137; 1.928719;,
        -0.095349;-3.512112; 1.928719;,
        -0.097524;-3.665671; 1.928719;,
        -0.025203;-3.666695; 1.928719;,
        -0.023028;-3.513137; 1.862093;,
        -0.025203;-3.666695; 1.862093;,
        -0.097524;-3.665671; 1.862093;,
        -0.095349;-3.512113; 1.862093;,
        -0.023028;-3.513137; 1.928719;,
        -0.023028;-3.513137; 1.862093;,
        -0.095349;-3.512113; 1.862093;,
        -0.095349;-3.512112; 1.928719;,
        -0.095349;-3.512112; 1.928719;,
        -0.095349;-3.512113; 1.862093;,
        -0.097524;-3.665671; 1.862093;,
        -0.097524;-3.665671; 1.928719;,
        -0.097524;-3.665671; 1.928719;,
        -0.097524;-3.665671; 1.862093;,
        -0.025203;-3.666695; 1.862093;,
        -0.025203;-3.666695; 1.928719;,
        -0.023028;-3.513137; 1.862093;,
        -0.023028;-3.513137; 1.928719;,
        -0.025203;-3.666695; 1.928719;,
        -0.025203;-3.666695; 1.862093;,
        -0.025295;-3.673172; 1.928719;,
        -0.097616;-3.672148; 1.928719;,
        -0.099792;-3.825706; 1.928719;,
        -0.027471;-3.826730; 1.928719;,
        -0.025295;-3.673172; 1.862093;,
        -0.027471;-3.826731; 1.862093;,
        -0.099792;-3.825706; 1.862093;,
        -0.097616;-3.672148; 1.862093;,
        -0.025295;-3.673172; 1.928719;,
        -0.025295;-3.673172; 1.862093;,
        -0.097616;-3.672148; 1.862093;,
        -0.097616;-3.672148; 1.928719;,
        -0.097616;-3.672148; 1.928719;,
        -0.097616;-3.672148; 1.862093;,
        -0.099792;-3.825706; 1.862093;,
        -0.099792;-3.825706; 1.928719;,
        -0.099792;-3.825706; 1.928719;,
        -0.099792;-3.825706; 1.862093;,
        -0.027471;-3.826731; 1.862093;,
        -0.027471;-3.826730; 1.928719;,
        -0.025295;-3.673172; 1.862093;,
        -0.025295;-3.673172; 1.928719;,
        -0.027471;-3.826730; 1.928719;,
        -0.027471;-3.826731; 1.862093;,
        -0.018460;-3.190715; 1.928719;,
        -0.090781;-3.189690; 1.928719;,
        -0.092957;-3.343248; 1.928719;,
        -0.020635;-3.344273; 1.928719;,
        -0.018460;-3.190715; 1.862093;,
        -0.020635;-3.344273; 1.862093;,
        -0.092957;-3.343248; 1.862093;,
        -0.090781;-3.189691; 1.862093;,
        -0.018460;-3.190715; 1.928719;,
        -0.018460;-3.190715; 1.862093;,
        -0.090781;-3.189691; 1.862093;,
        -0.090781;-3.189690; 1.928719;,
        -0.090781;-3.189690; 1.928719;,
        -0.090781;-3.189691; 1.862093;,
        -0.092957;-3.343248; 1.862093;,
        -0.092957;-3.343248; 1.928719;,
        -0.092957;-3.343248; 1.928719;,
        -0.092957;-3.343248; 1.862093;,
        -0.020635;-3.344273; 1.862093;,
        -0.020635;-3.344273; 1.928719;,
        -0.018460;-3.190715; 1.862093;,
        -0.018460;-3.190715; 1.928719;,
        -0.020635;-3.344273; 1.928719;,
        -0.020635;-3.344273; 1.862093;,
        -0.016193;-3.030679; 1.928719;,
        -0.088514;-3.029654; 1.928719;,
        -0.090689;-3.183213; 1.928719;,
        -0.018368;-3.184237; 1.928719;,
        -0.016193;-3.030679; 1.862093;,
        -0.018368;-3.184237; 1.862093;,
        -0.090689;-3.183213; 1.862093;,
        -0.088514;-3.029655; 1.862093;,
        -0.016193;-3.030679; 1.928719;,
        -0.016193;-3.030679; 1.862093;,
        -0.088514;-3.029655; 1.862093;,
        -0.088514;-3.029654; 1.928719;,
        -0.088514;-3.029654; 1.928719;,
        -0.088514;-3.029655; 1.862093;,
        -0.090689;-3.183213; 1.862093;,
        -0.090689;-3.183213; 1.928719;,
        -0.090689;-3.183213; 1.928719;,
        -0.090689;-3.183213; 1.862093;,
        -0.018368;-3.184237; 1.862093;,
        -0.018368;-3.184237; 1.928719;,
        -0.016193;-3.030679; 1.862093;,
        -0.016193;-3.030679; 1.928719;,
        -0.018368;-3.184237; 1.928719;,
        -0.018368;-3.184237; 1.862093;,
        -0.013903;-2.869026; 1.928719;,
        -0.086224;-2.868001; 1.928719;,
        -0.088399;-3.021559; 1.928719;,
        -0.016078;-3.022584; 1.928719;,
        -0.013903;-2.869026; 1.862093;,
        -0.016078;-3.022584; 1.862093;,
        -0.088399;-3.021559; 1.862093;,
        -0.086224;-2.868002; 1.862093;,
        -0.013903;-2.869026; 1.928719;,
        -0.013903;-2.869026; 1.862093;,
        -0.086224;-2.868002; 1.862093;,
        -0.086224;-2.868001; 1.928719;,
        -0.086224;-2.868001; 1.928719;,
        -0.086224;-2.868002; 1.862093;,
        -0.088399;-3.021559; 1.862093;,
        -0.088399;-3.021559; 1.928719;,
        -0.088399;-3.021559; 1.928719;,
        -0.088399;-3.021559; 1.862093;,
        -0.016078;-3.022584; 1.862093;,
        -0.016078;-3.022584; 1.928719;,
        -0.013903;-2.869026; 1.862093;,
        -0.013903;-2.869026; 1.928719;,
        -0.016078;-3.022584; 1.928719;,
        -0.016078;-3.022584; 1.862093;,
        -0.000162;-1.899122; 1.928719;,
        -0.072483;-1.898097; 1.928719;,
        -0.074658;-2.051655; 1.928719;,
        -0.002337;-2.052679; 1.928719;,
        -0.000162;-1.899122; 1.862093;,
        -0.002337;-2.052679; 1.862093;,
        -0.074658;-2.051655; 1.862093;,
        -0.072483;-1.898097; 1.862093;,
        -0.000162;-1.899122; 1.928719;,
        -0.000162;-1.899122; 1.862093;,
        -0.072483;-1.898097; 1.862093;,
        -0.072483;-1.898097; 1.928719;,
        -0.072483;-1.898097; 1.928719;,
        -0.072483;-1.898097; 1.862093;,
        -0.074658;-2.051655; 1.862093;,
        -0.074658;-2.051655; 1.928719;,
        -0.074658;-2.051655; 1.928719;,
        -0.074658;-2.051655; 1.862093;,
        -0.002337;-2.052679; 1.862093;,
        -0.002337;-2.052679; 1.928719;,
        -0.000162;-1.899122; 1.862093;,
        -0.000162;-1.899122; 1.928719;,
        -0.002337;-2.052679; 1.928719;,
        -0.002337;-2.052679; 1.862093;,
        -0.002452;-2.060774; 1.928719;,
        -0.074773;-2.059750; 1.928719;,
        -0.076948;-2.213308; 1.928719;,
        -0.004627;-2.214332; 1.928719;,
        -0.002452;-2.060774; 1.862093;,
        -0.004627;-2.214333; 1.862093;,
        -0.076948;-2.213308; 1.862093;,
        -0.074773;-2.059750; 1.862093;,
        -0.002452;-2.060774; 1.928719;,
        -0.002452;-2.060774; 1.862093;,
        -0.074773;-2.059750; 1.862093;,
        -0.074773;-2.059750; 1.928719;,
        -0.074773;-2.059750; 1.928719;,
        -0.074773;-2.059750; 1.862093;,
        -0.076948;-2.213308; 1.862093;,
        -0.076948;-2.213308; 1.928719;,
        -0.076948;-2.213308; 1.928719;,
        -0.076948;-2.213308; 1.862093;,
        -0.004627;-2.214333; 1.862093;,
        -0.004627;-2.214332; 1.928719;,
        -0.002452;-2.060774; 1.862093;,
        -0.002452;-2.060774; 1.928719;,
        -0.004627;-2.214332; 1.928719;,
        -0.004627;-2.214333; 1.862093;,
        -0.004719;-2.220810; 1.928719;,
        -0.077040;-2.219786; 1.928719;,
        -0.079216;-2.373344; 1.928719;,
        -0.006895;-2.374368; 1.928719;,
        -0.004719;-2.220810; 1.862093;,
        -0.006895;-2.374368; 1.862093;,
        -0.079216;-2.373344; 1.862093;,
        -0.077040;-2.219786; 1.862093;,
        -0.004719;-2.220810; 1.928719;,
        -0.004719;-2.220810; 1.862093;,
        -0.077040;-2.219786; 1.862093;,
        -0.077040;-2.219786; 1.928719;,
        -0.077040;-2.219786; 1.928719;,
        -0.077040;-2.219786; 1.862093;,
        -0.079216;-2.373344; 1.862093;,
        -0.079216;-2.373344; 1.928719;,
        -0.079216;-2.373344; 1.928719;,
        -0.079216;-2.373344; 1.862093;,
        -0.006895;-2.374368; 1.862093;,
        -0.006895;-2.374368; 1.928719;,
        -0.004719;-2.220810; 1.862093;,
        -0.004719;-2.220810; 1.928719;,
        -0.006895;-2.374368; 1.928719;,
        -0.006895;-2.374368; 1.862093;,
        -0.011554;-2.703268; 1.928719;,
        -0.083875;-2.702244; 1.928719;,
        -0.086051;-2.855801; 1.928719;,
        -0.013730;-2.856826; 1.928719;,
        -0.011554;-2.703268; 1.862093;,
        -0.013730;-2.856826; 1.862093;,
        -0.086051;-2.855801; 1.862093;,
        -0.083875;-2.702244; 1.862093;,
        -0.011554;-2.703268; 1.928719;,
        -0.011554;-2.703268; 1.862093;,
        -0.083875;-2.702244; 1.862093;,
        -0.083875;-2.702244; 1.928719;,
        -0.083875;-2.702244; 1.928719;,
        -0.083875;-2.702244; 1.862093;,
        -0.086051;-2.855801; 1.862093;,
        -0.086051;-2.855801; 1.928719;,
        -0.086051;-2.855801; 1.928719;,
        -0.086051;-2.855801; 1.862093;,
        -0.013730;-2.856826; 1.862093;,
        -0.013730;-2.856826; 1.928719;,
        -0.011554;-2.703268; 1.862093;,
        -0.011554;-2.703268; 1.928719;,
        -0.013730;-2.856826; 1.928719;,
        -0.013730;-2.856826; 1.862093;,
        -0.009287;-2.543232; 1.928719;,
        -0.081608;-2.542208; 1.928719;,
        -0.083783;-2.695766; 1.928719;,
        -0.011462;-2.696790; 1.928719;,
        -0.009287;-2.543232; 1.862093;,
        -0.011462;-2.696791; 1.862093;,
        -0.083783;-2.695766; 1.862093;,
        -0.081608;-2.542208; 1.862093;,
        -0.009287;-2.543232; 1.928719;,
        -0.009287;-2.543232; 1.862093;,
        -0.081608;-2.542208; 1.862093;,
        -0.081608;-2.542208; 1.928719;,
        -0.081608;-2.542208; 1.928719;,
        -0.081608;-2.542208; 1.862093;,
        -0.083783;-2.695766; 1.862093;,
        -0.083783;-2.695766; 1.928719;,
        -0.083783;-2.695766; 1.928719;,
        -0.083783;-2.695766; 1.862093;,
        -0.011462;-2.696791; 1.862093;,
        -0.011462;-2.696790; 1.928719;,
        -0.009287;-2.543232; 1.862093;,
        -0.009287;-2.543232; 1.928719;,
        -0.011462;-2.696790; 1.928719;,
        -0.011462;-2.696791; 1.862093;,
        -0.006997;-2.381580; 1.928719;,
        -0.079318;-2.380555; 1.928719;,
        -0.081493;-2.534113; 1.928719;,
        -0.009172;-2.535137; 1.928719;,
        -0.006997;-2.381580; 1.862093;,
        -0.009172;-2.535138; 1.862093;,
        -0.081493;-2.534113; 1.862093;,
        -0.079318;-2.380555; 1.862093;,
        -0.006997;-2.381580; 1.928719;,
        -0.006997;-2.381580; 1.862093;,
        -0.079318;-2.380555; 1.862093;,
        -0.079318;-2.380555; 1.928719;,
        -0.079318;-2.380555; 1.928719;,
        -0.079318;-2.380555; 1.862093;,
        -0.081493;-2.534113; 1.862093;,
        -0.081493;-2.534113; 1.928719;,
        -0.081493;-2.534113; 1.928719;,
        -0.081493;-2.534113; 1.862093;,
        -0.009172;-2.535138; 1.862093;,
        -0.009172;-2.535137; 1.928719;,
        -0.006997;-2.381580; 1.862093;,
        -0.006997;-2.381580; 1.928719;,
        -0.009172;-2.535137; 1.928719;,
        -0.009172;-2.535138; 1.862093;,
         0.006663;-1.417423; 1.928719;,
        -0.065658;-1.416399; 1.928719;,
        -0.067834;-1.569957; 1.928719;,
         0.004487;-1.570981; 1.928719;,
         0.006663;-1.417423; 1.862093;,
         0.004487;-1.570981; 1.862093;,
        -0.067834;-1.569957; 1.862093;,
        -0.065658;-1.416399; 1.862093;,
         0.006663;-1.417423; 1.928719;,
         0.006663;-1.417423; 1.862093;,
        -0.065658;-1.416399; 1.862093;,
        -0.065658;-1.416399; 1.928719;,
        -0.065658;-1.416399; 1.928719;,
        -0.065658;-1.416399; 1.862093;,
        -0.067834;-1.569957; 1.862093;,
        -0.067834;-1.569957; 1.928719;,
        -0.067834;-1.569957; 1.928719;,
        -0.067834;-1.569957; 1.862093;,
         0.004487;-1.570981; 1.862093;,
         0.004487;-1.570981; 1.928719;,
         0.006663;-1.417423; 1.862093;,
         0.006663;-1.417423; 1.928719;,
         0.004487;-1.570981; 1.928719;,
         0.004487;-1.570981; 1.862093;,
         0.004373;-1.579076; 1.928719;,
        -0.067949;-1.578052; 1.928719;,
        -0.070124;-1.731610; 1.928719;,
         0.002197;-1.732634; 1.928719;,
         0.004373;-1.579076; 1.862093;,
         0.002197;-1.732634; 1.862093;,
        -0.070124;-1.731610; 1.862093;,
        -0.067949;-1.578052; 1.862093;,
         0.004373;-1.579076; 1.928719;,
         0.004373;-1.579076; 1.862093;,
        -0.067949;-1.578052; 1.862093;,
        -0.067949;-1.578052; 1.928719;,
        -0.067949;-1.578052; 1.928719;,
        -0.067949;-1.578052; 1.862093;,
        -0.070124;-1.731610; 1.862093;,
        -0.070124;-1.731610; 1.928719;,
        -0.070124;-1.731610; 1.928719;,
        -0.070124;-1.731610; 1.862093;,
         0.002197;-1.732634; 1.862093;,
         0.002197;-1.732634; 1.928719;,
         0.004373;-1.579076; 1.862093;,
         0.004373;-1.579076; 1.928719;,
         0.002197;-1.732634; 1.928719;,
         0.002197;-1.732634; 1.862093;,
         0.002105;-1.739112; 1.928719;,
        -0.070216;-1.738087; 1.928719;,
        -0.072391;-1.891645; 1.928719;,
        -0.000070;-1.892670; 1.928719;,
         0.002105;-1.739112; 1.862093;,
        -0.000070;-1.892670; 1.862093;,
        -0.072391;-1.891645; 1.862093;,
        -0.070216;-1.738087; 1.862093;,
         0.002105;-1.739112; 1.928719;,
         0.002105;-1.739112; 1.862093;,
        -0.070216;-1.738087; 1.862093;,
        -0.070216;-1.738087; 1.928719;,
        -0.070216;-1.738087; 1.928719;,
        -0.070216;-1.738087; 1.862093;,
        -0.072391;-1.891645; 1.862093;,
        -0.072391;-1.891645; 1.928719;,
        -0.072391;-1.891645; 1.928719;,
        -0.072391;-1.891645; 1.862093;,
        -0.000070;-1.892670; 1.862093;,
        -0.000070;-1.892670; 1.928719;,
         0.002105;-1.739112; 1.862093;,
         0.002105;-1.739112; 1.928719;,
        -0.000070;-1.892670; 1.928719;,
        -0.000070;-1.892670; 1.862093;,
         0.008940;-1.256654; 1.928719;,
        -0.063381;-1.255629; 1.928719;,
        -0.065556;-1.409187; 1.928719;,
         0.006765;-1.410212; 1.928719;,
         0.008940;-1.256654; 1.862093;,
         0.006765;-1.410212; 1.862093;,
        -0.065556;-1.409187; 1.862093;,
        -0.063381;-1.255629; 1.862093;,
         0.008940;-1.256654; 1.928719;,
         0.008940;-1.256654; 1.862093;,
        -0.063381;-1.255629; 1.862093;,
        -0.063381;-1.255629; 1.928719;,
        -0.063381;-1.255629; 1.928719;,
        -0.063381;-1.255629; 1.862093;,
        -0.065556;-1.409187; 1.862093;,
