xof 0303txt 0032

template XSkinMeshHeader {
  <3cf169ce-ff7c-44ab-93c0-f78f62d172e2>
  WORD nMaxSkinWeightsPerVertex;
  WORD nMaxSkinWeightsPerFace;
  WORD nBones;
}

template SkinWeights {
  <6f0d123b-bad2-4167-a0d0-80224f25fabb>
  STRING transformNodeName;
  DWORD nWeights;
  array DWORD vertexIndices[nWeights];
  array float weights[nWeights];
  Matrix4x4 matrixOffset;
}

Frame Root {
  FrameTransformMatrix {
     1.000000, 0.000000, 0.000000, 0.000000,
     0.000000,-0.000000, 1.000000, 0.000000,
     0.000000, 1.000000, 0.000000, 0.000000,
     0.000000, 0.000000, 0.000000, 1.000000;;
  }
  Frame Armature {
    FrameTransformMatrix {
       0.014166, 0.999900, 0.000000, 0.000000,
      -0.999900, 0.014166, 0.000000, 0.000000,
       0.000000, 0.000000, 1.000000, 0.000000,
      -0.009096,-0.000333, 1.153323, 1.000000;;
    }
    Frame Armature_Bone {
      FrameTransformMatrix {
        -0.199457, 0.000000,-0.979907, 0.000000,
         0.979906, 0.000000,-0.199457, 0.000000,
        -0.000000,-1.000000,-0.000000, 0.000000,
        -0.373454,-0.000000,-0.130148, 1.000000;;
      }
      Frame Armature_Bone_031 {
        FrameTransformMatrix {
          -0.000001,-0.000000, 1.000000, 0.000000,
          -0.585612, 0.810592,-0.000000, 0.000000,
          -0.810592,-0.585612,-0.000000, 0.000000,
           0.000000, 0.729936, 0.000000, 1.000000;;
        }
        Frame Armature_Bone_032 {
          FrameTransformMatrix {
             1.000000, 0.000000,-0.000000, 0.000000,
            -0.000000, 0.866388,-0.499373, 0.000000,
             0.000000, 0.499373, 0.866387, 0.000000,
             0.000000, 0.530483,-0.000000, 1.000000;;
          }
          Frame Armature_Bone_033 {
            FrameTransformMatrix {
               1.000000,-0.000000, 0.000000, 0.000000,
               0.000000, 0.984062, 0.177826, 0.000000,
              -0.000000,-0.177826, 0.984062, 0.000000,
              -0.000000, 0.267114, 0.000000, 1.000000;;
            }
            Frame Armature_Bone_034 {
              FrameTransformMatrix {
                 0.401028, 0.705884,-0.583870, 0.000000,
                -0.605335, 0.682582, 0.409453, 0.000000,
                 0.687565, 0.189235, 0.701031, 0.000000,
                -0.000000, 0.439942, 0.000000, 1.000000;;
              }
            } // End of Armature_Bone_034
            Frame Armature_Bone_044 {
              FrameTransformMatrix {
                 1.000000, 0.000000,-0.000000, 0.000000,
                -0.000000, 0.940079,-0.340957, 0.000000,
                 0.000000, 0.340957, 0.940079, 0.000000,
                -0.000000, 0.439942, 0.000000, 1.000000;;
              }
              Frame Armature_Bone_045 {
                FrameTransformMatrix {
                   1.000000, 0.000000, 0.000000, 0.000000,
                   0.000000, 1.000000, 0.000000, 0.000000,
                   0.000000,-0.000000, 1.000000, 0.000000,
                   0.000000, 0.260518, 0.000000, 1.000000;;
                }
                Frame Armature_Bone_048 {
                  FrameTransformMatrix {
                     1.000000, 0.000000,-0.000000, 0.000000,
                    -0.000000, 0.997577,-0.069569, 0.000000,
                     0.000000, 0.069569, 0.997577, 0.000000,
                     0.000000, 0.212724, 0.000000, 1.000000;;
                  }
                } // End of Armature_Bone_048
              } // End of Armature_Bone_045
              Frame Armature_Bone_046 {
                FrameTransformMatrix {
                   0.000000, 0.827941, 0.560814, 0.000000,
                   0.000000, 0.560814,-0.827941, 0.000000,
                  -1.000000, 0.000000, 0.000000, 0.000000,
                   0.000000, 0.260518, 0.000000, 1.000000;;
                }
                Frame Armature_Bone_047 {
                  FrameTransformMatrix {
                     0.000000, 0.000000,-1.000000, 0.000000,
                     0.932030, 0.362382, 0.000000, 0.000000,
                     0.362382,-0.932030, 0.000000, 0.000000,
                     0.000000, 0.370980, 0.000000, 1.000000;;
                  }
                } // End of Armature_Bone_047
              } // End of Armature_Bone_046
            } // End of Armature_Bone_044
            Frame Armature_Bone_049 {
              FrameTransformMatrix {
                 0.084731, 0.459425,-0.884166, 0.000000,
                 0.594313, 0.688930, 0.414932, 0.000000,
                 0.799758,-0.560628,-0.214669, 0.000000,
                -0.000000, 0.439942, 0.000000, 1.000000;;
              }
            } // End of Armature_Bone_049
            Frame Armature_Bone_050 {
              FrameTransformMatrix {
                -0.000000, 0.874912,-0.484282, 0.000000,
                 0.999924,-0.005973,-0.010792, 0.000000,
                -0.012335,-0.484245,-0.874845, 0.000000,
                 0.467924, 0.601770, 0.197324, 1.000000;;
              }
              Frame Armature_Bone_053 {
                FrameTransformMatrix {
                   1.000000,-0.000001,-0.000040, 0.000000,
                  -0.000040,-0.055985,-0.998431, 0.000000,
                  -0.000002, 0.998432,-0.055985, 0.000000,
                  -0.000000, 0.322118, 0.000000, 1.000000;;
                }
              } // End of Armature_Bone_053
            } // End of Armature_Bone_050
            Frame Armature_Bone_051 {
              FrameTransformMatrix {
                 0.000000, 0.874928,-0.484253, 0.000000,
                -0.998995, 0.021706, 0.039218, 0.000000,
                 0.044824, 0.483766, 0.874049, 0.000000,
                -0.438409, 0.602117, 0.197951, 1.000000;;
              }
              Frame Armature_Bone_052 {
                FrameTransformMatrix {
                   1.000000, 0.000000, 0.000000, 0.000000,
                  -0.000000, 0.068588, 0.997645, 0.000000,
                   0.000000,-0.997645, 0.068587, 0.000000,
                   0.000000, 0.331952, 0.000000, 1.000000;;
                }
              } // End of Armature_Bone_052
            } // End of Armature_Bone_051
            Frame Armature_Bone_054 {
              FrameTransformMatrix {
                 0.000000, 0.999683, 0.025188, 0.000000,
                -0.000000, 0.025188,-0.999683, 0.000000,
                -1.000000, 0.000000, 0.000000, 0.000000,
                -0.000000, 0.439942, 0.000000, 1.000000;;
              }
              Frame Armature_Bone_055 {
                FrameTransformMatrix {
                   0.950822, 0.309737,-0.000000, 0.000000,
                  -0.000000, 0.000000, 1.000000, 0.000000,
                   0.309737,-0.950822, 0.000000, 0.000000,
                   0.000000, 0.409282, 0.000000, 1.000000;;
                }
              } // End of Armature_Bone_055
              Frame Armature_Bone_056 {
                FrameTransformMatrix {
                  -0.950822,-0.309738, 0.000000, 0.000000,
                   0.000000,-0.000000,-1.000000, 0.000000,
                   0.309738,-0.950822,-0.000000, 0.000000,
                   0.000000, 0.409282, 0.000000, 1.000000;;
                }
              } // End of Armature_Bone_056
            } // End of Armature_Bone_054
          } // End of Armature_Bone_033
        } // End of Armature_Bone_032
        Frame Armature_Bone_036 {
          FrameTransformMatrix {
             0.000000, 0.518111,-0.855313, 0.000000,
            -0.155219,-0.844947,-0.511832, 0.000000,
            -0.987880, 0.132761, 0.080421, 0.000000,
            -0.555288, 0.530483,-0.000000, 1.000000;;
          }
          Frame Armature_Bone_037 {
            FrameTransformMatrix {
               0.972141, 0.231556,-0.036382, 0.000000,
              -0.234396, 0.960359,-0.150895, 0.000000,
              -0.000000, 0.155219, 0.987880, 0.000000,
               0.000000, 0.395998,-0.000000, 1.000000;;
            }
            Frame Armature_Bone_038 {
              FrameTransformMatrix {
                -0.605531,-0.795822, 0.000000, 0.000000,
                 0.795822,-0.605531, 0.000000, 0.000000,
                -0.000000, 0.000000, 1.000000, 0.000000,
                -0.000000, 0.411694,-0.000000, 1.000000;;
              }
              Frame Armature_Bone_039 {
                FrameTransformMatrix {
                   0.902222, 0.431269, 0.001647, 0.000000,
                  -0.431259, 0.902218,-0.004327, 0.000000,
                  -0.003351, 0.003193, 0.999989, 0.000000,
                  -0.000000, 0.482704,-0.000000, 1.000000;;
                }
              } // End of Armature_Bone_039
            } // End of Armature_Bone_038
          } // End of Armature_Bone_037
        } // End of Armature_Bone_036
        Frame Armature_Bone_040 {
          FrameTransformMatrix {
            -0.420063, 0.895733,-0.145636, 0.000000,
             0.065069,-0.130339,-0.989332, 0.000000,
            -0.905159,-0.425059,-0.003534, 0.000000,
             0.574098, 0.530483,-0.000000, 1.000000;;
          }
          Frame Armature_Bone_041 {
            FrameTransformMatrix {
               0.987555,-0.153936,-0.032232, 0.000000,
               0.157274, 0.966593, 0.202393, 0.000000,
              -0.000000,-0.204944, 0.978774, 0.000000,
              -0.000000, 0.329321,-0.000000, 1.000000;;
            }
            Frame Armature_Bone_042 {
              FrameTransformMatrix {
                 0.611675,-0.791109, 0.000000, 0.000000,
                 0.791109, 0.611675, 0.000001, 0.000000,
                -0.000001,-0.000000, 1.000000, 0.000000,
                 0.000000, 0.485965,-0.000000, 1.000000;;
              }
              Frame Armature_Bone_043 {
                FrameTransformMatrix {
                   0.528546, 0.848904,-0.000000, 0.000000,
                  -0.848904, 0.528546,-0.000000, 0.000000,
                   0.000000, 0.000000, 1.000000, 0.000000,
                  -0.000000, 0.472470,-0.000000, 1.000000;;
                }
              } // End of Armature_Bone_043
            } // End of Armature_Bone_042
          } // End of Armature_Bone_041
        } // End of Armature_Bone_040
      } // End of Armature_Bone_031
    } // End of Armature_Bone
    Frame Armature_Bone_001 {
      FrameTransformMatrix {
         0.000000, 1.000000, 0.000000, 0.000000,
        -0.966850, 0.000000,-0.255346, 0.000000,
        -0.255346, 0.000000, 0.966850, 0.000000,
        -0.372616, 0.000000,-0.130369, 1.000000;;
      }
      Frame Armature_Bone_004 {
        FrameTransformMatrix {
          -0.098721,-0.903072, 0.417990, 0.000000,
          -0.121390,-0.405976,-0.905785, 0.000000,
           0.987683,-0.140160,-0.069545, 0.000000,
           0.533900, 0.392401, 0.000000, 1.000000;;
        }
        Frame Armature_Bone_005 {
          FrameTransformMatrix {
             0.973863, 0.226958,-0.008961, 0.000000,
            -0.226934, 0.973903, 0.003629, 0.000000,
             0.009551,-0.001501, 0.999953, 0.000000,
             0.000000, 0.447701, 0.000000, 1.000000;;
          }
          Frame Armature_Bone_006 {
            FrameTransformMatrix {
              -0.292309, 0.955888, 0.028880, 0.000000,
              -0.956304,-0.292366,-0.002355, 0.000000,
               0.006192,-0.028306, 0.999580, 0.000000,
              -0.000000, 0.445881, 0.000000, 1.000000;;
            }
            Frame Armature_Bone_007 {
              FrameTransformMatrix {
                -0.226031,-0.971761, 0.067760, 0.000000,
                 0.974088,-0.224909, 0.023849, 0.000000,
                -0.007936, 0.071395, 0.997416, 0.000000,
                -0.000000, 0.565211, 0.000000, 1.000000;;
              }
            } // End of Armature_Bone_007
          } // End of Armature_Bone_006
        } // End of Armature_Bone_005
      } // End of Armature_Bone_004
      Frame Armature_Bone_008 {
        FrameTransformMatrix {
           0.079976,-0.847271, 0.525106, 0.000000,
           0.086279,-0.518932,-0.850450, 0.000000,
           0.993056, 0.113321, 0.031600, 0.000000,
          -0.519334, 0.392401, 0.000000, 1.000000;;
        }
        Frame Armature_Bone_009 {
          FrameTransformMatrix {
             0.995335, 0.096466, 0.001549, 0.000000,
            -0.096478, 0.995207, 0.015975, 0.000000,
            -0.000000,-0.016050, 0.999871, 0.000000,
            -0.000000, 0.366441,-0.000000, 1.000000;;
          }
          Frame Armature_Bone_010 {
            FrameTransformMatrix {
              -0.314748, 0.949175,-0.000000, 0.000000,
              -0.949176,-0.314748,-0.000000, 0.000000,
              -0.000000,-0.000000, 1.000000, 0.000000,
              -0.000000, 0.535818,-0.000000, 1.000000;;
            }
            Frame Armature_Bone_011 {
              FrameTransformMatrix {
                -0.198728,-0.980054, 0.000000, 0.000000,
                 0.980055,-0.198728,-0.000000, 0.000000,
                 0.000000, 0.000000, 1.000000, 0.000000,
                 0.000000, 0.563488,-0.000000, 1.000000;;
              }
            } // End of Armature_Bone_011
          } // End of Armature_Bone_010
        } // End of Armature_Bone_009
      } // End of Armature_Bone_008
      Frame Armature_Bone_012 {
        FrameTransformMatrix {
           1.000000, 0.000000,-0.000000, 0.000000,
           0.000000, 0.847771, 0.530362, 0.000000,
           0.000000,-0.530362, 0.847771, 0.000000,
           0.000000, 0.392401, 0.000000, 1.000000;;
        }
        Frame Armature_Bone_013 {
          FrameTransformMatrix {
             0.999220,-0.033845, 0.020361, 0.000000,
             0.039494, 0.863531,-0.502746, 0.000000,
            -0.000567, 0.503158, 0.864194, 0.000000,
             0.000000, 0.309314,-0.000000, 1.000000;;
          }
          Frame Armature_Bone_014 {
            FrameTransformMatrix {
               0.999978, 0.000639, 0.006535, 0.000000,
               0.000343, 0.988798,-0.149260, 0.000000,
              -0.006557, 0.149259, 0.988777, 0.000000,
               0.000000, 0.157753, 0.000000, 1.000000;;
            }
            Frame Armature_Bone_015 {
              FrameTransformMatrix {
                 0.999980, 0.000702, 0.006298, 0.000000,
                -0.000134, 0.995958,-0.089817, 0.000000,
                -0.006335, 0.089814, 0.995938, 0.000000,
                 0.000000, 0.163315,-0.000000, 1.000000;;
              }
              Frame Armature_Bone_016 {
                FrameTransformMatrix {
                   0.999977, 0.001264, 0.006669, 0.000000,
                  -0.000742, 0.996970,-0.077779, 0.000000,
                  -0.006747, 0.077773, 0.996948, 0.000000,
                   0.000000, 0.164807, 0.000000, 1.000000;;
                }
                Frame Armature_Bone_017 {
                  FrameTransformMatrix {
                     0.999958, 0.002838, 0.008784, 0.000000,
                    -0.001037, 0.980094,-0.198533, 0.000000,
                    -0.009172, 0.198515, 0.980055, 0.000000,
                     0.000000, 0.155758,-0.000000, 1.000000;;
                  }
                  Frame Armature_Bone_018 {
                    FrameTransformMatrix {
                       0.999929, 0.004411, 0.011029, 0.000000,
                      -0.001788, 0.973798,-0.227409, 0.000000,
                      -0.011743, 0.227373, 0.973737, 0.000000,
                      -0.000000, 0.165101, 0.000000, 1.000000;;
                    }
                    Frame Armature_Bone_019 {
                      FrameTransformMatrix {
                         0.999998, 0.000653, 0.001922, 0.000000,
                        -0.000785, 0.997576, 0.069577, 0.000000,
                        -0.001872,-0.069578, 0.997575, 0.000000,
                        -0.000000, 0.160725,-0.000000, 1.000000;;
                      }
                      Frame Armature_Bone_020 {
                        FrameTransformMatrix {
                           0.999979, 0.003164, 0.005716, 0.000000,
                          -0.003222, 0.999944, 0.010104, 0.000000,
                          -0.005683,-0.010122, 0.999933, 0.000000,
                          -0.000000, 0.152439,-0.000000, 1.000000;;
                        }
                        Frame Armature_Bone_021 {
                          FrameTransformMatrix {
                             0.999961,-0.004123,-0.007790, 0.000000,
                             0.006099, 0.961735, 0.273915, 0.000000,
                             0.006363,-0.273952, 0.961722, 0.000000,
                             0.000000, 0.154435, 0.000000, 1.000000;;
                          }
                          Frame Armature_Bone_022 {
                            FrameTransformMatrix {
                               0.998149,-0.005046,-0.060606, 0.000000,
                               0.023081, 0.953421, 0.300760, 0.000000,
                               0.056265,-0.301602, 0.951772, 0.000000,
                               0.000000, 0.164986, 0.000000, 1.000000;;
                            }
                            Frame Armature_Bone_023 {
                              FrameTransformMatrix {
                                 0.999951, 0.005434,-0.008330, 0.000000,
                                -0.002423, 0.945417, 0.325854, 0.000000,
                                 0.009646,-0.325818, 0.945383, 0.000000,
                                 0.000000, 0.161733,-0.000000, 1.000000;;
                              }
                              Frame Armature_Bone_024 {
                                FrameTransformMatrix {
                                   0.996846, 0.026586,-0.074772, 0.000000,
                                  -0.017310, 0.992370, 0.122075, 0.000000,
                                   0.077447,-0.120396, 0.989700, 0.000000,
                                  -0.000000, 0.162481,-0.000000, 1.000000;;
                                }
                                Frame Armature_Bone_025 {
                                  FrameTransformMatrix {
                                     0.999787, 0.020130, 0.004557, 0.000000,
                                    -0.020640, 0.974910, 0.221642, 0.000000,
                                     0.000019,-0.221689, 0.975117, 0.000000,
                                     0.000000, 0.156658,-0.000000, 1.000000;;
                                  }
                                  Frame Armature_Bone_026 {
                                    FrameTransformMatrix {
                                       0.999710, 0.024066, 0.001145, 0.000000,
                                      -0.023092, 0.943521, 0.330506, 0.000000,
                                       0.006874,-0.330436, 0.943803, 0.000000,
                                      -0.000000, 0.166429,-0.000000, 1.000000;;
                                    }
                                    Frame Armature_Bone_027 {
                                      FrameTransformMatrix {
                                         0.999906, 0.013669,-0.000937, 0.000000,
                                        -0.013470, 0.993235, 0.115341, 0.000000,
                                         0.002507,-0.115317, 0.993326, 0.000000,
                                        -0.000000, 0.154294, 0.000000, 1.000000;;
                                      }
                                      Frame Armature_Bone_028 {
                                        FrameTransformMatrix {
                                           0.999665, 0.023075, 0.011714, 0.000000,
                                          -0.025197, 0.971090, 0.237381, 0.000000,
                                          -0.005898,-0.237596, 0.971346, 0.000000,
                                          -0.000000, 0.171570,-0.000000, 1.000000;;
                                        }
                                        Frame Armature_Bone_029 {
                                          FrameTransformMatrix {
                                             0.999944,-0.009536, 0.004532, 0.000000,
                                             0.010054, 0.991079,-0.132898, 0.000000,
                                            -0.003224, 0.132936, 0.991119, 0.000000,
                                             0.000000, 0.165485, 0.000000, 1.000000;;
                                          }
                                          Frame Armature_Bone_030 {
                                            FrameTransformMatrix {
                                               0.999924,-0.010852, 0.005770, 0.000000,
                                               0.011740, 0.982243,-0.187248, 0.000000,
                                              -0.003636, 0.187301, 0.982296, 0.000000,
                                               0.000000, 0.160466,-0.000000, 1.000000;;
                                            }
                                          } // End of Armature_Bone_030
                                        } // End of Armature_Bone_029
                                      } // End of Armature_Bone_028
                                    } // End of Armature_Bone_027
                                  } // End of Armature_Bone_026
                                } // End of Armature_Bone_025
                              } // End of Armature_Bone_024
                            } // End of Armature_Bone_023
                          } // End of Armature_Bone_022
                        } // End of Armature_Bone_021
                      } // End of Armature_Bone_020
                    } // End of Armature_Bone_019
                  } // End of Armature_Bone_018
                } // End of Armature_Bone_017
              } // End of Armature_Bone_016
            } // End of Armature_Bone_015
          } // End of Armature_Bone_014
        } // End of Armature_Bone_013
      } // End of Armature_Bone_012
    } // End of Armature_Bone_001
    Frame Cube {
      FrameTransformMatrix {
         0.356104, 0.000000, 0.000000, 0.000000,
         0.000000, 0.519689, 0.000000, 0.000000,
         0.000000, 0.000000, 0.347380, 0.000000,
         0.795880, 0.000333, 0.443785, 1.000000;;
      }
      Mesh { // Cube mesh
        1496;
         3.282752;-0.708798; 1.065081;,
         3.282752;-0.444767; 1.251231;,
         3.282752;-0.651008; 1.905931;,
         3.282752;-0.915038; 1.719781;,
         3.282752;-0.444767; 1.251231;,
         3.092977;-0.444767; 1.251231;,
         3.092977;-0.651008; 1.905931;,
         3.282752;-0.651008; 1.905931;,
         3.092977;-0.444767; 1.251231;,
         3.092977;-0.708798; 1.065081;,
         3.092977;-0.915038; 1.719781;,
         3.092977;-0.651008; 1.905931;,
         3.092977;-0.708798; 1.065081;,
         3.282752;-0.708798; 1.065081;,
         3.282752;-0.915038; 1.719781;,
         3.092977;-0.915038; 1.719781;,
         3.282752;-0.915038; 1.719781;,
         3.282752;-0.651008; 1.905931;,
         3.092977;-0.651008; 1.905931;,
         3.092977;-0.915038; 1.719781;,
         3.092977;-0.708798; 1.065081;,
         3.092977;-0.444767; 1.251231;,
         3.282752;-0.444767; 1.251231;,
         3.282752;-0.708798; 1.065081;,
         3.282752; 0.445479; 1.254998;,
         3.282752; 0.708473; 1.065593;,
         3.282752; 0.918320; 1.717723;,
         3.282752; 0.655326; 1.907128;,
         3.282752; 0.708473; 1.065593;,
         3.092977; 0.708473; 1.065593;,
         3.092977; 0.918320; 1.717723;,
         3.282752; 0.918320; 1.717723;,
         3.092977; 0.708473; 1.065593;,
         3.092977; 0.445479; 1.254998;,
         3.092977; 0.655326; 1.907128;,
         3.092977; 0.918320; 1.717723;,
         3.092977; 0.445479; 1.254998;,
         3.282752; 0.445479; 1.254998;,
         3.282752; 0.655326; 1.907128;,
         3.092977; 0.655326; 1.907128;,
         3.282752; 0.655326; 1.907128;,
         3.282752; 0.918320; 1.717723;,
         3.092977; 0.918320; 1.717723;,
         3.092977; 0.655326; 1.907128;,
         3.092977; 0.445479; 1.254998;,
         3.092977; 0.708473; 1.065593;,
         3.282752; 0.708473; 1.065593;,
         3.282752; 0.445479; 1.254998;,
        -11.645096;-0.069588; 0.954604;,
        -11.645096; 0.069588; 0.954604;,
        -12.076357; 0.069588; 0.954604;,
        -12.076356;-0.069588; 0.954604;,
        -11.645096;-0.069588; 0.762810;,
        -12.076357;-0.069588; 0.762810;,
        -12.076357; 0.069588; 0.762810;,
        -11.645097; 0.069588; 0.762810;,
        -11.645096;-0.069588; 0.954604;,
        -11.645096;-0.069588; 0.762810;,
        -11.645097; 0.069588; 0.762810;,
        -11.645096; 0.069588; 0.954604;,
        -11.645096; 0.069588; 0.954604;,
        -11.645097; 0.069588; 0.762810;,
        -12.076357; 0.069588; 0.762810;,
        -12.076357; 0.069588; 0.954604;,
        -12.076357; 0.069588; 0.954604;,
        -12.076357; 0.069588; 0.762810;,
        -12.076357;-0.069588; 0.762810;,
        -12.076356;-0.069588; 0.954604;,
        -11.645096;-0.069588; 0.762810;,
        -11.645096;-0.069588; 0.954604;,
        -12.076356;-0.069588; 0.954604;,
        -12.076357;-0.069588; 0.762810;,
        -12.099092;-0.069588; 0.954604;,
        -12.099092; 0.069588; 0.954604;,
        -12.530353; 0.069588; 0.954604;,
        -12.530352;-0.069588; 0.954604;,
        -12.099092;-0.069588; 0.762810;,
        -12.530353;-0.069588; 0.762810;,
        -12.530353; 0.069588; 0.762810;,
        -12.099092; 0.069588; 0.762810;,
        -12.099092;-0.069588; 0.954604;,
        -12.099092;-0.069588; 0.762810;,
        -12.099092; 0.069588; 0.762810;,
        -12.099092; 0.069588; 0.954604;,
        -12.099092; 0.069588; 0.954604;,
        -12.099092; 0.069588; 0.762810;,
        -12.530353; 0.069588; 0.762810;,
        -12.530353; 0.069588; 0.954604;,
        -12.530353; 0.069588; 0.954604;,
        -12.530353; 0.069588; 0.762810;,
        -12.530353;-0.069588; 0.762810;,
        -12.530352;-0.069588; 0.954604;,
        -12.099092;-0.069588; 0.762810;,
        -12.099092;-0.069588; 0.954604;,
        -12.530352;-0.069588; 0.954604;,
        -12.530353;-0.069588; 0.762810;,
        -12.548544;-0.069588; 0.954604;,
        -12.548544; 0.069588; 0.954604;,
        -12.979805; 0.069588; 0.954604;,
        -12.979804;-0.069588; 0.954604;,
        -12.548544;-0.069588; 0.762810;,
        -12.979805;-0.069588; 0.762810;,
        -12.979805; 0.069588; 0.762810;,
        -12.548545; 0.069588; 0.762810;,
        -12.548544;-0.069588; 0.954604;,
        -12.548544;-0.069588; 0.762810;,
        -12.548545; 0.069588; 0.762810;,
        -12.548544; 0.069588; 0.954604;,
        -12.548544; 0.069588; 0.954604;,
        -12.548545; 0.069588; 0.762810;,
        -12.979805; 0.069588; 0.762810;,
        -12.979805; 0.069588; 0.954604;,
        -12.979805; 0.069588; 0.954604;,
        -12.979805; 0.069588; 0.762810;,
        -12.979805;-0.069588; 0.762810;,
        -12.979804;-0.069588; 0.954604;,
        -12.548544;-0.069588; 0.762810;,
        -12.548544;-0.069588; 0.954604;,
        -12.979804;-0.069588; 0.954604;,
        -12.979805;-0.069588; 0.762810;,
        -11.193583;-0.069588; 0.954604;,
        -11.193583; 0.069588; 0.954604;,
        -11.624845; 0.069588; 0.954604;,
        -11.624844;-0.069588; 0.954604;,
        -11.193583;-0.069588; 0.762810;,
        -11.624845;-0.069588; 0.762810;,
        -11.624845; 0.069588; 0.762810;,
        -11.193584; 0.069588; 0.762810;,
        -11.193583;-0.069588; 0.954604;,
        -11.193583;-0.069588; 0.762810;,
        -11.193584; 0.069588; 0.762810;,
        -11.193583; 0.069588; 0.954604;,
        -11.193583; 0.069588; 0.954604;,
        -11.193584; 0.069588; 0.762810;,
        -11.624845; 0.069588; 0.762810;,
        -11.624845; 0.069588; 0.954604;,
        -11.624845; 0.069588; 0.954604;,
        -11.624845; 0.069588; 0.762810;,
        -11.624845;-0.069588; 0.762810;,
        -11.624844;-0.069588; 0.954604;,
        -11.193583;-0.069588; 0.762810;,
        -11.193583;-0.069588; 0.954604;,
        -11.624844;-0.069588; 0.954604;,
        -11.624845;-0.069588; 0.762810;,
        -10.744130;-0.069588; 0.954604;,
        -10.744130; 0.069588; 0.954604;,
        -11.175391; 0.069588; 0.954604;,
        -11.175390;-0.069588; 0.954604;,
        -10.744130;-0.069588; 0.762810;,
        -11.175391;-0.069588; 0.762810;,
        -11.175391; 0.069588; 0.762810;,
        -10.744131; 0.069588; 0.762810;,
        -10.744130;-0.069588; 0.954604;,
        -10.744130;-0.069588; 0.762810;,
        -10.744131; 0.069588; 0.762810;,
        -10.744130; 0.069588; 0.954604;,
        -10.744130; 0.069588; 0.954604;,
        -10.744131; 0.069588; 0.762810;,
        -11.175391; 0.069588; 0.762810;,
        -11.175391; 0.069588; 0.954604;,
        -11.175391; 0.069588; 0.954604;,
        -11.175391; 0.069588; 0.762810;,
        -11.175391;-0.069588; 0.762810;,
        -11.175390;-0.069588; 0.954604;,
        -10.744130;-0.069588; 0.762810;,
        -10.744130;-0.069588; 0.954604;,
        -11.175390;-0.069588; 0.954604;,
        -11.175391;-0.069588; 0.762810;,
        -10.290135;-0.069588; 0.954604;,
        -10.290135; 0.069588; 0.954604;,
        -10.721396; 0.069588; 0.954604;,
        -10.721395;-0.069588; 0.954604;,
        -10.290135;-0.069588; 0.762810;,
        -10.721396;-0.069588; 0.762810;,
        -10.721396; 0.069588; 0.762810;,
        -10.290136; 0.069588; 0.762810;,
        -10.290135;-0.069588; 0.954604;,
        -10.290135;-0.069588; 0.762810;,
        -10.290136; 0.069588; 0.762810;,
        -10.290135; 0.069588; 0.954604;,
        -10.290135; 0.069588; 0.954604;,
        -10.290136; 0.069588; 0.762810;,
        -10.721396; 0.069588; 0.762810;,
        -10.721396; 0.069588; 0.954604;,
        -10.721396; 0.069588; 0.954604;,
        -10.721396; 0.069588; 0.762810;,
        -10.721396;-0.069588; 0.762810;,
        -10.721395;-0.069588; 0.954604;,
        -10.290135;-0.069588; 0.762810;,
        -10.290135;-0.069588; 0.954604;,
        -10.721395;-0.069588; 0.954604;,
        -10.721396;-0.069588; 0.762810;,
        -7.566204;-0.069588; 0.954604;,
        -7.566204; 0.069588; 0.954604;,
        -7.997464; 0.069588; 0.954604;,
        -7.997464;-0.069588; 0.954604;,
        -7.566204;-0.069588; 0.762810;,
        -7.997464;-0.069588; 0.762810;,
        -7.997464; 0.069588; 0.762810;,
        -7.566204; 0.069588; 0.762810;,
        -7.566204;-0.069588; 0.954604;,
        -7.566204;-0.069588; 0.762810;,
        -7.566204; 0.069588; 0.762810;,
        -7.566204; 0.069588; 0.954604;,
        -7.566204; 0.069588; 0.954604;,
        -7.566204; 0.069588; 0.762810;,
        -7.997464; 0.069588; 0.762810;,
        -7.997464; 0.069588; 0.954604;,
        -7.997464; 0.069588; 0.954604;,
        -7.997464; 0.069588; 0.762810;,
        -7.997464;-0.069588; 0.762810;,
        -7.997464;-0.069588; 0.954604;,
        -7.566204;-0.069588; 0.762810;,
        -7.566204;-0.069588; 0.954604;,
        -7.997464;-0.069588; 0.954604;,
        -7.997464;-0.069588; 0.762810;,
        -8.020198;-0.069588; 0.954604;,
        -8.020198; 0.069588; 0.954604;,
        -8.451459; 0.069588; 0.954604;,
        -8.451458;-0.069588; 0.954604;,
        -8.020198;-0.069588; 0.762810;,
        -8.451459;-0.069588; 0.762810;,
        -8.451459; 0.069588; 0.762810;,
        -8.020199; 0.069588; 0.762810;,
        -8.020198;-0.069588; 0.954604;,
        -8.020198;-0.069588; 0.762810;,
        -8.020199; 0.069588; 0.762810;,
        -8.020198; 0.069588; 0.954604;,
        -8.020198; 0.069588; 0.954604;,
        -8.020199; 0.069588; 0.762810;,
        -8.451459; 0.069588; 0.762810;,
        -8.451459; 0.069588; 0.954604;,
        -8.451459; 0.069588; 0.954604;,
        -8.451459; 0.069588; 0.762810;,
        -8.451459;-0.069588; 0.762810;,
        -8.451458;-0.069588; 0.954604;,
        -8.020198;-0.069588; 0.762810;,
        -8.020198;-0.069588; 0.954604;,
        -8.451458;-0.069588; 0.954604;,
        -8.451459;-0.069588; 0.762810;,
        -8.469651;-0.069588; 0.954604;,
        -8.469651; 0.069588; 0.954604;,
        -8.900912; 0.069588; 0.954604;,
        -8.900911;-0.069588; 0.954604;,
        -8.469651;-0.069588; 0.762810;,
        -8.900912;-0.069588; 0.762810;,
        -8.900912; 0.069588; 0.762810;,
        -8.469652; 0.069588; 0.762810;,
        -8.469651;-0.069588; 0.954604;,
        -8.469651;-0.069588; 0.762810;,
        -8.469652; 0.069588; 0.762810;,
        -8.469651; 0.069588; 0.954604;,
        -8.469651; 0.069588; 0.954604;,
        -8.469652; 0.069588; 0.762810;,
        -8.900912; 0.069588; 0.762810;,
        -8.900912; 0.069588; 0.954604;,
        -8.900912; 0.069588; 0.954604;,
        -8.900912; 0.069588; 0.762810;,
        -8.900912;-0.069588; 0.762810;,
        -8.900911;-0.069588; 0.954604;,
        -8.469651;-0.069588; 0.762810;,
        -8.469651;-0.069588; 0.954604;,
        -8.900911;-0.069588; 0.954604;,
        -8.900912;-0.069588; 0.762810;,
        -9.824612;-0.069588; 0.954604;,
        -9.824612; 0.069588; 0.954604;,
        -10.255873; 0.069588; 0.954604;,
        -10.255872;-0.069588; 0.954604;,
        -9.824612;-0.069588; 0.762810;,
        -10.255873;-0.069588; 0.762810;,
        -10.255873; 0.069588; 0.762810;,
        -9.824613; 0.069588; 0.762810;,
        -9.824612;-0.069588; 0.954604;,
        -9.824612;-0.069588; 0.762810;,
        -9.824613; 0.069588; 0.762810;,
        -9.824612; 0.069588; 0.954604;,
        -9.824612; 0.069588; 0.954604;,
        -9.824613; 0.069588; 0.762810;,
        -10.255873; 0.069588; 0.762810;,
        -10.255873; 0.069588; 0.954604;,
        -10.255873; 0.069588; 0.954604;,
        -10.255873; 0.069588; 0.762810;,
        -10.255873;-0.069588; 0.762810;,
        -10.255872;-0.069588; 0.954604;,
        -9.824612;-0.069588; 0.762810;,
        -9.824612;-0.069588; 0.954604;,
        -10.255872;-0.069588; 0.954604;,
        -10.255873;-0.069588; 0.762810;,
        -9.375159;-0.069588; 0.954604;,
        -9.375159; 0.069588; 0.954604;,
        -9.806420; 0.069588; 0.954604;,
        -9.806419;-0.069588; 0.954604;,
        -9.375159;-0.069588; 0.762810;,
        -9.806420;-0.069588; 0.762810;,
        -9.806420; 0.069588; 0.762810;,
        -9.375160; 0.069588; 0.762810;,
        -9.375159;-0.069588; 0.954604;,
        -9.375159;-0.069588; 0.762810;,
        -9.375160; 0.069588; 0.762810;,
        -9.375159; 0.069588; 0.954604;,
        -9.375159; 0.069588; 0.954604;,
        -9.375160; 0.069588; 0.762810;,
        -9.806420; 0.069588; 0.762810;,
        -9.806420; 0.069588; 0.954604;,
        -9.806420; 0.069588; 0.954604;,
        -9.806420; 0.069588; 0.762810;,
        -9.806420;-0.069588; 0.762810;,
        -9.806419;-0.069588; 0.954604;,
        -9.375159;-0.069588; 0.762810;,
        -9.375159;-0.069588; 0.954604;,
        -9.806419;-0.069588; 0.954604;,
        -9.806420;-0.069588; 0.762810;,
        -8.921165;-0.069588; 0.954604;,
        -8.921165; 0.069588; 0.954604;,
        -9.352426; 0.069588; 0.954604;,
        -9.352425;-0.069588; 0.954604;,
        -8.921165;-0.069588; 0.762810;,
        -9.352426;-0.069588; 0.762810;,
        -9.352426; 0.069588; 0.762810;,
        -8.921165; 0.069588; 0.762810;,
        -8.921165;-0.069588; 0.954604;,
        -8.921165;-0.069588; 0.762810;,
        -8.921165; 0.069588; 0.762810;,
        -8.921165; 0.069588; 0.954604;,
        -8.921165; 0.069588; 0.954604;,
        -8.921165; 0.069588; 0.762810;,
        -9.352426; 0.069588; 0.762810;,
        -9.352426; 0.069588; 0.954604;,
        -9.352426; 0.069588; 0.954604;,
        -9.352426; 0.069588; 0.762810;,
        -9.352426;-0.069588; 0.762810;,
        -9.352425;-0.069588; 0.954604;,
        -8.921165;-0.069588; 0.762810;,
        -8.921165;-0.069588; 0.954604;,
        -9.352425;-0.069588; 0.954604;,
        -9.352426;-0.069588; 0.762810;,
        -6.213377;-0.069588; 0.954604;,
        -6.213377; 0.069588; 0.954604;,
        -6.644637; 0.069588; 0.954604;,
        -6.644637;-0.069588; 0.954604;,
        -6.213377;-0.069588; 0.762810;,
        -6.644637;-0.069588; 0.762810;,
        -6.644637; 0.069588; 0.762810;,
        -6.213377; 0.069588; 0.762810;,
        -6.213377;-0.069588; 0.954604;,
        -6.213377;-0.069588; 0.762810;,
        -6.213377; 0.069588; 0.762810;,
        -6.213377; 0.069588; 0.954604;,
        -6.213377; 0.069588; 0.954604;,
        -6.213377; 0.069588; 0.762810;,
        -6.644637; 0.069588; 0.762810;,
        -6.644637; 0.069588; 0.954604;,
        -6.644637; 0.069588; 0.954604;,
        -6.644637; 0.069588; 0.762810;,
        -6.644637;-0.069588; 0.762810;,
        -6.644637;-0.069588; 0.954604;,
        -6.213377;-0.069588; 0.762810;,
        -6.213377;-0.069588; 0.954604;,
        -6.644637;-0.069588; 0.954604;,
        -6.644637;-0.069588; 0.762810;,
        -6.667371;-0.069588; 0.954604;,
        -6.667371; 0.069588; 0.954604;,
        -7.098631; 0.069588; 0.954604;,
        -7.098631;-0.069588; 0.954604;,
        -6.667371;-0.069588; 0.762810;,
        -7.098631;-0.069588; 0.762810;,
        -7.098631; 0.069588; 0.762810;,
        -6.667371; 0.069588; 0.762810;,
        -6.667371;-0.069588; 0.954604;,
        -6.667371;-0.069588; 0.762810;,
        -6.667371; 0.069588; 0.762810;,
        -6.667371; 0.069588; 0.954604;,
        -6.667371; 0.069588; 0.954604;,
        -6.667371; 0.069588; 0.762810;,
        -7.098631; 0.069588; 0.762810;,
        -7.098631; 0.069588; 0.954604;,
        -7.098631; 0.069588; 0.954604;,
        -7.098631; 0.069588; 0.762810;,
        -7.098631;-0.069588; 0.762810;,
        -7.098631;-0.069588; 0.954604;,
        -6.667371;-0.069588; 0.762810;,
        -6.667371;-0.069588; 0.954604;,
        -7.098631;-0.069588; 0.954604;,
        -7.098631;-0.069588; 0.762810;,
        -7.116824;-0.069588; 0.954604;,
        -7.116824; 0.069588; 0.954604;,
        -7.548084; 0.069588; 0.954604;,
        -7.548084;-0.069588; 0.954604;,
        -7.116824;-0.069588; 0.762810;,
        -7.548084;-0.069588; 0.762810;,
        -7.548084; 0.069588; 0.762810;,
        -7.116824; 0.069588; 0.762810;,
        -7.116824;-0.069588; 0.954604;,
        -7.116824;-0.069588; 0.762810;,
        -7.116824; 0.069588; 0.762810;,
        -7.116824; 0.069588; 0.954604;,
        -7.116824; 0.069588; 0.954604;,
        -7.116824; 0.069588; 0.762810;,
        -7.548084; 0.069588; 0.762810;,
        -7.548084; 0.069588; 0.954604;,
        -7.548084; 0.069588; 0.954604;,
        -7.548084; 0.069588; 0.762810;,
        -7.548084;-0.069588; 0.762810;,
        -7.548084;-0.069588; 0.954604;,
        -7.116824;-0.069588; 0.762810;,
        -7.116824;-0.069588; 0.954604;,
        -7.548084;-0.069588; 0.954604;,
        -7.548084;-0.069588; 0.762810;,
        -5.761862;-0.069588; 0.954604;,
        -5.761862; 0.069588; 0.954604;,
        -6.193122; 0.069588; 0.954604;,
        -6.193122;-0.069588; 0.954604;,
        -5.761862;-0.069588; 0.762810;,
        -6.193122;-0.069588; 0.762810;,
        -6.193122; 0.069588; 0.762810;,
        -5.761862; 0.069588; 0.762810;,
        -5.761862;-0.069588; 0.954604;,
        -5.761862;-0.069588; 0.762810;,
        -5.761862; 0.069588; 0.762810;,
        -5.761862; 0.069588; 0.954604;,
        -5.761862; 0.069588; 0.954604;,
        -5.761862; 0.069588; 0.762810;,
        -6.193122; 0.069588; 0.762810;,
        -6.193122; 0.069588; 0.954604;,
        -6.193122; 0.069588; 0.954604;,
        -6.193122; 0.069588; 0.762810;,
        -6.193122;-0.069588; 0.762810;,
        -6.193122;-0.069588; 0.954604;,
        -5.761862;-0.069588; 0.762810;,
        -5.761862;-0.069588; 0.954604;,
        -6.193122;-0.069588; 0.954604;,
        -6.193122;-0.069588; 0.762810;,
        -5.312410;-0.069588; 0.954604;,
        -5.312410; 0.069588; 0.954604;,
        -5.743670; 0.069588; 0.954604;,
        -5.743670;-0.069588; 0.954604;,
        -5.312410;-0.069588; 0.762810;,
        -5.743670;-0.069588; 0.762810;,
        -5.743670; 0.069588; 0.762810;,
        -5.312410; 0.069588; 0.762810;,
        -5.312410;-0.069588; 0.954604;,
