xof 0303txt 0032

template XSkinMeshHeader {
  <3cf169ce-ff7c-44ab-93c0-f78f62d172e2>
  WORD nMaxSkinWeightsPerVertex;
  WORD nMaxSkinWeightsPerFace;
  WORD nBones;
}

template SkinWeights {
  <6f0d123b-bad2-4167-a0d0-80224f25fabb>
  STRING transformNodeName;
  DWORD nWeights;
  array DWORD vertexIndices[nWeights];
  array float weights[nWeights];
  Matrix4x4 matrixOffset;
}

Frame Root {
  FrameTransformMatrix {
     1.000000, 0.000000, 0.000000, 0.000000,
     0.000000,-0.000000, 1.000000, 0.000000,
     0.000000, 1.000000, 0.000000, 0.000000,
     0.000000, 0.000000, 0.000000, 1.000000;;
  }
  Frame Armature {
    FrameTransformMatrix {
       1.000000, 0.000000, 0.000000, 0.000000,
       0.000000, 1.000000, 0.000000, 0.000000,
       0.000000, 0.000000, 1.000000, 0.000000,
       0.000000, 0.000000, 1.567304, 1.000000;;
    }
    Frame Armature_Bone {
      FrameTransformMatrix {
         1.000000, 0.000000,-0.000000, 0.000000,
         0.000000, 0.949740, 0.313039, 0.000000,
         0.000000,-0.313039, 0.949740, 0.000000,
         0.000000, 0.000000, 2.452167, 1.000000;;
      }
      Frame Armature_Bone_010 {
        FrameTransformMatrix {
           1.000000, 0.000000, 0.000000, 0.000000,
           0.000000, 0.978422,-0.206617, 0.000000,
          -0.000000, 0.206617, 0.978422, 0.000000,
           0.000000, 0.725641,-0.000000, 1.000000;;
        }
        Frame Armature_Bone_011 {
          FrameTransformMatrix {
             1.000000, 0.000000, 0.000000, 0.000000,
             0.000000, 0.894067,-0.447934, 0.000000,
            -0.000000, 0.447934, 0.894067, 0.000000,
            -0.000000, 0.586094, 0.000000, 1.000000;;
          }
          Frame Armature_Bone_012 {
            FrameTransformMatrix {
               1.000000,-0.000000,-0.000000, 0.000000,
              -0.000000, 0.716169,-0.697927, 0.000000,
               0.000000, 0.697927, 0.716169, 0.000000,
               0.000000, 0.388763,-0.000000, 1.000000;;
            }
            Frame Armature_Bone_016 {
              FrameTransformMatrix {
                 1.000000, 0.000000, 0.000000, 0.000000,
                -0.000000, 0.716169, 0.697927, 0.000000,
                 0.000000,-0.697927, 0.716169, 0.000000,
                 0.000000, 0.933879, 0.000000, 1.000000;;
              }
              Frame Armature_Bone_017 {
                FrameTransformMatrix {
                   1.000000,-0.000000,-0.000000, 0.000000,
                  -0.000000, 1.000000, 0.000000, 0.000000,
                   0.000000,-0.000000, 1.000000, 0.000000,
                  -0.000000, 0.766429,-0.000000, 1.000000;;
                }
                Frame Armature_Bone_038 {
                  FrameTransformMatrix {
                    -0.049287, 0.001199,-0.998784, 0.000000,
                    -0.997408, 0.052425, 0.049282, 0.000000,
                     0.052420, 0.998624,-0.001388, 0.000000,
                     0.000000, 0.356782,-0.000000, 1.000000;;
                  }
                  Frame Armature_Bone_044 {
                    FrameTransformMatrix {
                       0.998927,-0.046227,-0.002925, 0.000000,
                       0.046049, 0.997929,-0.044901, 0.000000,
                       0.004994, 0.044718, 0.998987, 0.000000,
                      -0.000000, 0.658368,-0.000000, 1.000000;;
                    }
                  } // End of Armature_Bone_044
                } // End of Armature_Bone_038
                Frame Armature_Bone_039 {
                  FrameTransformMatrix {
                    -0.015840, 0.000566, 0.999874, 0.000000,
                     0.998488, 0.052644, 0.015788, 0.000000,
                    -0.052629, 0.998613,-0.001399, 0.000000,
                     0.000000, 0.356782,-0.000000, 1.000000;;
                  }
                  Frame Armature_Bone_045 {
                    FrameTransformMatrix {
                       0.999769,-0.021494, 0.000000, 0.000000,
                       0.021494, 0.999769,-0.000030, 0.000000,
                       0.000000, 0.000030, 1.000000, 0.000000,
                       0.000000, 0.655622,-0.000000, 1.000000;;
                    }
                  } // End of Armature_Bone_045
                } // End of Armature_Bone_039
              } // End of Armature_Bone_017
              Frame Armature_Bone_036 {
                FrameTransformMatrix {
                  -0.009003, 0.000000,-0.999959, 0.000000,
                  -0.999959,-0.000000, 0.009003, 0.000000,
                   0.000000, 1.000000, 0.000000, 0.000000,
                  -0.000000, 0.766429,-0.000000, 1.000000;;
                }
                Frame Armature_Bone_046 {
                  FrameTransformMatrix {
                    -0.008121,-0.901989,-0.431682, 0.000000,
                     0.003887, 0.431664,-0.902026, 0.000000,
                     0.999959,-0.009004, 0.000000, 0.000000,
                     0.000000, 1.356416,-0.000000, 1.000000;;
                  }
                } // End of Armature_Bone_046
              } // End of Armature_Bone_036
              Frame Armature_Bone_037 {
                FrameTransformMatrix {
                  -0.026492,-0.000000, 0.999649, 0.000000,
                   0.999649,-0.000000, 0.026491, 0.000000,
                  -0.000000, 1.000000, 0.000000, 0.000000,
                  -0.000000, 0.766429,-0.000000, 1.000000;;
                }
                Frame Armature_Bone_052 {
                  FrameTransformMatrix {
                    -0.023915, 0.902409, 0.430216, 0.000000,
                    -0.058964, 0.428316,-0.901703, 0.000000,
                    -0.997974,-0.046931, 0.042967, 0.000000,
                     0.000000, 1.365864,-0.000000, 1.000000;;
                  }
                } // End of Armature_Bone_052
              } // End of Armature_Bone_037
            } // End of Armature_Bone_016
          } // End of Armature_Bone_012
          Frame Armature_Bone_013 {
            FrameTransformMatrix {
               1.000000, 0.000000,-0.000000, 0.000000,
              -0.000000, 0.902731, 0.430205, 0.000000,
               0.000000,-0.430205, 0.902731, 0.000000,
               0.000000, 0.388763,-0.000000, 1.000000;;
            }
            Frame Armature_Bone_014 {
              FrameTransformMatrix {
                 1.000000,-0.000000,-0.000000, 0.000000,
                 0.000000, 0.601922,-0.798555, 0.000000,
                 0.000000, 0.798555, 0.601922, 0.000000,
                -0.000000, 0.720310, 0.000000, 1.000000;;
              }
              Frame Armature_Bone_015 {
                FrameTransformMatrix {
                   1.000000, 0.000000,-0.000000, 0.000000,
                  -0.000000, 0.774743, 0.632277, 0.000000,
                   0.000000,-0.632277, 0.774743, 0.000000,
                  -0.000000, 0.809885, 0.000000, 1.000000;;
                }
                Frame Armature_Bone_040 {
                  FrameTransformMatrix {
                     0.042113,-0.173694,-0.983899, 0.000000,
                    -0.999113,-0.007321,-0.041472, 0.000000,
                     0.000000, 0.984773,-0.173849, 0.000000,
                    -0.000000, 0.532786, 0.000000, 1.000000;;
                  }
                } // End of Armature_Bone_040
                Frame Armature_Bone_041 {
                  FrameTransformMatrix {
                     0.033663, 0.173750, 0.984214, 0.000000,
                     0.999433,-0.005852,-0.033150, 0.000000,
                     0.000000, 0.984773,-0.173849, 0.000000,
                    -0.000000, 0.532786, 0.000000, 1.000000;;
                  }
                } // End of Armature_Bone_041
              } // End of Armature_Bone_015
              Frame Armature_Bone_042 {
                FrameTransformMatrix {
                  -0.038043,-0.487608, 0.872234, 0.000000,
                   0.999276,-0.018563, 0.033206, 0.000000,
                  -0.000000, 0.872866, 0.487961, 0.000000,
                  -0.000000, 0.809885, 0.000000, 1.000000;;
                }
              } // End of Armature_Bone_042
              Frame Armature_Bone_043 {
                FrameTransformMatrix {
                  -0.044961, 0.487467,-0.871983, 0.000000,
                  -0.998989,-0.021940, 0.039245, 0.000000,
                  -0.000000, 0.872865, 0.487961, 0.000000,
                  -0.000000, 0.809885, 0.000000, 1.000000;;
                }
              } // End of Armature_Bone_043
            } // End of Armature_Bone_014
          } // End of Armature_Bone_013
          Frame Armature_Bone_047 {
            FrameTransformMatrix {
               0.000000,-0.000000,-1.000000, 0.000000,
              -0.971497, 0.237052,-0.000000, 0.000000,
               0.237052, 0.971497,-0.000000, 0.000000,
               0.000000, 0.388763,-0.000000, 1.000000;;
            }
          } // End of Armature_Bone_047
          Frame Armature_Bone_048 {
            FrameTransformMatrix {
              -0.000000, 0.000000, 1.000000, 0.000000,
               0.965889, 0.258957,-0.000000, 0.000000,
              -0.258957, 0.965889,-0.000000, 0.000000,
               0.000000, 0.388763,-0.000000, 1.000000;;
            }
          } // End of Armature_Bone_048
        } // End of Armature_Bone_011
        Frame Armature_Bone_053 {
          FrameTransformMatrix {
            -0.000000, 0.000000, 1.000000, 0.000000,
             0.989304, 0.145866,-0.000000, 0.000000,
            -0.145866, 0.989304,-0.000000, 0.000000,
            -0.000000, 0.586094, 0.000000, 1.000000;;
          }
        } // End of Armature_Bone_053
        Frame Armature_Bone_054 {
          FrameTransformMatrix {
             0.000000, 0.000000,-1.000000, 0.000000,
            -0.982709, 0.185156, 0.000000, 0.000000,
             0.185156, 0.982709, 0.000000, 0.000000,
            -0.000000, 0.586094, 0.000000, 1.000000;;
          }
        } // End of Armature_Bone_054
      } // End of Armature_Bone_010
      Frame Armature_Bone_026 {
        FrameTransformMatrix {
           0.000000,-0.000000,-1.000000, 0.000000,
          -0.973039, 0.230640,-0.000000, 0.000000,
           0.230640, 0.973039,-0.000000, 0.000000,
           0.000000, 0.725641,-0.000000, 1.000000;;
        }
        Frame Armature_Bone_027 {
          FrameTransformMatrix {
             0.184857,-0.975793, 0.116857, 0.000000,
             0.907986, 0.124085,-0.400205, 0.000000,
             0.376017, 0.180085, 0.908945, 0.000000,
            -0.000000, 1.013264, 0.000000, 1.000000;;
          }
          Frame Armature_Bone_028 {
            FrameTransformMatrix {
               0.973877,-0.222817, 0.043767, 0.000000,
               0.195691, 0.921315, 0.335982, 0.000000,
              -0.115186,-0.318641, 0.940851, 0.000000,
               0.000000, 1.470312, 0.000000, 1.000000;;
            }
            Frame Armature_Bone_029 {
              FrameTransformMatrix {
                 0.993552,-0.108297, 0.033550, 0.000000,
                 0.108334, 0.994114, 0.000710, 0.000000,
                -0.033430, 0.002930, 0.999437, 0.000000,
                -0.000000, 1.158135, 0.000000, 1.000000;;
              }
              Frame Armature_Bone_030 {
                FrameTransformMatrix {
                   0.834363,-0.530971, 0.148012, 0.000000,
                   0.532178, 0.845922, 0.034666, 0.000000,
                  -0.143613, 0.049845, 0.988378, 0.000000,
                   0.000000, 0.572261,-0.000000, 1.000000;;
                }
              } // End of Armature_Bone_030
            } // End of Armature_Bone_029
          } // End of Armature_Bone_028
        } // End of Armature_Bone_027
      } // End of Armature_Bone_026
      Frame Armature_Bone_031 {
        FrameTransformMatrix {
          -0.000000,-0.000000, 1.000000, 0.000000,
           0.971216, 0.238198, 0.000000, 0.000000,
          -0.238198, 0.971217,-0.000000, 0.000000,
           0.000000, 0.725641,-0.000000, 1.000000;;
        }
        Frame Armature_Bone_032 {
          FrameTransformMatrix {
             0.199769, 0.973831,-0.108378, 0.000000,
            -0.917586, 0.147131,-0.369307, 0.000000,
            -0.343697, 0.173222, 0.922966, 0.000000,
             0.000000, 1.000093,-0.000000, 1.000000;;
          }
          Frame Armature_Bone_033 {
            FrameTransformMatrix {
               0.973914, 0.218534,-0.061114, 0.000000,
              -0.183050, 0.915771, 0.357571, 0.000000,
               0.134108,-0.337056, 0.931884, 0.000000,
               0.000000, 1.437249,-0.000000, 1.000000;;
            }
            Frame Armature_Bone_034 {
              FrameTransformMatrix {
                 0.998606,-0.002253,-0.052737, 0.000000,
                 0.001977, 0.999984,-0.005276, 0.000000,
                 0.052749, 0.005164, 0.998595, 0.000000,
                -0.000000, 1.187027,-0.000000, 1.000000;;
              }
              Frame Armature_Bone_035 {
                FrameTransformMatrix {
                   0.861028, 0.486795,-0.147177, 0.000000,
                  -0.490081, 0.871538, 0.015539, 0.000000,
                   0.135835, 0.058749, 0.988988, 0.000000,
                   0.000000, 0.593810,-0.000000, 1.000000;;
                }
              } // End of Armature_Bone_035
              Frame Armature_Bone_051 {
                FrameTransformMatrix {
                   0.862372, 0.484397,-0.147220, 0.000000,
                  -0.501020, 0.774759,-0.385650, 0.000000,
                  -0.072748, 0.406334, 0.910824, 0.000000,
                   0.000000, 0.593810,-0.000000, 1.000000;;
                }
              } // End of Armature_Bone_051
            } // End of Armature_Bone_034
          } // End of Armature_Bone_033
        } // End of Armature_Bone_032
      } // End of Armature_Bone_031
    } // End of Armature_Bone
    Frame Armature_Bone_001 {
      FrameTransformMatrix {
         1.000000,-0.000000, 0.000000, 0.000000,
         0.000000,-0.099579,-0.995030, 0.000000,
         0.000000, 0.995030,-0.099579, 0.000000,
         0.000000, 0.000000, 2.452167, 1.000000;;
      }
      Frame Armature_Bone_002 {
        FrameTransformMatrix {
          -0.000000, 0.000000, 1.000000, 0.000000,
          -1.000000,-0.000000,-0.000000, 0.000000,
           0.000000,-1.000000, 0.000000, 0.000000,
           0.000000, 1.729404,-0.000000, 1.000000;;
        }
        Frame Armature_Bone_018 {
          FrameTransformMatrix {
             0.189171,-0.964888,-0.182226, 0.000000,
             0.690299, 0.262657,-0.674165, 0.000000,
             0.698357, 0.001742, 0.715748, 0.000000,
             0.000000, 0.696504,-0.000000, 1.000000;;
          }
          Frame Armature_Bone_019 {
            FrameTransformMatrix {
               0.964888,-0.262657,-0.001742, 0.000000,
               0.217130, 0.801334,-0.557421, 0.000000,
               0.147806, 0.537471, 0.830228, 0.000000,
              -0.000000, 1.141776, 0.000000, 1.000000;;
            }
            Frame Armature_Bone_020 {
              FrameTransformMatrix {
                 1.000000, 0.000000, 0.000000, 0.000000,
                -0.000000, 0.577523, 0.816374, 0.000000,
                 0.000000,-0.816374, 0.577523, 0.000000,
                -0.000000, 1.199390,-0.000000, 1.000000;;
              }
              Frame Armature_Bone_021 {
                FrameTransformMatrix {
                   1.000000, 0.000000, 0.000000, 0.000000,
                  -0.000000, 0.914190, 0.405286, 0.000000,
                  -0.000000,-0.405286, 0.914190, 0.000000,
                   0.000000, 0.457433, 0.000000, 1.000000;;
                }
              } // End of Armature_Bone_021
            } // End of Armature_Bone_020
          } // End of Armature_Bone_019
        } // End of Armature_Bone_018
      } // End of Armature_Bone_002
      Frame Armature_Bone_003 {
        FrameTransformMatrix {
           0.000000,-0.000000,-1.000000, 0.000000,
           1.000000, 0.000000, 0.000000, 0.000000,
           0.000000,-1.000000, 0.000000, 0.000000,
           0.000000, 1.729404,-0.000000, 1.000000;;
        }
        Frame Armature_Bone_022 {
          FrameTransformMatrix {
             0.158774, 0.975035, 0.155233, 0.000000,
            -0.697184, 0.222051,-0.681636, 0.000000,
            -0.699088, 0.000000, 0.715035, 0.000000,
            -0.000000, 0.725668,-0.000000, 1.000000;;
          }
          Frame Armature_Bone_023 {
            FrameTransformMatrix {
               0.975044, 0.222013, 0.000038, 0.000000,
              -0.159546, 0.700819,-0.695268, 0.000000,
              -0.154385, 0.677911, 0.718751, 0.000000,
               0.000000, 1.164750,-0.000000, 1.000000;;
            }
            Frame Armature_Bone_024 {
              FrameTransformMatrix {
                 1.000000, 0.000054, 0.000000, 0.000000,
                -0.000026, 0.475701, 0.879607, 0.000000,
                 0.000048,-0.879607, 0.475701, 0.000000,
                 0.000000, 1.209489, 0.000000, 1.000000;;
              }
              Frame Armature_Bone_025 {
                FrameTransformMatrix {
                   1.000000,-0.000000, 0.000000, 0.000000,
                  -0.000000, 0.923091, 0.384581, 0.000000,
                  -0.000000,-0.384581, 0.923091, 0.000000,
                   0.000000, 0.468186, 0.000000, 1.000000;;
                }
              } // End of Armature_Bone_025
            } // End of Armature_Bone_024
          } // End of Armature_Bone_023
        } // End of Armature_Bone_022
      } // End of Armature_Bone_003
      Frame Armature_Bone_004 {
        FrameTransformMatrix {
           1.000000, 0.000001, 0.000002, 0.000000,
           0.000000, 0.876195,-0.481958, 0.000000,
          -0.000002, 0.481958, 0.876195, 0.000000,
           0.000000, 1.729404,-0.000000, 1.000000;;
        }
        Frame Armature_Bone_005 {
          FrameTransformMatrix {
            -1.000000,-0.000000, 0.000002, 0.000000,
            -0.000000, 0.999274,-0.038093, 0.000000,
            -0.000002,-0.038093,-0.999274, 0.000000,
             0.000000, 1.153418, 0.000000, 1.000000;;
          }
          Frame Armature_Bone_006 {
            FrameTransformMatrix {
               1.000000, 0.000000,-0.000000, 0.000000,
               0.000000, 0.929454, 0.368938, 0.000000,
               0.000000,-0.368938, 0.929454, 0.000000,
              -0.000000, 0.827376,-0.000000, 1.000000;;
            }
            Frame Armature_Bone_007 {
              FrameTransformMatrix {
                 0.999721, 0.021108,-0.010580, 0.000000,
                -0.011099, 0.815630, 0.578468, 0.000000,
                 0.020840,-0.578189, 0.815637, 0.000000,
                -0.000000, 0.827925, 0.000000, 1.000000;;
              }
              Frame Armature_Bone_008 {
                FrameTransformMatrix {
                   0.999987, 0.004285, 0.002928, 0.000000,
                  -0.004900, 0.965404, 0.260714, 0.000000,
                  -0.001710,-0.260725, 0.965412, 0.000000,
                  -0.000000, 0.769060,-0.000000, 1.000000;;
                }
                Frame Armature_Bone_009 {
                  FrameTransformMatrix {
                     0.999974, 0.007199,-0.000579, 0.000000,
                    -0.006691, 0.953544, 0.301180, 0.000000,
                     0.002720,-0.301168, 0.953567, 0.000000,
                    -0.000000, 0.725209, 0.000000, 1.000000;;
                  }
                } // End of Armature_Bone_009
              } // End of Armature_Bone_008
            } // End of Armature_Bone_007
          } // End of Armature_Bone_006
        } // End of Armature_Bone_005
      } // End of Armature_Bone_004
    } // End of Armature_Bone_001
    Frame Armature_Bone_049 {
      FrameTransformMatrix {
         0.000000, 0.523336,-0.852126, 0.000000,
        -0.921537, 0.330873, 0.203207, 0.000000,
         0.388292, 0.785265, 0.482274, 0.000000,
        -0.000000,-0.000000, 2.452167, 1.000000;;
      }
    } // End of Armature_Bone_049
    Frame Armature_Bone_050 {
      FrameTransformMatrix {
         0.000000,-0.523337, 0.852126, 0.000000,
         0.905429, 0.361725, 0.222155, 0.000000,
        -0.424497, 0.771540, 0.473844, 0.000000,
         0.000000, 0.000000, 2.452167, 1.000000;;
      }
    } // End of Armature_Bone_050
    Frame Cube_019 {
      FrameTransformMatrix {
         0.810539, 0.000000, 0.000000, 0.000000,
         0.000000, 0.429269, 0.000000, 0.000000,
         0.000000, 0.000000, 0.335082, 0.000000,
         0.000000, 0.048739, 2.004359, 1.000000;;
      }
      Mesh { // Cube_019 mesh
        2616;
         0.022801;-0.044276; 9.461334;,
         0.022801; 0.501381; 9.461334;,
        -0.022801; 0.501381; 9.461334;,
        -0.022801;-0.044276; 9.461334;,
         0.022801;-0.044276; 9.623478;,
        -0.022801;-0.044276; 9.623478;,
        -0.022801; 0.501381; 9.623478;,
         0.022801; 0.501381; 9.623478;,
         0.022801;-0.044276; 9.461334;,
         0.022801;-0.044276; 9.623478;,
         0.022801; 0.501381; 9.623478;,
         0.022801; 0.501381; 9.461334;,
         0.022801; 0.501381; 9.461334;,
         0.022801; 0.501381; 9.623478;,
        -0.022801; 0.501381; 9.623478;,
        -0.022801; 0.501381; 9.461334;,
        -0.022801; 0.501381; 9.461334;,
        -0.022801; 0.501381; 9.623478;,
        -0.022801;-0.044276; 9.623478;,
        -0.022801;-0.044276; 9.461334;,
         0.022801;-0.044276; 9.623478;,
         0.022801;-0.044276; 9.461334;,
        -0.022801;-0.044276; 9.461334;,
        -0.022801;-0.044276; 9.623478;,
         1.665166;-0.044276; 9.461334;,
         1.665166; 0.501381; 9.461334;,
         1.619564; 0.501381; 9.461334;,
         1.619564;-0.044276; 9.461334;,
         1.665166;-0.044276; 9.623478;,
         1.619564;-0.044276; 9.623478;,
         1.619564; 0.501381; 9.623478;,
         1.665166; 0.501381; 9.623478;,
         1.665166;-0.044276; 9.461334;,
         1.665166;-0.044276; 9.623478;,
         1.665166; 0.501381; 9.623478;,
         1.665166; 0.501381; 9.461334;,
         1.665166; 0.501381; 9.461334;,
         1.665166; 0.501381; 9.623478;,
         1.619564; 0.501381; 9.623478;,
         1.619564; 0.501381; 9.461334;,
         1.619564; 0.501381; 9.461334;,
         1.619564; 0.501381; 9.623478;,
         1.619564;-0.044276; 9.623478;,
         1.619564;-0.044276; 9.461334;,
         1.665166;-0.044276; 9.623478;,
         1.665166;-0.044276; 9.461334;,
         1.619564;-0.044276; 9.461334;,
         1.619564;-0.044276; 9.623478;,
         0.812516;-0.044276; 9.461334;,
         0.812516; 0.501381; 9.461334;,
         0.766914; 0.501381; 9.461334;,
         0.766914;-0.044276; 9.461334;,
         0.812516;-0.044276; 9.623478;,
         0.766914;-0.044276; 9.623478;,
         0.766914; 0.501381; 9.623478;,
         0.812516; 0.501381; 9.623478;,
         0.812516;-0.044276; 9.461334;,
         0.812516;-0.044276; 9.623478;,
         0.812516; 0.501381; 9.623478;,
         0.812516; 0.501381; 9.461334;,
         0.812516; 0.501381; 9.461334;,
         0.812516; 0.501381; 9.623478;,
         0.766914; 0.501381; 9.623478;,
         0.766914; 0.501381; 9.461334;,
         0.766914; 0.501381; 9.461334;,
         0.766914; 0.501381; 9.623478;,
         0.766914;-0.044276; 9.623478;,
         0.766914;-0.044276; 9.461334;,
         0.812516;-0.044276; 9.623478;,
         0.812516;-0.044276; 9.461334;,
         0.766914;-0.044276; 9.461334;,
         0.766914;-0.044276; 9.623478;,
         1.241567;-0.044276; 9.461334;,
         1.241567; 0.501381; 9.461334;,
         1.195965; 0.501381; 9.461334;,
         1.195965;-0.044276; 9.461334;,
         1.241567;-0.044276; 9.623478;,
         1.195965;-0.044276; 9.623478;,
         1.195965; 0.501381; 9.623478;,
         1.241567; 0.501381; 9.623478;,
         1.241567;-0.044276; 9.461334;,
         1.241567;-0.044276; 9.623478;,
         1.241567; 0.501381; 9.623478;,
         1.241567; 0.501381; 9.461334;,
         1.241567; 0.501381; 9.461334;,
         1.241567; 0.501381; 9.623478;,
         1.195965; 0.501381; 9.623478;,
         1.195965; 0.501381; 9.461334;,
         1.195965; 0.501381; 9.461334;,
         1.195965; 0.501381; 9.623478;,
         1.195965;-0.044276; 9.623478;,
         1.195965;-0.044276; 9.461334;,
         1.241567;-0.044276; 9.623478;,
         1.241567;-0.044276; 9.461334;,
         1.195965;-0.044276; 9.461334;,
         1.195965;-0.044276; 9.623478;,
         1.455245;-0.044276; 9.461334;,
         1.455245; 0.501381; 9.461334;,
         1.409643; 0.501381; 9.461334;,
         1.409643;-0.044276; 9.461334;,
         1.455245;-0.044276; 9.623478;,
         1.409643;-0.044276; 9.623478;,
         1.409643; 0.501381; 9.623478;,
         1.455245; 0.501381; 9.623478;,
         1.455245;-0.044276; 9.461334;,
         1.455245;-0.044276; 9.623478;,
         1.455245; 0.501381; 9.623478;,
         1.455245; 0.501381; 9.461334;,
         1.455245; 0.501381; 9.461334;,
         1.455245; 0.501381; 9.623478;,
         1.409643; 0.501381; 9.623478;,
         1.409643; 0.501381; 9.461334;,
         1.409643; 0.501381; 9.461334;,
         1.409643; 0.501381; 9.623478;,
         1.409643;-0.044276; 9.623478;,
         1.409643;-0.044276; 9.461334;,
         1.455245;-0.044276; 9.623478;,
         1.455245;-0.044276; 9.461334;,
         1.409643;-0.044276; 9.461334;,
         1.409643;-0.044276; 9.623478;,
         1.025673;-0.044276; 9.461334;,
         1.025673; 0.501381; 9.461334;,
         0.980071; 0.501381; 9.461334;,
         0.980071;-0.044276; 9.461334;,
         1.025673;-0.044276; 9.623478;,
         0.980071;-0.044276; 9.623478;,
         0.980071; 0.501381; 9.623478;,
         1.025673; 0.501381; 9.623478;,
         1.025673;-0.044276; 9.461334;,
         1.025673;-0.044276; 9.623478;,
         1.025673; 0.501381; 9.623478;,
         1.025673; 0.501381; 9.461334;,
         1.025673; 0.501381; 9.461334;,
         1.025673; 0.501381; 9.623478;,
         0.980071; 0.501381; 9.623478;,
         0.980071; 0.501381; 9.461334;,
         0.980071; 0.501381; 9.461334;,
         0.980071; 0.501381; 9.623478;,
         0.980071;-0.044276; 9.623478;,
         0.980071;-0.044276; 9.461334;,
         1.025673;-0.044276; 9.623478;,
         1.025673;-0.044276; 9.461334;,
         0.980071;-0.044276; 9.461334;,
         0.980071;-0.044276; 9.623478;,
         0.410531;-0.044276; 9.461334;,
         0.410531; 0.501381; 9.461334;,
         0.364929; 0.501381; 9.461334;,
         0.364929;-0.044276; 9.461334;,
         0.410531;-0.044276; 9.623478;,
         0.364929;-0.044276; 9.623478;,
         0.364929; 0.501381; 9.623478;,
         0.410531; 0.501381; 9.623478;,
         0.410531;-0.044276; 9.461334;,
         0.410531;-0.044276; 9.623478;,
         0.410531; 0.501381; 9.623478;,
         0.410531; 0.501381; 9.461334;,
         0.410531; 0.501381; 9.461334;,
         0.410531; 0.501381; 9.623478;,
         0.364929; 0.501381; 9.623478;,
         0.364929; 0.501381; 9.461334;,
         0.364929; 0.501381; 9.461334;,
         0.364929; 0.501381; 9.623478;,
         0.364929;-0.044276; 9.623478;,
         0.364929;-0.044276; 9.461334;,
         0.410531;-0.044276; 9.623478;,
         0.410531;-0.044276; 9.461334;,
         0.364929;-0.044276; 9.461334;,
         0.364929;-0.044276; 9.623478;,
         0.595941;-0.044276; 9.461334;,
         0.595941; 0.501381; 9.461334;,
         0.550339; 0.501381; 9.461334;,
         0.550339;-0.044276; 9.461334;,
         0.595941;-0.044276; 9.623478;,
         0.550339;-0.044276; 9.623478;,
         0.550339; 0.501381; 9.623478;,
         0.595941; 0.501381; 9.623478;,
         0.595941;-0.044276; 9.461334;,
         0.595941;-0.044276; 9.623478;,
         0.595941; 0.501381; 9.623478;,
         0.595941; 0.501381; 9.461334;,
         0.595941; 0.501381; 9.461334;,
         0.595941; 0.501381; 9.623478;,
         0.550339; 0.501381; 9.623478;,
         0.550339; 0.501381; 9.461334;,
         0.550339; 0.501381; 9.461334;,
         0.550339; 0.501381; 9.623478;,
         0.550339;-0.044276; 9.623478;,
         0.550339;-0.044276; 9.461334;,
         0.595941;-0.044276; 9.623478;,
         0.595941;-0.044276; 9.461334;,
         0.550339;-0.044276; 9.461334;,
         0.550339;-0.044276; 9.623478;,
         0.197626;-0.044276; 9.461334;,
         0.197626; 0.501381; 9.461334;,
         0.152024; 0.501381; 9.461334;,
         0.152024;-0.044276; 9.461334;,
         0.197626;-0.044276; 9.623478;,
         0.152024;-0.044276; 9.623478;,
         0.152024; 0.501381; 9.623478;,
         0.197626; 0.501381; 9.623478;,
         0.197626;-0.044276; 9.461334;,
         0.197626;-0.044276; 9.623478;,
         0.197626; 0.501381; 9.623478;,
         0.197626; 0.501381; 9.461334;,
         0.197626; 0.501381; 9.461334;,
         0.197626; 0.501381; 9.623478;,
         0.152024; 0.501381; 9.623478;,
         0.152024; 0.501381; 9.461334;,
         0.152024; 0.501381; 9.461334;,
         0.152024; 0.501381; 9.623478;,
         0.152024;-0.044276; 9.623478;,
         0.152024;-0.044276; 9.461334;,
         0.197626;-0.044276; 9.623478;,
         0.197626;-0.044276; 9.461334;,
         0.152024;-0.044276; 9.461334;,
         0.152024;-0.044276; 9.623478;,
        -1.638614;-0.044276; 9.461334;,
        -1.638614; 0.501381; 9.461334;,
        -1.684216; 0.501381; 9.461334;,
        -1.684216;-0.044276; 9.461334;,
        -1.638614;-0.044276; 9.623478;,
        -1.684216;-0.044276; 9.623478;,
        -1.684216; 0.501381; 9.623478;,
        -1.638614; 0.501381; 9.623478;,
        -1.638614;-0.044276; 9.461334;,
        -1.638614;-0.044276; 9.623478;,
        -1.638614; 0.501381; 9.623478;,
        -1.638614; 0.501381; 9.461334;,
        -1.638614; 0.501381; 9.461334;,
        -1.638614; 0.501381; 9.623478;,
        -1.684216; 0.501381; 9.623478;,
        -1.684216; 0.501381; 9.461334;,
        -1.684216; 0.501381; 9.461334;,
        -1.684216; 0.501381; 9.623478;,
        -1.684216;-0.044276; 9.623478;,
        -1.684216;-0.044276; 9.461334;,
        -1.638614;-0.044276; 9.623478;,
        -1.638614;-0.044276; 9.461334;,
        -1.684216;-0.044276; 9.461334;,
        -1.684216;-0.044276; 9.623478;,
        -0.855511;-0.044276; 9.461334;,
        -0.855511; 0.501381; 9.461334;,
        -0.901113; 0.501381; 9.461334;,
        -0.901113;-0.044276; 9.461334;,
        -0.855511;-0.044276; 9.623478;,
        -0.901113;-0.044276; 9.623478;,
        -0.901113; 0.501381; 9.623478;,
        -0.855511; 0.501381; 9.623478;,
        -0.855511;-0.044276; 9.461334;,
        -0.855511;-0.044276; 9.623478;,
        -0.855511; 0.501381; 9.623478;,
        -0.855511; 0.501381; 9.461334;,
        -0.855511; 0.501381; 9.461334;,
        -0.855511; 0.501381; 9.623478;,
        -0.901113; 0.501381; 9.623478;,
        -0.901113; 0.501381; 9.461334;,
        -0.901113; 0.501381; 9.461334;,
        -0.901113; 0.501381; 9.623478;,
        -0.901113;-0.044276; 9.623478;,
        -0.901113;-0.044276; 9.461334;,
        -0.855511;-0.044276; 9.623478;,
        -0.855511;-0.044276; 9.461334;,
        -0.901113;-0.044276; 9.461334;,
        -0.901113;-0.044276; 9.623478;,
        -0.428671;-0.044276; 9.461334;,
        -0.428671; 0.501381; 9.461334;,
        -0.474273; 0.501381; 9.461334;,
        -0.474273;-0.044276; 9.461334;,
        -0.428671;-0.044276; 9.623478;,
        -0.474273;-0.044276; 9.623478;,
        -0.474273; 0.501381; 9.623478;,
        -0.428671; 0.501381; 9.623478;,
        -0.428671;-0.044276; 9.461334;,
        -0.428671;-0.044276; 9.623478;,
        -0.428671; 0.501381; 9.623478;,
        -0.428671; 0.501381; 9.461334;,
        -0.428671; 0.501381; 9.461334;,
        -0.428671; 0.501381; 9.623478;,
        -0.474273; 0.501381; 9.623478;,
        -0.474273; 0.501381; 9.461334;,
        -0.474273; 0.501381; 9.461334;,
        -0.474273; 0.501381; 9.623478;,
        -0.474273;-0.044276; 9.623478;,
        -0.474273;-0.044276; 9.461334;,
        -0.428671;-0.044276; 9.623478;,
        -0.428671;-0.044276; 9.461334;,
        -0.474273;-0.044276; 9.461334;,
        -0.474273;-0.044276; 9.623478;,
        -0.200200;-0.044276; 9.461334;,
        -0.200200; 0.501381; 9.461334;,
        -0.245802; 0.501381; 9.461334;,
        -0.245802;-0.044276; 9.461334;,
        -0.200200;-0.044276; 9.623478;,
        -0.245802;-0.044276; 9.623478;,
        -0.245802; 0.501381; 9.623478;,
        -0.200200; 0.501381; 9.623478;,
        -0.200200;-0.044276; 9.461334;,
        -0.200200;-0.044276; 9.623478;,
        -0.200200; 0.501381; 9.623478;,
        -0.200200; 0.501381; 9.461334;,
        -0.200200; 0.501381; 9.461334;,
        -0.200200; 0.501381; 9.623478;,
        -0.245802; 0.501381; 9.623478;,
        -0.245802; 0.501381; 9.461334;,
        -0.245802; 0.501381; 9.461334;,
        -0.245802; 0.501381; 9.623478;,
        -0.245802;-0.044276; 9.623478;,
        -0.245802;-0.044276; 9.461334;,
        -0.200200;-0.044276; 9.623478;,
        -0.200200;-0.044276; 9.461334;,
        -0.245802;-0.044276; 9.461334;,
        -0.245802;-0.044276; 9.623478;,
        -0.647321;-0.044276; 9.461334;,
        -0.647321; 0.501381; 9.461334;,
        -0.692923; 0.501381; 9.461334;,
        -0.692923;-0.044276; 9.461334;,
        -0.647321;-0.044276; 9.623478;,
        -0.692923;-0.044276; 9.623478;,
        -0.692923; 0.501381; 9.623478;,
        -0.647321; 0.501381; 9.623478;,
        -0.647321;-0.044276; 9.461334;,
        -0.647321;-0.044276; 9.623478;,
        -0.647321; 0.501381; 9.623478;,
        -0.647321; 0.501381; 9.461334;,
        -0.647321; 0.501381; 9.461334;,
        -0.647321; 0.501381; 9.623478;,
        -0.692923; 0.501381; 9.623478;,
        -0.692923; 0.501381; 9.461334;,
        -0.692923; 0.501381; 9.461334;,
        -0.692923; 0.501381; 9.623478;,
        -0.692923;-0.044276; 9.623478;,
        -0.692923;-0.044276; 9.461334;,
        -0.647321;-0.044276; 9.623478;,
        -0.647321;-0.044276; 9.461334;,
        -0.692923;-0.044276; 9.461334;,
        -0.692923;-0.044276; 9.623478;,
        -1.255873;-0.044276; 9.461334;,
        -1.255873; 0.501381; 9.461334;,
        -1.301475; 0.501381; 9.461334;,
        -1.301475;-0.044276; 9.461334;,
        -1.255873;-0.044276; 9.623478;,
        -1.301475;-0.044276; 9.623478;,
        -1.301475; 0.501381; 9.623478;,
        -1.255873; 0.501381; 9.623478;,
        -1.255873;-0.044276; 9.461334;,
        -1.255873;-0.044276; 9.623478;,
        -1.255873; 0.501381; 9.623478;,
        -1.255873; 0.501381; 9.461334;,
        -1.255873; 0.501381; 9.461334;,
        -1.255873; 0.501381; 9.623478;,
        -1.301475; 0.501381; 9.623478;,
        -1.301475; 0.501381; 9.461334;,
        -1.301475; 0.501381; 9.461334;,
        -1.301475; 0.501381; 9.623478;,
        -1.301475;-0.044276; 9.623478;,
        -1.301475;-0.044276; 9.461334;,
        -1.255873;-0.044276; 9.623478;,
        -1.255873;-0.044276; 9.461334;,
        -1.301475;-0.044276; 9.461334;,
        -1.301475;-0.044276; 9.623478;,
        -1.065233;-0.044276; 9.461334;,
        -1.065233; 0.501381; 9.461334;,
        -1.110835; 0.501381; 9.461334;,
        -1.110835;-0.044276; 9.461334;,
        -1.065233;-0.044276; 9.623478;,
        -1.110835;-0.044276; 9.623478;,
        -1.110835; 0.501381; 9.623478;,
        -1.065233; 0.501381; 9.623478;,
        -1.065233;-0.044276; 9.461334;,
        -1.065233;-0.044276; 9.623478;,
        -1.065233; 0.501381; 9.623478;,
        -1.065233; 0.501381; 9.461334;,
        -1.065233; 0.501381; 9.461334;,
        -1.065233; 0.501381; 9.623478;,
        -1.110835; 0.501381; 9.623478;,
        -1.110835; 0.501381; 9.461334;,
        -1.110835; 0.501381; 9.461334;,
        -1.110835; 0.501381; 9.623478;,
        -1.110835;-0.044276; 9.623478;,
        -1.110835;-0.044276; 9.461334;,
        -1.065233;-0.044276; 9.623478;,
        -1.065233;-0.044276; 9.461334;,
        -1.110835;-0.044276; 9.461334;,
        -1.110835;-0.044276; 9.623478;,
        -1.455594;-0.044276; 9.461334;,
        -1.455594; 0.501381; 9.461334;,
        -1.501196; 0.501381; 9.461334;,
        -1.501196;-0.044276; 9.461334;,
        -1.455594;-0.044276; 9.623478;,
        -1.501196;-0.044276; 9.623478;,
        -1.501196; 0.501381; 9.623478;,
        -1.455594; 0.501381; 9.623478;,
        -1.455594;-0.044276; 9.461334;,
        -1.455594;-0.044276; 9.623478;,
        -1.455594; 0.501381; 9.623478;,
        -1.455594; 0.501381; 9.461334;,
        -1.455594; 0.501381; 9.461334;,
        -1.455594; 0.501381; 9.623478;,
        -1.501196; 0.501381; 9.623478;,
        -1.501196; 0.501381; 9.461334;,
        -1.501196; 0.501381; 9.461334;,
        -1.501196; 0.501381; 9.623478;,
        -1.501196;-0.044276; 9.623478;,
        -1.501196;-0.044276; 9.461334;,
        -1.455594;-0.044276; 9.623478;,
        -1.455594;-0.044276; 9.461334;,
        -1.501196;-0.044276; 9.461334;,
        -1.501196;-0.044276; 9.623478;,
        -1.638614;-0.044276; 8.371258;,
        -1.638614; 0.501381; 8.371258;,
        -1.684216; 0.501381; 8.371258;,
        -1.684216;-0.044276; 8.371258;,
        -1.638614;-0.044276; 8.533401;,
        -1.684216;-0.044276; 8.533401;,
        -1.684216; 0.501381; 8.533401;,
        -1.638614; 0.501381; 8.533401;,
        -1.638614;-0.044276; 8.371258;,
        -1.638614;-0.044276; 8.533401;,
        -1.638614; 0.501381; 8.533401;,
        -1.638614; 0.501381; 8.371258;,
        -1.638614; 0.501381; 8.371258;,
        -1.638614; 0.501381; 8.533401;,
        -1.684216; 0.501381; 8.533401;,
        -1.684216; 0.501381; 8.371258;,
        -1.684216; 0.501381; 8.371258;,
        -1.684216; 0.501381; 8.533401;,
        -1.684216;-0.044276; 8.533401;,
        -1.684216;-0.044276; 8.371258;,
        -1.638614;-0.044276; 8.533401;,
        -1.638614;-0.044276; 8.371258;,
        -1.684216;-0.044276; 8.371258;,
        -1.684216;-0.044276; 8.533401;,
        -1.638614;-0.044276; 9.160004;,
        -1.638614; 0.501381; 9.160004;,
        -1.684216; 0.501381; 9.160004;,
        -1.684216;-0.044276; 9.160004;,
        -1.638614;-0.044276; 9.322147;,
        -1.684216;-0.044276; 9.322147;,
        -1.684216; 0.501381; 9.322147;,
        -1.638614; 0.501381; 9.322147;,
        -1.638614;-0.044276; 9.160004;,
        -1.638614;-0.044276; 9.322147;,
        -1.638614; 0.501381; 9.322147;,
        -1.638614; 0.501381; 9.160004;,
        -1.638614; 0.501381; 9.160004;,
        -1.638614; 0.501381; 9.322147;,
        -1.684216; 0.501381; 9.322147;,
        -1.684216; 0.501381; 9.160004;,
        -1.684216; 0.501381; 9.160004;,
        -1.684216; 0.501381; 9.322147;,
        -1.684216;-0.044276; 9.322147;,
        -1.684216;-0.044276; 9.160004;,
        -1.638614;-0.044276; 9.322147;,
        -1.638614;-0.044276; 9.160004;,
        -1.684216;-0.044276; 9.160004;,
        -1.684216;-0.044276; 9.322147;,
        -1.638614;-0.044276; 8.789021;,
        -1.638614; 0.501381; 8.789021;,
        -1.684216; 0.501381; 8.789021;,
        -1.684216;-0.044276; 8.789021;,
        -1.638614;-0.044276; 8.951164;,
