xof 0303txt 0032

template XSkinMeshHeader {
  <3cf169ce-ff7c-44ab-93c0-f78f62d172e2>
  WORD nMaxSkinWeightsPerVertex;
  WORD nMaxSkinWeightsPerFace;
  WORD nBones;
}

template SkinWeights {
  <6f0d123b-bad2-4167-a0d0-80224f25fabb>
  STRING transformNodeName;
  DWORD nWeights;
  array DWORD vertexIndices[nWeights];
  array float weights[nWeights];
  Matrix4x4 matrixOffset;
}

Frame Root {
  FrameTransformMatrix {
     1.000000, 0.000000, 0.000000, 0.000000,
     0.000000,-0.000000, 1.000000, 0.000000,
     0.000000, 1.000000, 0.000000, 0.000000,
     0.000000, 0.000000, 0.000000, 1.000000;;
  }
  Frame Armature {
    FrameTransformMatrix {
       1.000000, 0.000000, 0.000000, 0.000000,
       0.000000, 1.000000, 0.000000, 0.000000,
       0.000000, 0.000000, 1.000000, 0.000000,
       0.126210,-0.058337, 4.972967, 1.000000;;
    }
    Frame Armature_Bone {
      FrameTransformMatrix {
         0.987157, 0.000000,-0.159754, 0.000000,
         0.159754, 0.000000, 0.987157, 0.000000,
         0.000000,-1.000000, 0.000000, 0.000000,
         0.000000, 0.030364, 0.163818, 1.000000;;
      }
      Frame Armature_Bone_001 {
        FrameTransformMatrix {
           1.000000, 0.000000, 0.000000, 0.000000,
           0.000000, 1.000000, 0.000000, 0.000000,
          -0.000000, 0.000000, 1.000000, 0.000000,
           0.000000, 0.836182, 0.000000, 1.000000;;
        }
        Frame Armature_Bone_002 {
          FrameTransformMatrix {
             0.725734, 0.687975, 0.000000, 0.000000,
            -0.687975, 0.725734,-0.000000, 0.000000,
            -0.000000, 0.000000, 1.000000, 0.000000,
            -0.000000, 1.751990, 0.000000, 1.000000;;
          }
          Frame Armature_Bone_003 {
            FrameTransformMatrix {
              -0.000000,-0.000000, 1.000000, 0.000000,
               0.846767,-0.531964, 0.000000, 0.000000,
               0.531964, 0.846767, 0.000000, 0.000000,
              -0.000000, 1.027576, 0.000000, 1.000000;;
            }
          } // End of Armature_Bone_003
          Frame Armature_Bone_004 {
            FrameTransformMatrix {
               0.528583,-0.586148, 0.614028, 0.000000,
               0.510130,-0.358822,-0.781674, 0.000000,
               0.678503, 0.726414, 0.109344, 0.000000,
              -0.000000, 1.027576, 0.000000, 1.000000;;
            }
          } // End of Armature_Bone_004
          Frame Armature_Bone_005 {
            FrameTransformMatrix {
              -0.512666, 0.568498, 0.643416, 0.000000,
               0.532244,-0.377599, 0.757718, 0.000000,
               0.673714, 0.730910,-0.108997, 0.000000,
              -0.000000, 1.027576, 0.000000, 1.000000;;
            }
          } // End of Armature_Bone_005
          Frame Armature_Bone_006 {
            FrameTransformMatrix {
               0.639404, 0.076682,-0.765037, 0.000000,
               0.299467,-0.941277, 0.155942, 0.000000,
              -0.708154,-0.328813,-0.624820, 0.000000,
               0.559436, 0.504495,-3.102885, 1.000000;;
            }
            Frame Armature_Bone_007 {
              FrameTransformMatrix {
                -0.328670,-0.614358, 0.717315, 0.000000,
                -0.006022,-0.758131,-0.652074, 0.000000,
                 0.944426,-0.218637, 0.245475, 0.000000,
                -0.000000, 3.527238,-0.000000, 1.000000;;
              }
              Frame Armature_Bone_008 {
                FrameTransformMatrix {
                   1.000000, 0.000000, 0.000000, 0.000000,
                   0.000000, 0.993652,-0.112498, 0.000000,
                  -0.000000, 0.112498, 0.993652, 0.000000,
                   0.000000, 2.194168, 0.000001, 1.000000;;
                }
                Frame Armature_Bone_009 {
                  FrameTransformMatrix {
                    -0.000000, 0.000000,-1.000000, 0.000000,
                     0.962288, 0.272034,-0.000000, 0.000000,
                     0.272033,-0.962288, 0.000000, 0.000000,
                     0.000000, 1.102043,-0.000000, 1.000000;;
                  }
                  Frame Armature_Bone_015 {
                    FrameTransformMatrix {
                      -0.018057, 0.963243, 0.268023, 0.000000,
                       0.433642, 0.249087,-0.865974, 0.000000,
                      -0.900904, 0.100589,-0.422201, 0.000000,
                      -0.000000, 0.431152, 0.000000, 1.000000;;
                    }
                    Frame Armature_Bone_016 {
                      FrameTransformMatrix {
                         0.963700, 0.098626, 0.248104, 0.000000,
                         0.226896, 0.187236,-0.955752, 0.000000,
                        -0.140715, 0.977351, 0.158061, 0.000000,
                         0.000000, 0.458163,-0.000000, 1.000000;;
                      }
                    } // End of Armature_Bone_016
                  } // End of Armature_Bone_015
                } // End of Armature_Bone_009
                Frame Armature_Bone_010 {
                  FrameTransformMatrix {
                     0.980063, 0.185990,-0.069881, 0.000000,
                    -0.197863, 0.881681,-0.428355, 0.000000,
                    -0.018057, 0.433642, 0.900904, 0.000000,
                     0.000000, 1.102043,-0.000000, 1.000000;;
                  }
                  Frame Armature_Bone_014 {
                    FrameTransformMatrix {
                       0.963763,-0.098008, 0.248104, 0.000000,
                       0.260030, 0.137561,-0.955752, 0.000000,
                       0.059542, 0.985632, 0.158061, 0.000000,
                       0.000000, 0.605119,-0.000000, 1.000000;;
                    }
                  } // End of Armature_Bone_014
                } // End of Armature_Bone_010
                Frame Armature_Bone_011 {
                  FrameTransformMatrix {
                    -0.000000,-0.000000, 1.000000, 0.000000,
                    -0.966773, 0.255636, 0.000000, 0.000000,
                    -0.255636,-0.966773,-0.000000, 0.000000,
                     0.000000, 1.102043,-0.000000, 1.000000;;
                  }
                  Frame Armature_Bone_012 {
                    FrameTransformMatrix {
                       0.018057,-0.965554,-0.259575, 0.000000,
                      -0.433642, 0.226365,-0.872189, 0.000000,
                       0.900904, 0.128311,-0.414617, 0.000000,
                       0.000000, 0.594523, 0.000000, 1.000000;;
                    }
                    Frame Armature_Bone_013 {
                      FrameTransformMatrix {
                         0.963700, 0.098626, 0.248104, 0.000000,
                         0.226895, 0.187236,-0.955752, 0.000000,
                        -0.140716, 0.977351, 0.158061, 0.000000,
                        -0.000000, 0.423787,-0.000000, 1.000000;;
                      }
                    } // End of Armature_Bone_013
                  } // End of Armature_Bone_012
                } // End of Armature_Bone_011
              } // End of Armature_Bone_008
            } // End of Armature_Bone_007
          } // End of Armature_Bone_006
          Frame Armature_Bone_017 {
            FrameTransformMatrix {
               0.853019,-0.521880, 0.000000, 0.000000,
              -0.521880,-0.853019,-0.000000, 0.000000,
               0.000000, 0.000000,-1.000000, 0.000000,
               0.511534, 0.461298, 2.774329, 1.000000;;
            }
            Frame Armature_Bone_018 {
              FrameTransformMatrix {
                 0.999979, 0.000433,-0.006513, 0.000000,
                -0.001812, 0.976968,-0.213376, 0.000000,
                 0.006271, 0.213383, 0.976948, 0.000000,
                 0.000000, 3.280173,-0.000000, 1.000000;;
              }
              Frame Armature_Bone_019 {
                FrameTransformMatrix {
                   0.999565,-0.028113,-0.008867, 0.000000,
                  -0.029468,-0.945004,-0.325729, 0.000000,
                   0.000777, 0.325849,-0.945422, 0.000000,
                   0.000000, 2.103559, 0.000000, 1.000000;;
                }
              } // End of Armature_Bone_019
              Frame Armature_Bone_020 {
                FrameTransformMatrix {
                   0.993691, 0.105440, 0.038214, 0.000000,
                  -0.112151, 0.934229, 0.338582, 0.000000,
                  -0.000000,-0.340732, 0.940160, 0.000000,
                   0.000000, 2.103559, 0.000000, 1.000000;;
                }
                Frame Armature_Bone_021 {
                  FrameTransformMatrix {
                     0.000000,-0.000000, 1.000000, 0.000000,
                    -0.993691, 0.112151, 0.000000, 0.000000,
                    -0.112151,-0.993691,-0.000000, 0.000000,
                     0.000000, 0.934382, 0.000000, 1.000000;;
                  }
                  Frame Armature_Bone_022 {
                    FrameTransformMatrix {
                      -0.020539,-0.999779,-0.004489, 0.000000,
                       0.417112,-0.004489,-0.908844, 0.000000,
                       0.908623,-0.020539, 0.417112, 0.000000,
                       0.000000, 0.539457,-0.000000, 1.000000;;
                    }
                    Frame Armature_Bone_023 {
                      FrameTransformMatrix {
                         0.999492, 0.010315,-0.030152, 0.000000,
                         0.010315, 0.790514, 0.612356, 0.000000,
                         0.030152,-0.612357, 0.790006, 0.000000,
                         0.000000, 0.462388, 0.000001, 1.000000;;
                      }
                    } // End of Armature_Bone_023
                  } // End of Armature_Bone_022
                } // End of Armature_Bone_021
                Frame Armature_Bone_024 {
                  FrameTransformMatrix {
                     0.993975,-0.107666,-0.020539, 0.000000,
                     0.106388, 0.902607, 0.417112, 0.000000,
                    -0.026370,-0.416784, 0.908623, 0.000000,
                     0.000000, 0.934382, 0.000000, 1.000000;;
                  }
                  Frame Armature_Bone_025 {
                    FrameTransformMatrix {
                       0.999492, 0.010315,-0.030153, 0.000000,
                       0.010315, 0.790514, 0.612357, 0.000000,
                       0.030153,-0.612357, 0.790006, 0.000000,
                      -0.000000, 0.485170, 0.000000, 1.000000;;
                    }
                  } // End of Armature_Bone_025
                } // End of Armature_Bone_024
                Frame Armature_Bone_026 {
                  FrameTransformMatrix {
                     0.000000, 0.000000,-1.000000, 0.000000,
                     0.993691,-0.112151,-0.000000, 0.000000,
                    -0.112151,-0.993691,-0.000000, 0.000000,
                     0.000000, 0.934382, 0.000000, 1.000000;;
                  }
                  Frame Armature_Bone_027 {
                    FrameTransformMatrix {
                       0.020539, 0.999779,-0.004489, 0.000000,
                      -0.417112, 0.004489,-0.908844, 0.000000,
                      -0.908623, 0.020539, 0.417112, 0.000000,
                      -0.000000, 0.472670, 0.000000, 1.000000;;
                    }
                    Frame Armature_Bone_028 {
                      FrameTransformMatrix {
                         0.999492, 0.010315,-0.030153, 0.000000,
                         0.010315, 0.790514, 0.612357, 0.000000,
                         0.030153,-0.612357, 0.790006, 0.000000,
                         0.000000, 0.482152, 0.000001, 1.000000;;
                      }
                    } // End of Armature_Bone_028
                  } // End of Armature_Bone_027
                } // End of Armature_Bone_026
              } // End of Armature_Bone_020
            } // End of Armature_Bone_018
          } // End of Armature_Bone_017
        } // End of Armature_Bone_002
      } // End of Armature_Bone_001
      Frame Armature_Bone_037 {
        FrameTransformMatrix {
           0.942988,-0.173348, 0.284120, 0.000000,
           0.332397, 0.533888,-0.777481, 0.000000,
          -0.016913, 0.827595, 0.561070, 0.000000,
           0.000000, 0.836182, 0.000000, 1.000000;;
        }
      } // End of Armature_Bone_037
      Frame Armature_Bone_038 {
        FrameTransformMatrix {
           0.912403, 0.006653,-0.409239, 0.000000,
           0.339698, 0.545435, 0.766228, 0.000000,
           0.228311,-0.838127, 0.495397, 0.000000,
           0.000000, 0.836182, 0.000000, 1.000000;;
        }
      } // End of Armature_Bone_038
    } // End of Armature_Bone
    Frame Armature_Bone_029 {
      FrameTransformMatrix {
         1.000000,-0.000000,-0.000000, 0.000000,
         0.000000, 0.613785,-0.789473, 0.000000,
         0.000000, 0.789473, 0.613785, 0.000000,
         0.000000, 0.030364, 0.163818, 1.000000;;
      }
      Frame Armature_Bone_031 {
        FrameTransformMatrix {
           1.000000,-0.000000, 0.000000, 0.000000,
           0.000000, 0.789473,-0.613785, 0.000000,
           0.000000, 0.613785, 0.789473, 0.000000,
          -0.000000, 2.143320, 0.000000, 1.000000;;
        }
        Frame Armature_Bone_032 {
          FrameTransformMatrix {
             1.000000, 0.000000, 0.000000, 0.000000,
             0.000000, 1.000000, 0.000000, 0.000000,
            -0.000000, 0.000000, 1.000000, 0.000000,
             0.000000, 1.457066,-0.000000, 1.000000;;
          }
          Frame Armature_Bone_033 {
            FrameTransformMatrix {
               1.000000, 0.000000, 0.000000, 0.000000,
               0.000000, 1.000000, 0.000000, 0.000000,
               0.000000, 0.000000, 1.000000, 0.000000,
               0.000000, 1.237134,-0.000000, 1.000000;;
            }
          } // End of Armature_Bone_033
        } // End of Armature_Bone_032
      } // End of Armature_Bone_031
    } // End of Armature_Bone_029
    Frame Armature_Bone_030 {
      FrameTransformMatrix {
         1.000000,-0.000000, 0.000000, 0.000000,
         0.000000,-0.592985,-0.805214, 0.000000,
         0.000000, 0.805214,-0.592984, 0.000000,
         0.000000, 0.030364, 0.163818, 1.000000;;
      }
      Frame Armature_Bone_034 {
        FrameTransformMatrix {
           1.000000, 0.000000, 0.000000, 0.000000,
          -0.000000, 0.805214, 0.592985, 0.000000,
          -0.000000,-0.592985, 0.805214, 0.000000,
           0.000000, 2.032973,-0.000000, 1.000000;;
        }
        Frame Armature_Bone_035 {
          FrameTransformMatrix {
             1.000000, 0.000000,-0.000000, 0.000000,
            -0.000000, 1.000000,-0.000000, 0.000000,
             0.000000,-0.000000, 1.000000, 0.000000,
             0.000000, 1.463967,-0.000000, 1.000000;;
          }
          Frame Armature_Bone_036 {
            FrameTransformMatrix {
               1.000000, 0.000000, 0.000000, 0.000000,
              -0.000000, 1.000000,-0.000000, 0.000000,
              -0.000000,-0.000000, 1.000000, 0.000000,
               0.000000, 1.307325,-0.000000, 1.000000;;
            }
          } // End of Armature_Bone_036
        } // End of Armature_Bone_035
      } // End of Armature_Bone_034
    } // End of Armature_Bone_030
    Frame Cube_007 {
      FrameTransformMatrix {
         0.888728, 0.000000, 0.000000, 0.000000,
         0.000000, 1.593325, 0.000000, 0.000000,
        -0.000000, 0.000000, 0.432547, 0.000000,
        -0.015467, 0.058337, 0.610454, 1.000000;;
      }
      Mesh { // Cube_007 mesh
        720;
         0.070557; 2.174157;-10.398221;,
         0.070557; 2.010173;-10.398221;,
        -0.217048; 2.010173;-10.398221;,
        -0.217048; 2.174157;-10.398221;,
         0.070557; 2.174157;-9.451751;,
        -0.217048; 2.174157;-9.451751;,
        -0.217048; 2.010173;-9.451751;,
         0.070557; 2.010173;-9.451751;,
         0.070557; 2.174157;-10.398221;,
         0.070557; 2.174157;-9.451751;,
         0.070557; 2.010173;-9.451751;,
         0.070557; 2.010173;-10.398221;,
         0.070557; 2.010173;-10.398221;,
         0.070557; 2.010173;-9.451751;,
        -0.217048; 2.010173;-9.451751;,
        -0.217048; 2.010173;-10.398221;,
        -0.217048; 2.010173;-10.398221;,
        -0.217048; 2.010173;-9.451751;,
        -0.217048; 2.174157;-9.451751;,
        -0.217048; 2.174157;-10.398221;,
         0.070557; 2.174157;-9.451751;,
         0.070557; 2.174157;-10.398221;,
        -0.217048; 2.174157;-10.398221;,
        -0.217048; 2.174157;-9.451751;,
         0.070557; 2.174157;-11.373323;,
         0.070557; 2.010173;-11.373323;,
        -0.217048; 2.010173;-11.373323;,
        -0.217048; 2.174157;-11.373323;,
         0.070557; 2.174157;-10.426853;,
        -0.217048; 2.174157;-10.426853;,
        -0.217048; 2.010173;-10.426853;,
         0.070557; 2.010173;-10.426853;,
         0.070557; 2.174157;-11.373323;,
         0.070557; 2.174157;-10.426853;,
         0.070557; 2.010173;-10.426853;,
         0.070557; 2.010173;-11.373323;,
         0.070557; 2.010173;-11.373323;,
         0.070557; 2.010173;-10.426853;,
        -0.217048; 2.010173;-10.426853;,
        -0.217048; 2.010173;-11.373323;,
        -0.217048; 2.010173;-11.373323;,
        -0.217048; 2.010173;-10.426853;,
        -0.217048; 2.174157;-10.426853;,
        -0.217048; 2.174157;-11.373323;,
         0.070557; 2.174157;-10.426853;,
         0.070557; 2.174157;-11.373323;,
        -0.217048; 2.174157;-11.373323;,
        -0.217048; 2.174157;-10.426853;,
         0.623652; 2.174157;-11.373323;,
         0.623652; 2.010173;-11.373323;,
         0.336046; 2.010173;-11.373323;,
         0.336047; 2.174157;-11.373323;,
         0.623652; 2.174157;-10.426853;,
         0.336046; 2.174157;-10.426853;,
         0.336046; 2.010173;-10.426853;,
         0.623652; 2.010173;-10.426853;,
         0.623652; 2.174157;-11.373323;,
         0.623652; 2.174157;-10.426853;,
         0.623652; 2.010173;-10.426853;,
         0.623652; 2.010173;-11.373323;,
         0.623652; 2.010173;-11.373323;,
         0.623652; 2.010173;-10.426853;,
         0.336046; 2.010173;-10.426853;,
         0.336046; 2.010173;-11.373323;,
         0.336046; 2.010173;-11.373323;,
         0.336046; 2.010173;-10.426853;,
         0.336046; 2.174157;-10.426853;,
         0.336047; 2.174157;-11.373323;,
         0.623652; 2.174157;-10.426853;,
         0.623652; 2.174157;-11.373323;,
         0.336047; 2.174157;-11.373323;,
         0.336046; 2.174157;-10.426853;,
         0.623652; 2.174157;-10.398221;,
         0.623652; 2.010173;-10.398221;,
         0.336046; 2.010173;-10.398221;,
         0.336047; 2.174157;-10.398221;,
         0.623652; 2.174157;-9.451751;,
         0.336046; 2.174157;-9.451751;,
         0.336046; 2.010173;-9.451751;,
         0.623652; 2.010173;-9.451751;,
         0.623652; 2.174157;-10.398221;,
         0.623652; 2.174157;-9.451751;,
         0.623652; 2.010173;-9.451751;,
         0.623652; 2.010173;-10.398221;,
         0.623652; 2.010173;-10.398221;,
         0.623652; 2.010173;-9.451751;,
         0.336046; 2.010173;-9.451751;,
         0.336046; 2.010173;-10.398221;,
         0.336046; 2.010173;-10.398221;,
         0.336046; 2.010173;-9.451751;,
         0.336046; 2.174157;-9.451751;,
         0.336047; 2.174157;-10.398221;,
         0.623652; 2.174157;-9.451751;,
         0.623652; 2.174157;-10.398221;,
         0.336047; 2.174157;-10.398221;,
         0.336046; 2.174157;-9.451751;,
        -0.480967; 2.174157;-10.398221;,
        -0.480967; 2.010173;-10.398221;,
        -0.768572; 2.010173;-10.398221;,
        -0.768572; 2.174157;-10.398221;,
        -0.480967; 2.174157;-9.451751;,
        -0.768572; 2.174157;-9.451751;,
        -0.768572; 2.010173;-9.451751;,
        -0.480967; 2.010173;-9.451751;,
        -0.480967; 2.174157;-10.398221;,
        -0.480967; 2.174157;-9.451751;,
        -0.480967; 2.010173;-9.451751;,
        -0.480967; 2.010173;-10.398221;,
        -0.480967; 2.010173;-10.398221;,
        -0.480967; 2.010173;-9.451751;,
        -0.768572; 2.010173;-9.451751;,
        -0.768572; 2.010173;-10.398221;,
        -0.768572; 2.010173;-10.398221;,
        -0.768572; 2.010173;-9.451751;,
        -0.768572; 2.174157;-9.451751;,
        -0.768572; 2.174157;-10.398221;,
        -0.480967; 2.174157;-9.451751;,
        -0.480967; 2.174157;-10.398221;,
        -0.768572; 2.174157;-10.398221;,
        -0.768572; 2.174157;-9.451751;,
        -0.480967; 2.174157;-11.373323;,
        -0.480967; 2.010173;-11.373323;,
        -0.768572; 2.010173;-11.373323;,
        -0.768572; 2.174157;-11.373323;,
        -0.480967; 2.174157;-10.426853;,
        -0.768572; 2.174157;-10.426853;,
        -0.768572; 2.010173;-10.426853;,
        -0.480967; 2.010173;-10.426853;,
        -0.480967; 2.174157;-11.373323;,
        -0.480967; 2.174157;-10.426853;,
        -0.480967; 2.010173;-10.426853;,
        -0.480967; 2.010173;-11.373323;,
        -0.480967; 2.010173;-11.373323;,
        -0.480967; 2.010173;-10.426853;,
        -0.768572; 2.010173;-10.426853;,
        -0.768572; 2.010173;-11.373323;,
        -0.768572; 2.010173;-11.373323;,
        -0.768572; 2.010173;-10.426853;,
        -0.768572; 2.174157;-10.426853;,
        -0.768572; 2.174157;-11.373323;,
        -0.480967; 2.174157;-10.426853;,
        -0.480967; 2.174157;-11.373323;,
        -0.768572; 2.174157;-11.373323;,
        -0.768572; 2.174157;-10.426853;,
        -0.555115;-2.076640;-9.844764;,
        -0.555115;-2.240624;-9.844764;,
        -0.842721;-2.240624;-9.844764;,
        -0.842721;-2.076640;-9.844764;,
        -0.555115;-2.076640;-8.898293;,
        -0.842721;-2.076640;-8.898293;,
        -0.842721;-2.240624;-8.898293;,
        -0.555115;-2.240624;-8.898293;,
        -0.555115;-2.076640;-9.844764;,
        -0.555115;-2.076640;-8.898293;,
        -0.555115;-2.240624;-8.898293;,
        -0.555115;-2.240624;-9.844764;,
        -0.555115;-2.240624;-9.844764;,
        -0.555115;-2.240624;-8.898293;,
        -0.842721;-2.240624;-8.898293;,
        -0.842721;-2.240624;-9.844764;,
        -0.842721;-2.240624;-9.844764;,
        -0.842721;-2.240624;-8.898293;,
        -0.842721;-2.076640;-8.898293;,
        -0.842721;-2.076640;-9.844764;,
        -0.555115;-2.076640;-8.898293;,
        -0.555115;-2.076640;-9.844764;,
        -0.842721;-2.076640;-9.844764;,
        -0.842721;-2.076640;-8.898293;,
        -0.555115;-2.076640;-8.869660;,
        -0.555115;-2.240624;-8.869660;,
        -0.842721;-2.240624;-8.869660;,
        -0.842721;-2.076640;-8.869660;,
        -0.555115;-2.076640;-7.923190;,
        -0.842721;-2.076640;-7.923190;,
        -0.842721;-2.240624;-7.923190;,
        -0.555115;-2.240624;-7.923190;,
        -0.555115;-2.076640;-8.869660;,
        -0.555115;-2.076640;-7.923190;,
        -0.555115;-2.240624;-7.923190;,
        -0.555115;-2.240624;-8.869660;,
        -0.555115;-2.240624;-8.869660;,
        -0.555115;-2.240624;-7.923190;,
        -0.842721;-2.240624;-7.923190;,
        -0.842721;-2.240624;-8.869660;,
        -0.842721;-2.240624;-8.869660;,
        -0.842721;-2.240624;-7.923190;,
        -0.842721;-2.076640;-7.923190;,
        -0.842721;-2.076640;-8.869660;,
        -0.555115;-2.076640;-7.923190;,
        -0.555115;-2.076640;-8.869660;,
        -0.842721;-2.076640;-8.869660;,
        -0.842721;-2.076640;-7.923190;,
         0.549504;-2.076640;-8.869660;,
         0.549504;-2.240624;-8.869660;,
         0.261898;-2.240624;-8.869660;,
         0.261898;-2.076640;-8.869660;,
         0.549504;-2.076640;-7.923190;,
         0.261898;-2.076640;-7.923190;,
         0.261898;-2.240624;-7.923190;,
         0.549504;-2.240624;-7.923190;,
         0.549504;-2.076640;-8.869660;,
         0.549504;-2.076640;-7.923190;,
         0.549504;-2.240624;-7.923190;,
         0.549504;-2.240624;-8.869660;,
         0.549504;-2.240624;-8.869660;,
         0.549504;-2.240624;-7.923190;,
         0.261898;-2.240624;-7.923190;,
         0.261898;-2.240624;-8.869660;,
         0.261898;-2.240624;-8.869660;,
         0.261898;-2.240624;-7.923190;,
         0.261898;-2.076640;-7.923190;,
         0.261898;-2.076640;-8.869660;,
         0.549504;-2.076640;-7.923190;,
         0.549504;-2.076640;-8.869660;,
         0.261898;-2.076640;-8.869660;,
         0.261898;-2.076640;-7.923190;,
         0.549504;-2.076640;-9.844764;,
         0.549504;-2.240624;-9.844764;,
         0.261898;-2.240624;-9.844764;,
         0.261898;-2.076640;-9.844764;,
         0.549504;-2.076640;-8.898293;,
         0.261898;-2.076640;-8.898293;,
         0.261898;-2.240624;-8.898293;,
         0.549504;-2.240624;-8.898293;,
         0.549504;-2.076640;-9.844764;,
         0.549504;-2.076640;-8.898293;,
         0.549504;-2.240624;-8.898293;,
         0.549504;-2.240624;-9.844764;,
         0.549504;-2.240624;-9.844764;,
         0.549504;-2.240624;-8.898293;,
         0.261898;-2.240624;-8.898293;,
         0.261898;-2.240624;-9.844764;,
         0.261898;-2.240624;-9.844764;,
         0.261898;-2.240624;-8.898293;,
         0.261898;-2.076640;-8.898293;,
         0.261898;-2.076640;-9.844764;,
         0.549504;-2.076640;-8.898293;,
         0.549504;-2.076640;-9.844764;,
         0.261898;-2.076640;-9.844764;,
         0.261898;-2.076640;-8.898293;,
        -0.003591;-2.076640;-9.844764;,
        -0.003591;-2.240624;-9.844764;,
        -0.291196;-2.240624;-9.844764;,
        -0.291196;-2.076640;-9.844764;,
        -0.003591;-2.076640;-8.898293;,
        -0.291196;-2.076640;-8.898293;,
        -0.291196;-2.240624;-8.898293;,
        -0.003591;-2.240624;-8.898293;,
        -0.003591;-2.076640;-9.844764;,
        -0.003591;-2.076640;-8.898293;,
        -0.003591;-2.240624;-8.898293;,
        -0.003591;-2.240624;-9.844764;,
        -0.003591;-2.240624;-9.844764;,
        -0.003591;-2.240624;-8.898293;,
        -0.291196;-2.240624;-8.898293;,
        -0.291196;-2.240624;-9.844764;,
        -0.291196;-2.240624;-9.844764;,
        -0.291196;-2.240624;-8.898293;,
        -0.291196;-2.076640;-8.898293;,
        -0.291196;-2.076640;-9.844764;,
        -0.003591;-2.076640;-8.898293;,
        -0.003591;-2.076640;-9.844764;,
        -0.291196;-2.076640;-9.844764;,
        -0.291196;-2.076640;-8.898293;,
        -0.003591;-2.076640;-8.869660;,
        -0.003591;-2.240624;-8.869660;,
        -0.291196;-2.240624;-8.869660;,
        -0.291196;-2.076640;-8.869660;,
        -0.003591;-2.076640;-7.923190;,
        -0.291196;-2.076640;-7.923190;,
        -0.291196;-2.240624;-7.923190;,
        -0.003591;-2.240624;-7.923190;,
        -0.003591;-2.076640;-8.869660;,
        -0.003591;-2.076640;-7.923190;,
        -0.003591;-2.240624;-7.923190;,
        -0.003591;-2.240624;-8.869660;,
        -0.003591;-2.240624;-8.869660;,
        -0.003591;-2.240624;-7.923190;,
        -0.291196;-2.240624;-7.923190;,
        -0.291196;-2.240624;-8.869660;,
        -0.291196;-2.240624;-8.869660;,
        -0.291196;-2.240624;-7.923190;,
        -0.291196;-2.076640;-7.923190;,
        -0.291196;-2.076640;-8.869660;,
        -0.003591;-2.076640;-7.923190;,
        -0.003591;-2.076640;-8.869660;,
        -0.291196;-2.076640;-8.869660;,
        -0.291196;-2.076640;-7.923190;,
         0.552464;-1.697725;-7.890793;,
         0.552464;-2.254391;-7.890793;,
        -0.847251;-2.254391;-7.890793;,
        -0.847251;-1.697725;-7.890793;,
         0.552464;-1.697725;-5.442369;,
        -0.847251;-1.697725;-5.442369;,
        -0.847251;-2.254391;-5.442369;,
         0.552464;-2.254391;-5.442369;,
         0.552464;-1.697725;-7.890793;,
         0.552464;-1.697725;-5.442369;,
         0.552464;-2.254391;-5.442369;,
         0.552464;-2.254391;-7.890793;,
         0.552464;-2.254391;-7.890793;,
         0.552464;-2.254391;-5.442369;,
        -0.847251;-2.254391;-5.442369;,
        -0.847251;-2.254391;-7.890793;,
        -0.847251;-2.254391;-7.890793;,
        -0.847251;-2.254391;-5.442369;,
        -0.847251;-1.697725;-5.442369;,
        -0.847251;-1.697725;-7.890793;,
         0.552464;-1.697725;-5.442369;,
         0.552464;-1.697725;-7.890793;,
        -0.847251;-1.697725;-7.890793;,
        -0.847251;-1.697725;-5.442369;,
         0.401022;-2.093535;-1.113516;,
         0.401022;-2.358855;-1.113516;,
        -0.695809;-2.358855;-1.113516;,
        -0.695809;-2.093535;-1.113516;,
         0.401022;-2.093535; 2.543909;,
        -0.695809;-2.093535; 2.543909;,
        -0.695809;-2.358855; 2.543909;,
         0.401021;-2.358855; 2.543909;,
         0.401022;-2.093535;-1.113516;,
         0.401022;-2.093535; 2.543909;,
         0.401021;-2.358855; 2.543909;,
         0.401022;-2.358855;-1.113516;,
         0.401022;-2.358855;-1.113516;,
         0.401021;-2.358855; 2.543909;,
        -0.695809;-2.358855; 2.543909;,
        -0.695809;-2.358855;-1.113516;,
        -0.695809;-2.358855;-1.113516;,
        -0.695809;-2.358855; 2.543909;,
        -0.695809;-2.093535; 2.543909;,
        -0.695809;-2.093535;-1.113516;,
         0.401022;-2.093535; 2.543909;,
         0.401022;-2.093535;-1.113516;,
        -0.695809;-2.093535;-1.113516;,
        -0.695809;-2.093535; 2.543909;,
         0.552464;-1.529490;-5.391859;,
         0.552464;-2.260503;-5.391859;,
        -0.847251;-2.260503;-5.391859;,
        -0.847251;-1.529490;-5.391859;,
         0.552464;-1.529490;-1.068369;,
        -0.847251;-1.529490;-1.068369;,
        -0.847251;-2.260502;-1.068369;,
         0.552464;-2.260503;-1.068369;,
         0.552464;-1.529490;-5.391859;,
         0.552464;-1.529490;-1.068369;,
         0.552464;-2.260503;-1.068369;,
         0.552464;-2.260503;-5.391859;,
         0.552464;-2.260503;-5.391859;,
         0.552464;-2.260503;-1.068369;,
        -0.847251;-2.260502;-1.068369;,
        -0.847251;-2.260503;-5.391859;,
        -0.847251;-2.260503;-5.391859;,
        -0.847251;-2.260502;-1.068369;,
        -0.847251;-1.529490;-1.068369;,
        -0.847251;-1.529490;-5.391859;,
         0.552464;-1.529490;-1.068369;,
         0.552464;-1.529490;-5.391859;,
        -0.847251;-1.529490;-5.391859;,
        -0.847251;-1.529490;-1.068369;,
         0.332128;-1.533865;-0.992096;,
         0.332128;-2.009707;-0.992096;,
        -0.592986;-2.009707;-0.992096;,
        -0.592986;-1.533865;-0.992096;,
         0.332128;-1.533865; 7.228502;,
        -0.592986;-1.533865; 7.228502;,
        -0.592986;-2.009707; 7.228502;,
         0.332127;-2.009707; 7.228502;,
         0.332128;-1.533865;-0.992096;,
         0.332128;-1.533865; 7.228502;,
         0.332127;-2.009707; 7.228502;,
         0.332128;-2.009707;-0.992096;,
         0.332128;-2.009707;-0.992096;,
         0.332127;-2.009707; 7.228502;,
        -0.592986;-2.009707; 7.228502;,
        -0.592986;-2.009707;-0.992096;,
        -0.592986;-2.009707;-0.992096;,
        -0.592986;-2.009707; 7.228502;,
        -0.592986;-1.533865; 7.228502;,
        -0.592986;-1.533865;-0.992096;,
         0.332128;-1.533865; 7.228502;,
         0.332128;-1.533865;-0.992096;,
        -0.592986;-1.533865;-0.992096;,
        -0.592986;-1.533865; 7.228502;,
         0.552638; 2.181669;-9.418923;,
         0.552638; 1.794616;-9.418923;,
        -0.770655; 1.794616;-9.418923;,
        -0.770655; 2.181670;-9.418923;,
         0.552639; 2.181669;-6.621562;,
        -0.770655; 2.181669;-6.621562;,
        -0.770656; 1.794616;-6.621562;,
         0.552638; 1.794616;-6.621562;,
         0.552638; 2.181669;-9.418923;,
         0.552639; 2.181669;-6.621562;,
         0.552638; 1.794616;-6.621562;,
         0.552638; 1.794616;-9.418923;,
         0.552638; 1.794616;-9.418923;,
         0.552638; 1.794616;-6.621562;,
        -0.770656; 1.794616;-6.621562;,
        -0.770655; 1.794616;-9.418923;,
        -0.770655; 1.794616;-9.418923;,
        -0.770656; 1.794616;-6.621562;,
        -0.770655; 2.181669;-6.621562;,
        -0.770655; 2.181670;-9.418923;,
         0.552639; 2.181669;-6.621562;,
         0.552638; 2.181669;-9.418923;,
        -0.770655; 2.181670;-9.418923;,
        -0.770655; 2.181669;-6.621562;,
         0.460867; 2.203418;-6.548561;,
         0.460867; 1.574851;-6.548561;,
        -0.721726; 1.574851;-6.548561;,
        -0.721726; 2.203418;-6.548561;,
         0.460868; 2.203418;-1.486983;,
        -0.721726; 2.203418;-1.486983;,
        -0.721726; 1.574851;-1.486983;,
         0.460867; 1.574850;-1.486983;,
         0.460867; 2.203418;-6.548561;,
         0.460868; 2.203418;-1.486983;,
         0.460867; 1.574850;-1.486983;,
         0.460867; 1.574851;-6.548561;,
         0.460867; 1.574851;-6.548561;,
         0.460867; 1.574850;-1.486983;,
        -0.721726; 1.574851;-1.486983;,
        -0.721726; 1.574851;-6.548561;,
        -0.721726; 1.574851;-6.548561;,
        -0.721726; 1.574851;-1.486983;,
        -0.721726; 2.203418;-1.486983;,
        -0.721726; 2.203418;-6.548561;,
         0.460868; 2.203418;-1.486983;,
         0.460867; 2.203418;-6.548561;,
        -0.721726; 2.203418;-6.548561;,
        -0.721726; 2.203418;-1.486983;,
         0.524421; 2.241910;-1.440748;,
         0.524421; 1.536358;-1.440748;,
        -0.785279; 1.536358;-1.440748;,
        -0.785279; 2.241910;-1.440748;,
         0.524421; 2.241910; 7.398962;,
        -0.785279; 2.241910; 7.398962;,
        -0.785280; 1.536359; 7.398962;,
         0.524421; 1.536358; 7.398962;,
         0.524421; 2.241910;-1.440748;,
         0.524421; 2.241910; 7.398962;,
         0.524421; 1.536358; 7.398962;,
         0.524421; 1.536358;-1.440748;,
         0.524421; 1.536358;-1.440748;,
         0.524421; 1.536358; 7.398962;,
        -0.785280; 1.536359; 7.398962;,
        -0.785279; 1.536358;-1.440748;,
        -0.785279; 1.536358;-1.440748;,
        -0.785280; 1.536359; 7.398962;,
        -0.785279; 2.241910; 7.398962;,
        -0.785279; 2.241910;-1.440748;,
         0.524421; 2.241910; 7.398962;,
         0.524421; 2.241910;-1.440748;,
        -0.785279; 2.241910;-1.440748;,
        -0.785279; 2.241910; 7.398962;,
         2.479182; 0.505584; 5.088414;,
         2.479182;-0.505584; 5.088414;,
         0.608998;-0.505584; 5.088414;,
         0.608998; 0.505584; 5.088414;,
         2.479182; 0.505584; 9.036134;,
         0.608998; 0.505584; 9.036134;,
         0.608998;-0.505584; 9.036134;,
         2.479181;-0.505584; 9.036134;,
         2.479182; 0.505584; 5.088414;,
         2.479182; 0.505584; 9.036134;,
         2.479181;-0.505584; 9.036134;,
         2.479182;-0.505584; 5.088414;,
         2.479182;-0.505584; 5.088414;,
         2.479181;-0.505584; 9.036134;,
         0.608998;-0.505584; 9.036134;,
         0.608998;-0.505584; 5.088414;,
         0.608998;-0.505584; 5.088414;,
         0.608998;-0.505584; 9.036134;,
         0.608998; 0.505584; 9.036134;,
         0.608998; 0.505584; 5.088414;,
         2.479182; 0.505584; 9.036134;,
         2.479182; 0.505584; 5.088414;,
         0.608998; 0.505584; 5.088414;,
         0.608998; 0.505584; 9.036134;,
         0.586875; 1.520949; 5.058668;,
         0.586875;-1.520949; 5.058668;,
        -0.845908;-1.520949; 5.058668;,
        -0.845908; 1.520949; 5.058668;,
         0.586876; 1.520948; 7.415653;,
        -0.845908; 1.520949; 7.415653;,
        -0.845909;-1.520948; 7.415653;,
         0.586875;-1.520950; 7.415653;,
         0.586875; 1.520949; 5.058668;,
         0.586876; 1.520948; 7.415653;,
         0.586875;-1.520950; 7.415653;,
         0.586875;-1.520949; 5.058668;,
         0.586875;-1.520949; 5.058668;,
         0.586875;-1.520950; 7.415653;,
        -0.845909;-1.520948; 7.415653;,
        -0.845908;-1.520949; 5.058668;,
        -0.845908;-1.520949; 5.058668;,
        -0.845909;-1.520948; 7.415653;,
        -0.845908; 1.520949; 7.415653;,
        -0.845908; 1.520949; 5.058668;,
         0.586876; 1.520948; 7.415653;,
         0.586875; 1.520949; 5.058668;,
        -0.845908; 1.520949; 5.058668;,
        -0.845908; 1.520949; 7.415653;,
         1.303600; 1.520949; 0.899358;,
         1.303600;-1.520949; 0.899358;,
        -0.986844;-1.520949; 0.899358;,
        -0.986843; 1.520949; 0.899358;,
         1.303601; 1.520948; 5.052236;,
        -0.986844; 1.520949; 5.052236;,
        -0.986844;-1.520948; 5.052236;,
         1.303599;-1.520950; 5.052236;,
         1.303600; 1.520949; 0.899358;,
         1.303601; 1.520948; 5.052236;,
         1.303599;-1.520950; 5.052236;,
         1.303600;-1.520949; 0.899358;,
         1.303600;-1.520949; 0.899358;,
         1.303599;-1.520950; 5.052236;,
        -0.986844;-1.520948; 5.052236;,
        -0.986844;-1.520949; 0.899358;,
        -0.986844;-1.520949; 0.899358;,
        -0.986844;-1.520948; 5.052236;,
        -0.986844; 1.520949; 5.052236;,
        -0.986843; 1.520949; 0.899358;,
         1.303601; 1.520948; 5.052236;,
         1.303600; 1.520949; 0.899358;,
        -0.986843; 1.520949; 0.899358;,
        -0.986844; 1.520949; 5.052236;,
         1.000000; 1.000000;-1.000000;,
         1.000000;-1.000000;-1.000000;,
        -1.000000;-1.000000;-1.000000;,
        -1.000000; 1.000000;-1.000000;,
         1.000000; 0.999999; 1.000000;,
        -1.000000; 1.000000; 1.000000;,
        -1.000000;-1.000000; 1.000000;,
         0.999999;-1.000001; 1.000000;,
         1.000000; 1.000000;-1.000000;,
         1.000000; 0.999999; 1.000000;,
         0.999999;-1.000001; 1.000000;,
         1.000000;-1.000000;-1.000000;,
         1.000000;-1.000000;-1.000000;,
         0.999999;-1.000001; 1.000000;,
        -1.000000;-1.000000; 1.000000;,
        -1.000000;-1.000000;-1.000000;,
        -1.000000;-1.000000;-1.000000;,
        -1.000000;-1.000000; 1.000000;,
        -1.000000; 1.000000; 1.000000;,
        -1.000000; 1.000000;-1.000000;,
         1.000000; 0.999999; 1.000000;,
         1.000000; 1.000000;-1.000000;,
        -1.000000; 1.000000;-1.000000;,
        -1.000000; 1.000000; 1.000000;,
         0.645201;-0.262736;-8.186313;,
         0.645201;-1.162532;-8.186313;,
        -0.894417;-1.162532;-8.186313;,
        -0.894416;-0.262736;-8.186313;,
         0.645201;-0.262736;-5.144521;,
        -0.894416;-0.262736;-5.144521;,
        -0.894417;-1.162532;-5.144521;,
         0.645200;-1.162532;-5.144521;,
         0.645201;-0.262736;-8.186313;,
         0.645201;-0.262736;-5.144521;,
         0.645200;-1.162532;-5.144521;,
         0.645201;-1.162532;-8.186313;,
         0.645201;-1.162532;-8.186313;,
         0.645200;-1.162532;-5.144521;,
        -0.894417;-1.162532;-5.144521;,
        -0.894417;-1.162532;-8.186313;,
        -0.894417;-1.162532;-8.186313;,
        -0.894417;-1.162532;-5.144521;,
        -0.894416;-0.262736;-5.144521;,
        -0.894416;-0.262736;-8.186313;,
         0.645201;-0.262736;-5.144521;,
         0.645201;-0.262736;-8.186313;,
        -0.894416;-0.262736;-8.186313;,
        -0.894416;-0.262736;-5.144521;,
         0.582208;-0.330745;-11.052147;,
         0.582208;-1.094523;-11.052147;,
        -0.831423;-1.094523;-11.052147;,
        -0.831423;-0.330745;-11.052147;,
         0.582208;-0.330745;-8.279806;,
        -0.831423;-0.330745;-8.279806;,
        -0.831424;-1.094523;-8.279806;,
         0.582207;-1.094524;-8.279806;,
         0.582208;-0.330745;-11.052147;,
         0.582208;-0.330745;-8.279806;,
         0.582207;-1.094524;-8.279806;,
         0.582208;-1.094523;-11.052147;,
