xof 0303txt 0032

template XSkinMeshHeader {
  <3cf169ce-ff7c-44ab-93c0-f78f62d172e2>
  WORD nMaxSkinWeightsPerVertex;
  WORD nMaxSkinWeightsPerFace;
  WORD nBones;
}

template SkinWeights {
  <6f0d123b-bad2-4167-a0d0-80224f25fabb>
  STRING transformNodeName;
  DWORD nWeights;
  array DWORD vertexIndices[nWeights];
  array float weights[nWeights];
  Matrix4x4 matrixOffset;
}

Frame Root {
  FrameTransformMatrix {
     1.000000, 0.000000, 0.000000, 0.000000,
     0.000000,-0.000000, 1.000000, 0.000000,
     0.000000, 1.000000, 0.000000, 0.000000,
     0.000000, 0.000000, 0.000000, 1.000000;;
  }
  Frame Armature {
    FrameTransformMatrix {
       1.000000, 0.000000, 0.000000, 0.000000,
       0.000000, 1.000000, 0.000000, 0.000000,
       0.000000, 0.000000, 1.000000, 0.000000,
      -0.101649, 0.093433, 1.340790, 1.000000;;
    }
    Frame Armature_torso {
      FrameTransformMatrix {
         0.976451,-0.005790,-0.215663, 0.000000,
         0.215693, 0.005196, 0.976447, 0.000000,
        -0.004533,-0.999970, 0.006323, 0.000000,
         0.000030,-0.102953, 2.227659, 1.000000;;
      }
      Frame Armature_collo {
        FrameTransformMatrix {
           1.000000, 0.000000, 0.000000, 0.000000,
           0.000000, 1.000000,-0.000393, 0.000000,
          -0.000000, 0.000393, 1.000000, 0.000000,
          -0.000000, 1.737539,-0.000000, 1.000000;;
        }
        Frame Armature_baseantennal {
          FrameTransformMatrix {
             0.999565,-0.008093, 0.028346, 0.000000,
             0.012344, 0.988120,-0.153186, 0.000000,
            -0.026769, 0.153470, 0.987791, 0.000000,
            -0.145644, 1.448595,-0.289431, 1.000000;;
          }
          Frame Armature_antennal {
            FrameTransformMatrix {
               0.993941, 0.039635, 0.102517, 0.000000,
               0.020453, 0.849731,-0.526820, 0.000000,
              -0.107993, 0.525725, 0.843772, 0.000000,
              -0.000000, 0.209475,-0.000000, 1.000000;;
            }
          } // End of Armature_antennal
        } // End of Armature_baseantennal
        Frame Armature_baseantennar {
          FrameTransformMatrix {
             0.999497,-0.016021,-0.027358, 0.000000,
             0.019623, 0.990384, 0.136947, 0.000000,
             0.024900,-0.137415, 0.990201, 0.000000,
            -0.144909, 1.457690, 0.323287, 1.000000;;
          }
          Frame Armature_antennar {
            FrameTransformMatrix {
               0.996876, 0.022249,-0.075777, 0.000000,
               0.009634, 0.918073, 0.396294, 0.000000,
               0.078386,-0.395786, 0.914991, 0.000000,
               0.000000, 0.190225,-0.000000, 1.000000;;
            }
          } // End of Armature_antennar
        } // End of Armature_baseantennar
        Frame Armature_facciadentro {
          FrameTransformMatrix {
             0.669299,-0.742993,-0.000000, 0.000000,
             0.742993, 0.669299,-0.000000, 0.000000,
            -0.000000, 0.000000, 1.000000, 0.000000,
            -0.000000, 0.924658, 0.000000, 1.000000;;
          }
          Frame Armature_splancnocranio {
            FrameTransformMatrix {
               0.000000, 0.000000, 1.000000, 0.000000,
               0.830496, 0.557025,-0.000000, 0.000000,
              -0.557025, 0.830496, 0.000000, 0.000000,
               0.000001, 0.413494, 0.000000, 1.000000;;
            }
            Frame Armature_boccagiu {
              FrameTransformMatrix {
                 1.000000,-0.000000, 0.000000, 0.000000,
                -0.000000, 0.954819, 0.297187, 0.000000,
                -0.000000,-0.297187, 0.954819, 0.000000,
                -0.000000, 0.439903,-0.130386, 1.000000;;
              }
            } // End of Armature_boccagiu
            Frame Armature_boccasopra {
              FrameTransformMatrix {
                 1.000000,-0.000000, 0.000000, 0.000000,
                -0.000000, 0.969716, 0.244236, 0.000000,
                -0.000000,-0.244236, 0.969716, 0.000000,
                -0.000000, 0.414029, 0.000000, 1.000000;;
              }
            } // End of Armature_boccasopra
          } // End of Armature_splancnocranio
        } // End of Armature_facciadentro
      } // End of Armature_collo
      Frame Armature_spallal {
        FrameTransformMatrix {
          -0.283798,-0.057659, 0.957149, 0.000000,
           0.487443,-0.868271, 0.092223, 0.000000,
           0.825747, 0.492729, 0.274519, 0.000000,
          -0.073361, 1.737307,-0.589879, 1.000000;;
        }
        Frame Armature_omerol {
          FrameTransformMatrix {
             1.000000, 0.000000, 0.000000, 0.000000,
             0.000000, 0.994426,-0.105436, 0.000000,
            -0.000000, 0.105436, 0.994426, 0.000000,
             0.000000, 0.438394, 0.000000, 1.000000;;
          }
          Frame Armature_avambl {
            FrameTransformMatrix {
               1.000000,-0.000569,-0.000104, 0.000000,
              -0.000504,-0.945255, 0.326333, 0.000000,
              -0.000284,-0.326333,-0.945255, 0.000000,
               0.000000, 1.741945, 0.000000, 1.000000;;
            }
            Frame Armature_manol {
              FrameTransformMatrix {
                 0.999971,-0.006395,-0.004203, 0.000000,
                -0.007588,-0.756719,-0.653697, 0.000000,
                 0.001000, 0.653710,-0.756745, 0.000000,
                -0.000000, 2.021899,-0.000000, 1.000000;;
              }
              Frame Armature_clawl {
                FrameTransformMatrix {
                   0.000017, 0.864537, 0.502569, 0.000000,
                   0.000157, 0.502569,-0.864537, 0.000000,
                  -1.000000, 0.000094,-0.000127, 0.000000,
                  -0.000000, 1.783048,-0.000001, 1.000000;;
                }
              } // End of Armature_clawl
            } // End of Armature_manol
          } // End of Armature_avambl
        } // End of Armature_omerol
      } // End of Armature_spallal
      Frame Armature_spallar {
        FrameTransformMatrix {
           0.419544, 0.097405, 0.902494, 0.000000,
           0.629490,-0.747542,-0.211951, 0.000000,
           0.654007, 0.657034,-0.374942, 0.000000,
          -0.073361, 1.737769, 0.584157, 1.000000;;
        }
        Frame Armature_omeror {
          FrameTransformMatrix {
             0.999999, 0.001591, 0.000315, 0.000000,
            -0.001549, 0.994505,-0.104675, 0.000000,
            -0.000480, 0.104674, 0.994506, 0.000000,
             0.000000, 0.438393, 0.000000, 1.000000;;
          }
          Frame Armature_avambr {
            FrameTransformMatrix {
               0.999913, 0.009441,-0.009256, 0.000000,
               0.012925,-0.845396, 0.533984, 0.000000,
              -0.002783,-0.534057,-0.845444, 0.000000,
               0.000000, 1.741945, 0.000000, 1.000000;;
            }
            Frame Armature_manor {
              FrameTransformMatrix {
                 0.999970, 0.006412, 0.004284, 0.000000,
                 0.007687,-0.785027,-0.619413, 0.000000,
                -0.000609, 0.619428,-0.785053, 0.000000,
                 0.000000, 2.021899,-0.000000, 1.000000;;
              }
              Frame Armature_clawr {
                FrameTransformMatrix {
                   0.000017, 0.860037, 0.510231, 0.000000,
                   0.000159, 0.510231,-0.860037, 0.000000,
                  -1.000000, 0.000096,-0.000128, 0.000000,
                   0.000000, 1.783048,-0.000000, 1.000000;;
                }
              } // End of Armature_clawr
            } // End of Armature_manor
          } // End of Armature_avambr
        } // End of Armature_omeror
      } // End of Armature_spallar
    } // End of Armature_torso
    Frame Armature_panciasu {
      FrameTransformMatrix {
         0.310531, 0.000000,-0.950563, 0.000000,
        -0.950563, 0.000000,-0.310531, 0.000000,
         0.000000, 1.000000, 0.000000, 0.000000,
        -0.000030,-0.102618, 2.214810, 1.000000;;
      }
      Frame Armature__1ld {
        FrameTransformMatrix {
          -0.160905, 0.466794,-0.869605, 0.000000,
           0.645616, 0.716211, 0.264994, 0.000000,
           0.746519,-0.518792,-0.416611, 0.000000,
          -0.070306, 1.084543, 0.782287, 1.000000;;
        }
        Frame Armature__2ld {
          FrameTransformMatrix {
             1.000000, 0.000000,-0.000000, 0.000000,
             0.000000, 1.000000, 0.000000, 0.000000,
            -0.000000, 0.000000, 1.000000, 0.000000,
             0.000000, 0.495652,-0.000000, 1.000000;;
          }
          Frame Armature__3ld {
            FrameTransformMatrix {
               0.999673,-0.021890,-0.013241, 0.000000,
              -0.015753,-0.118893,-0.992782, 0.000000,
               0.020158, 0.992666,-0.119199, 0.000000,
               0.000000, 1.392104, 0.000000, 1.000000;;
            }
            Frame Armature__4ld {
              FrameTransformMatrix {
                 0.999804, 0.011562,-0.016081, 0.000000,
                 0.019787,-0.618616, 0.785444, 0.000000,
                -0.000867,-0.785608,-0.618724, 0.000000,
                -0.000000, 2.677985, 0.000000, 1.000000;;
              }
            } // End of Armature__4ld
          } // End of Armature__3ld
        } // End of Armature__2ld
      } // End of Armature__1ld
      Frame Armature__1lu {
        FrameTransformMatrix {
           0.247746,-0.712899,-0.656047, 0.000000,
           0.917652,-0.044493, 0.394886, 0.000000,
          -0.310703,-0.699854, 0.643170, 0.000000,
          -0.070306, 0.156265, 0.782287, 1.000000;;
        }
        Frame Armature__2lu {
          FrameTransformMatrix {
             0.999570,-0.025055, 0.015225, 0.000000,
             0.025551, 0.999119,-0.033293, 0.000000,
            -0.014377, 0.033668, 0.999330, 0.000000,
            -0.000000, 0.495652, 0.000000, 1.000000;;
          }
          Frame Armature__3lu {
            FrameTransformMatrix {
               0.999873, 0.004234,-0.015334, 0.000000,
               0.015690,-0.103548, 0.994501, 0.000000,
               0.002622,-0.994615,-0.103602, 0.000000,
              -0.000000, 1.392104,-0.000000, 1.000000;;
            }
            Frame Armature__4lu {
              FrameTransformMatrix {
                 0.999931, 0.001289,-0.011721, 0.000000,
                -0.009810,-0.460581,-0.887563, 0.000000,
                -0.006543, 0.887617,-0.460536, 0.000000,
                 0.000000, 2.677986,-0.000000, 1.000000;;
              }
            } // End of Armature__4lu
          } // End of Armature__3lu
        } // End of Armature__2lu
      } // End of Armature__1lu
      Frame Armature__1rd {
        FrameTransformMatrix {
           0.084874,-0.255746,-0.963011, 0.000000,
           0.669997, 0.730018,-0.134821, 0.000000,
           0.737496,-0.633772, 0.233309, 0.000000,
          -0.070306, 1.100587,-0.747278, 1.000000;;
        }
        Frame Armature__2rd {
          FrameTransformMatrix {
             0.999990, 0.003813, 0.002164, 0.000000,
            -0.003779, 0.999870,-0.015673, 0.000000,
            -0.002223, 0.015665, 0.999875, 0.000000,
            -0.000000, 0.495652,-0.000000, 1.000000;;
          }
          Frame Armature__3rd {
            FrameTransformMatrix {
               0.997970, 0.041974, 0.047904, 0.000000,
               0.055415,-0.201459,-0.977928, 0.000000,
              -0.031397, 0.978597,-0.203376, 0.000000,
              -0.000000, 1.392104,-0.000000, 1.000000;;
            }
            Frame Armature__4rd {
              FrameTransformMatrix {
                 0.999999,-0.001104, 0.000684, 0.000000,
                -0.001146,-0.502343, 0.864668, 0.000000,
                -0.000611,-0.864668,-0.502344, 0.000000,
                 0.000000, 2.677986, 0.000000, 1.000000;;
              }
            } // End of Armature__4rd
          } // End of Armature__3rd
        } // End of Armature__2rd
      } // End of Armature__1rd
      Frame Armature__1ru {
        FrameTransformMatrix {
          -0.197818, 0.545634,-0.814342, 0.000000,
           0.978045, 0.054317,-0.201190, 0.000000,
          -0.065544,-0.836262,-0.544399, 0.000000,
          -0.070306, 0.156265,-0.782426, 1.000000;;
        }
        Frame Armature__2ru {
          FrameTransformMatrix {
             0.994093,-0.097674, 0.047306, 0.000000,
             0.104596, 0.978531,-0.177586, 0.000000,
            -0.028945, 0.181485, 0.982968, 0.000000,
             0.000000, 0.495652,-0.000000, 1.000000;;
          }
          Frame Armature__3ru {
            FrameTransformMatrix {
               0.981004,-0.175946, 0.081699, 0.000000,
              -0.165681,-0.540853, 0.824638, 0.000000,
              -0.100905,-0.822509,-0.559730, 0.000000,
              -0.000000, 1.392359, 0.000000, 1.000000;;
            }
            Frame Armature__4ru {
              FrameTransformMatrix {
                 0.997694,-0.060313,-0.031135, 0.000000,
                -0.061845,-0.618751,-0.783149, 0.000000,
                 0.027969, 0.783269,-0.621054, 0.000000,
                 0.000000, 2.677985,-0.000000, 1.000000;;
              }
            } // End of Armature__4ru
          } // End of Armature__3ru
        } // End of Armature__2ru
      } // End of Armature__1ru
      Frame Armature_alald {
        FrameTransformMatrix {
           0.999668,-0.025781, 0.000000, 0.000000,
           0.025781, 0.999668, 0.000000, 0.000000,
          -0.000000, 0.000000, 1.000000, 0.000000,
          -0.172316, 1.120705, 0.479924, 1.000000;;
        }
        Frame Armature_alald1 {
          FrameTransformMatrix {
             0.974040, 0.226349, 0.003542, 0.000000,
            -0.226377, 0.973944, 0.013669, 0.000000,
            -0.000355,-0.014116, 0.999900, 0.000000,
             0.000000, 0.360038, 0.000000, 1.000000;;
          }
        } // End of Armature_alald1
      } // End of Armature_alald
      Frame Armature_alalu {
        FrameTransformMatrix {
          -0.160750,-0.000000, 0.986995, 0.000000,
          -0.971004,-0.179280,-0.158145, 0.000000,
           0.176949,-0.983798, 0.028819, 0.000000,
          -0.117316, 0.210291, 0.366660, 1.000000;;
        }
        Frame Armature_alalu1 {
          FrameTransformMatrix {
            -0.154637,-0.987360, 0.034754, 0.000000,
             0.012334,-0.037103,-0.999235, 0.000000,
             0.987894,-0.154090, 0.017915, 0.000000,
            -0.000000, 0.189933, 0.000000, 1.000000;;
          }
        } // End of Armature_alalu1
      } // End of Armature_alalu
      Frame Armature_alard {
        FrameTransformMatrix {
           0.999668,-0.025781, 0.000000, 0.000000,
           0.025781, 0.999668, 0.000000, 0.000000,
          -0.000000, 0.000000, 1.000000, 0.000000,
          -0.172316, 1.120705,-0.312420, 1.000000;;
        }
        Frame Armature_alard1 {
          FrameTransformMatrix {
             0.972332, 0.232487,-0.022817, 0.000000,
            -0.231844, 0.972360, 0.027660, 0.000000,
             0.028617,-0.021605, 0.999357, 0.000000,
            -0.000000, 0.360038, 0.000000, 1.000000;;
          }
        } // End of Armature_alard1
      } // End of Armature_alard
      Frame Armature_alaru {
        FrameTransformMatrix {
          -0.160750,-0.000000, 0.986995, 0.000000,
          -0.971004,-0.179280,-0.158145, 0.000000,
           0.176949,-0.983798, 0.028819, 0.000000,
          -0.117316, 0.210291,-0.321894, 1.000000;;
        }
        Frame Armature_alaru1 {
          FrameTransformMatrix {
            -0.138968,-0.989700, 0.034380, 0.000000,
            -0.014051,-0.032743,-0.999365, 0.000000,
             0.990197,-0.139363,-0.009356, 0.000000,
             0.000000, 0.189933, 0.000000, 1.000000;;
          }
        } // End of Armature_alaru1
      } // End of Armature_alaru
      Frame Armature_panciagiu {
        FrameTransformMatrix {
           0.984441,-0.175715,-0.000000, 0.000000,
           0.175715, 0.984441, 0.000000, 0.000000,
           0.000000,-0.000000, 1.000000, 0.000000,
           0.000000, 0.758624, 0.000000, 1.000000;;
        }
        Frame Armature_addome {
          FrameTransformMatrix {
             0.946185, 0.323626, 0.000000, 0.000000,
            -0.323626, 0.946185,-0.000000, 0.000000,
            -0.000000,-0.000000, 1.000000, 0.000000,
            -0.000000, 0.805249,-0.000000, 1.000000;;
          }
        } // End of Armature_addome
      } // End of Armature_panciagiu
    } // End of Armature_panciasu
    Frame Cube {
      FrameTransformMatrix {
        -0.216228, 0.000000,-0.003774, 0.000000,
         0.000000, 0.510848, 0.000000, 0.000000,
        -0.015609, 0.000000, 0.894247, 0.000000,
         0.101649,-0.093433, 0.590387, 1.000000;;
      }
      Mesh { // Cube mesh
        1660;
         1.649575; 0.971004;-2.660264;,
         1.163087; 0.971004;-2.660264;,
         1.163087; 0.436442;-2.660264;,
         1.649575; 0.436442;-2.660264;,
         1.649575; 0.971004;-2.243671;,
         1.649574; 0.436442;-2.243671;,
         1.163087; 0.436442;-2.243671;,
         1.163087; 0.971004;-2.243671;,
         1.649575; 0.971004;-2.660264;,
         1.649575; 0.436442;-2.660264;,
         1.649574; 0.436442;-2.243671;,
         1.649575; 0.971004;-2.243671;,
         1.649575; 0.436442;-2.660264;,
         1.163087; 0.436442;-2.660264;,
         1.163087; 0.436442;-2.243671;,
         1.649574; 0.436442;-2.243671;,
         1.163087; 0.436442;-2.660264;,
         1.163087; 0.971004;-2.660264;,
         1.163087; 0.971004;-2.243671;,
         1.163087; 0.436442;-2.243671;,
         1.649575; 0.971004;-2.243671;,
         1.163087; 0.971004;-2.243671;,
         1.163087; 0.971004;-2.660264;,
         1.649575; 0.971004;-2.660264;,
         1.474394; 1.547752;-6.963390;,
         1.403314; 1.547753;-6.963390;,
         1.403314; 0.073842;-6.963390;,
         1.474394; 0.073842;-6.963390;,
         1.474394; 1.547752;-2.663010;,
         1.474394; 0.073842;-2.663010;,
         1.403314; 0.073842;-2.663010;,
         1.403314; 1.547752;-2.663010;,
         1.474394; 1.547752;-6.963390;,
         1.474394; 0.073842;-6.963390;,
         1.474394; 0.073842;-2.663010;,
         1.474394; 1.547752;-2.663010;,
         1.474394; 0.073842;-6.963390;,
         1.403314; 0.073842;-6.963390;,
         1.403314; 0.073842;-2.663010;,
         1.474394; 0.073842;-2.663010;,
         1.403314; 0.073842;-6.963390;,
         1.403314; 1.547753;-6.963390;,
         1.403314; 1.547752;-2.663010;,
         1.403314; 0.073842;-2.663010;,
         1.474394; 1.547752;-2.663010;,
         1.403314; 1.547752;-2.663010;,
         1.403314; 1.547753;-6.963390;,
         1.474394; 1.547752;-6.963390;,
         1.474394;-0.081547;-6.963390;,
         1.403314;-0.081547;-6.963390;,
         1.403314;-1.592010;-6.963390;,
         1.474394;-1.592010;-6.963390;,
         1.474394;-0.081548;-2.659878;,
         1.474394;-1.592011;-2.659878;,
         1.403314;-1.592010;-2.659878;,
         1.403314;-0.081547;-2.659878;,
         1.474394;-0.081547;-6.963390;,
         1.474394;-1.592010;-6.963390;,
         1.474394;-1.592011;-2.659878;,
         1.474394;-0.081548;-2.659878;,
         1.474394;-1.592010;-6.963390;,
         1.403314;-1.592010;-6.963390;,
         1.403314;-1.592010;-2.659878;,
         1.474394;-1.592011;-2.659878;,
         1.403314;-1.592010;-6.963390;,
         1.403314;-0.081547;-6.963390;,
         1.403314;-0.081547;-2.659878;,
         1.403314;-1.592010;-2.659878;,
         1.474394;-0.081548;-2.659878;,
         1.403314;-0.081547;-2.659878;,
         1.403314;-0.081547;-6.963390;,
         1.474394;-0.081547;-6.963390;,
         1.649575;-0.443554;-2.660264;,
         1.163087;-0.443554;-2.660264;,
         1.163087;-0.978116;-2.660264;,
         1.649575;-0.978116;-2.660264;,
         1.649575;-0.443554;-2.243671;,
         1.649574;-0.978116;-2.243671;,
         1.163087;-0.978116;-2.243671;,
         1.163087;-0.443554;-2.243671;,
         1.649575;-0.443554;-2.660264;,
         1.649575;-0.978116;-2.660264;,
         1.649574;-0.978116;-2.243671;,
         1.649575;-0.443554;-2.243671;,
         1.649575;-0.978116;-2.660264;,
         1.163087;-0.978116;-2.660264;,
         1.163087;-0.978116;-2.243671;,
         1.649574;-0.978116;-2.243671;,
         1.163087;-0.978116;-2.660264;,
         1.163087;-0.443554;-2.660264;,
         1.163087;-0.443554;-2.243671;,
         1.163087;-0.978116;-2.243671;,
         1.649575;-0.443554;-2.243671;,
         1.163087;-0.443554;-2.243671;,
         1.163087;-0.443554;-2.660264;,
         1.649575;-0.443554;-2.660264;,
         1.783790;-0.443554;-1.442109;,
         1.166545;-0.443554;-1.442109;,
         1.166545;-0.978116;-1.442109;,
         1.783790;-0.978116;-1.442109;,
         1.783790;-0.443554;-1.025516;,
         1.783790;-0.978116;-1.025516;,
         1.166545;-0.978116;-1.025516;,
         1.166545;-0.443554;-1.025516;,
         1.783790;-0.443554;-1.442109;,
         1.783790;-0.978116;-1.442109;,
         1.783790;-0.978116;-1.025516;,
         1.783790;-0.443554;-1.025516;,
         1.783790;-0.978116;-1.442109;,
         1.166545;-0.978116;-1.442109;,
         1.166545;-0.978116;-1.025516;,
         1.783790;-0.978116;-1.025516;,
         1.166545;-0.978116;-1.442109;,
         1.166545;-0.443554;-1.442109;,
         1.166545;-0.443554;-1.025516;,
         1.166545;-0.978116;-1.025516;,
         1.783790;-0.443554;-1.025516;,
         1.166545;-0.443554;-1.025516;,
         1.166545;-0.443554;-1.442109;,
         1.783790;-0.443554;-1.442109;,
         1.927279;-0.227317;-6.839972;,
         1.837093;-0.227317;-6.839972;,
         1.837093;-1.598341;-6.839972;,
         1.927279;-1.598341;-6.839972;,
         1.927279;-0.227318;-1.202038;,
         1.927279;-1.598341;-1.202038;,
         1.837093;-1.598340;-1.202038;,
         1.837093;-0.227317;-1.202038;,
         1.927279;-0.227317;-6.839972;,
         1.927279;-1.598341;-6.839972;,
         1.927279;-1.598341;-1.202038;,
         1.927279;-0.227318;-1.202038;,
         1.927279;-1.598341;-6.839972;,
         1.837093;-1.598341;-6.839972;,
         1.837093;-1.598340;-1.202038;,
         1.927279;-1.598341;-1.202038;,
         1.837093;-1.598341;-6.839972;,
         1.837093;-0.227317;-6.839972;,
         1.837093;-0.227317;-1.202038;,
         1.837093;-1.598340;-1.202038;,
         1.927279;-0.227318;-1.202038;,
         1.837093;-0.227317;-1.202038;,
         1.837093;-0.227317;-6.839972;,
         1.927279;-0.227317;-6.839972;,
         1.927279; 1.621825;-6.839972;,
         1.837093; 1.621826;-6.839972;,
         1.837093; 0.250802;-6.839972;,
         1.927279; 0.250802;-6.839972;,
         1.927279; 1.621825;-1.202038;,
         1.927279; 0.250802;-1.202038;,
         1.837093; 0.250802;-1.202038;,
         1.837093; 1.621825;-1.202038;,
         1.927279; 1.621825;-6.839972;,
         1.927279; 0.250802;-6.839972;,
         1.927279; 0.250802;-1.202038;,
         1.927279; 1.621825;-1.202038;,
         1.927279; 0.250802;-6.839972;,
         1.837093; 0.250802;-6.839972;,
         1.837093; 0.250802;-1.202038;,
         1.927279; 0.250802;-1.202038;,
         1.837093; 0.250802;-6.839972;,
         1.837093; 1.621826;-6.839972;,
         1.837093; 1.621825;-1.202038;,
         1.837093; 0.250802;-1.202038;,
         1.927279; 1.621825;-1.202038;,
         1.837093; 1.621825;-1.202038;,
         1.837093; 1.621826;-6.839972;,
         1.927279; 1.621825;-6.839972;,
         1.783790; 0.971004;-1.442109;,
         1.166545; 0.971004;-1.442109;,
         1.166545; 0.436442;-1.442109;,
         1.783790; 0.436442;-1.442109;,
         1.783790; 0.971004;-1.025516;,
         1.783790; 0.436442;-1.025516;,
         1.166545; 0.436442;-1.025516;,
         1.166545; 0.971004;-1.025516;,
         1.783790; 0.971004;-1.442109;,
         1.783790; 0.436442;-1.442109;,
         1.783790; 0.436442;-1.025516;,
         1.783790; 0.971004;-1.025516;,
         1.783790; 0.436442;-1.442109;,
         1.166545; 0.436442;-1.442109;,
         1.166545; 0.436442;-1.025516;,
         1.783790; 0.436442;-1.025516;,
         1.166545; 0.436442;-1.442109;,
         1.166545; 0.971004;-1.442109;,
         1.166545; 0.971004;-1.025516;,
         1.166545; 0.436442;-1.025516;,
         1.783790; 0.971004;-1.025516;,
         1.166545; 0.971004;-1.025516;,
         1.166545; 0.971004;-1.442109;,
         1.783790; 0.971004;-1.442109;,
        -18.812849;-1.093386; 1.235182;,
        -18.812855;-1.188742; 1.235182;,
        -27.089191;-1.188742; 1.235182;,
        -27.089191;-1.093386; 1.235182;,
        -18.812851;-1.093386; 1.001568;,
        -18.812851;-1.188742; 1.001568;,
        -18.812855;-1.188742; 1.235182;,
        -18.812849;-1.093386; 1.235182;,
        -18.812851;-1.188742; 1.001568;,
        -27.089191;-1.188742; 1.001568;,
        -27.089191;-1.188742; 1.235182;,
        -18.812855;-1.188742; 1.235182;,
        -25.866457;-1.093386; 0.858139;,
        -26.251524;-1.093386; 0.858139;,
        -26.251524;-1.188742; 0.858139;,
        -25.866457;-1.188742; 0.858139;,
        -25.859829;-1.093386; 0.999949;,
        -25.859829;-1.188742; 0.999949;,
        -26.244896;-1.188742; 0.999949;,
        -26.244896;-1.093386; 0.999949;,
        -25.866457;-1.093386; 0.858139;,
        -25.866457;-1.188742; 0.858139;,
        -25.859829;-1.188742; 0.999949;,
        -25.859829;-1.093386; 0.999949;,
        -25.866457;-1.188742; 0.858139;,
        -26.251524;-1.188742; 0.858139;,
        -26.244896;-1.188742; 0.999949;,
        -25.859829;-1.188742; 0.999949;,
        -26.251524;-1.188742; 0.858139;,
        -26.251524;-1.093386; 0.858139;,
        -26.244896;-1.093386; 0.999949;,
        -26.244896;-1.188742; 0.999949;,
        -25.859829;-1.093386; 0.999949;,
        -26.244896;-1.093386; 0.999949;,
        -26.251524;-1.093386; 0.858139;,
        -25.866457;-1.093386; 0.858139;,
        -25.158482;-1.093386; 0.858139;,
        -25.543549;-1.093386; 0.858139;,
        -25.543549;-1.188742; 0.858139;,
        -25.158482;-1.188742; 0.858139;,
        -25.151854;-1.093386; 0.999949;,
        -25.151854;-1.188742; 0.999949;,
        -25.536921;-1.188742; 0.999949;,
        -25.536921;-1.093386; 0.999949;,
        -25.158482;-1.093386; 0.858139;,
        -25.158482;-1.188742; 0.858139;,
        -25.151854;-1.188742; 0.999949;,
        -25.151854;-1.093386; 0.999949;,
        -25.158482;-1.188742; 0.858139;,
        -25.543549;-1.188742; 0.858139;,
        -25.536921;-1.188742; 0.999949;,
        -25.151854;-1.188742; 0.999949;,
        -25.543549;-1.188742; 0.858139;,
        -25.543549;-1.093386; 0.858139;,
        -25.536921;-1.093386; 0.999949;,
        -25.536921;-1.188742; 0.999949;,
        -25.151854;-1.093386; 0.999949;,
        -25.536921;-1.093386; 0.999949;,
        -25.543549;-1.093386; 0.858139;,
        -25.158482;-1.093386; 0.858139;,
        -23.694191;-1.093386; 0.858139;,
        -24.079258;-1.093386; 0.858139;,
        -24.079258;-1.188742; 0.858139;,
        -23.694191;-1.188742; 0.858139;,
        -23.687563;-1.093386; 0.999949;,
        -23.687563;-1.188742; 0.999949;,
        -24.072630;-1.188742; 0.999949;,
        -24.072630;-1.093386; 0.999949;,
        -23.694191;-1.093386; 0.858139;,
        -23.694191;-1.188742; 0.858139;,
        -23.687563;-1.188742; 0.999949;,
        -23.687563;-1.093386; 0.999949;,
        -23.694191;-1.188742; 0.858139;,
        -24.079258;-1.188742; 0.858139;,
        -24.072630;-1.188742; 0.999949;,
        -23.687563;-1.188742; 0.999949;,
        -24.079258;-1.188742; 0.858139;,
        -24.079258;-1.093386; 0.858139;,
        -24.072630;-1.093386; 0.999949;,
        -24.072630;-1.188742; 0.999949;,
        -23.687563;-1.093386; 0.999949;,
        -24.072630;-1.093386; 0.999949;,
        -24.079258;-1.093386; 0.858139;,
        -23.694191;-1.093386; 0.858139;,
        -24.402166;-1.093386; 0.858139;,
        -24.787233;-1.093386; 0.858139;,
        -24.787233;-1.188742; 0.858139;,
        -24.402166;-1.188742; 0.858139;,
        -24.395538;-1.093386; 0.999949;,
        -24.395538;-1.188742; 0.999949;,
        -24.780605;-1.188742; 0.999949;,
        -24.780605;-1.093386; 0.999949;,
        -24.402166;-1.093386; 0.858139;,
        -24.402166;-1.188742; 0.858139;,
        -24.395538;-1.188742; 0.999949;,
        -24.395538;-1.093386; 0.999949;,
        -24.402166;-1.188742; 0.858139;,
        -24.787233;-1.188742; 0.858139;,
        -24.780605;-1.188742; 0.999949;,
        -24.395538;-1.188742; 0.999949;,
        -24.787233;-1.188742; 0.858139;,
        -24.787233;-1.093386; 0.858139;,
        -24.780605;-1.093386; 0.999949;,
        -24.780605;-1.188742; 0.999949;,
        -24.395538;-1.093386; 0.999949;,
        -24.780605;-1.093386; 0.999949;,
        -24.787233;-1.093386; 0.858139;,
        -24.402166;-1.093386; 0.858139;,
        -22.974575;-1.093386; 0.858139;,
        -23.359642;-1.093386; 0.858139;,
        -23.359642;-1.188742; 0.858139;,
        -22.974575;-1.188742; 0.858139;,
        -22.967947;-1.093386; 0.999949;,
        -22.967947;-1.188742; 0.999949;,
        -23.353014;-1.188742; 0.999949;,
        -23.353014;-1.093386; 0.999949;,
        -22.974575;-1.093386; 0.858139;,
        -22.974575;-1.188742; 0.858139;,
        -22.967947;-1.188742; 0.999949;,
        -22.967947;-1.093386; 0.999949;,
        -22.974575;-1.188742; 0.858139;,
        -23.359642;-1.188742; 0.858139;,
        -23.353014;-1.188742; 0.999949;,
        -22.967947;-1.188742; 0.999949;,
        -23.359642;-1.188742; 0.858139;,
        -23.359642;-1.093386; 0.858139;,
        -23.353014;-1.093386; 0.999949;,
        -23.353014;-1.188742; 0.999949;,
        -22.967947;-1.093386; 0.999949;,
        -23.353014;-1.093386; 0.999949;,
        -23.359642;-1.093386; 0.858139;,
        -22.974575;-1.093386; 0.858139;,
        -22.266600;-1.093386; 0.858139;,
        -22.651667;-1.093386; 0.858139;,
        -22.651667;-1.188742; 0.858139;,
        -22.266600;-1.188742; 0.858139;,
        -22.259972;-1.093386; 0.999949;,
        -22.259972;-1.188742; 0.999949;,
        -22.645039;-1.188742; 0.999949;,
        -22.645039;-1.093386; 0.999949;,
        -22.266600;-1.093386; 0.858139;,
        -22.266600;-1.188742; 0.858139;,
        -22.259972;-1.188742; 0.999949;,
        -22.259972;-1.093386; 0.999949;,
        -22.266600;-1.188742; 0.858139;,
        -22.651667;-1.188742; 0.858139;,
        -22.645039;-1.188742; 0.999949;,
        -22.259972;-1.188742; 0.999949;,
        -22.651667;-1.188742; 0.858139;,
        -22.651667;-1.093386; 0.858139;,
        -22.645039;-1.093386; 0.999949;,
        -22.645039;-1.188742; 0.999949;,
        -22.259972;-1.093386; 0.999949;,
        -22.645039;-1.093386; 0.999949;,
        -22.651667;-1.093386; 0.858139;,
        -22.266600;-1.093386; 0.858139;,
        -20.732437;-1.093386; 0.858139;,
        -21.117504;-1.093386; 0.858139;,
        -21.117504;-1.188742; 0.858139;,
        -20.732437;-1.188742; 0.858139;,
        -20.725809;-1.093386; 0.999949;,
        -20.725809;-1.188742; 0.999949;,
        -21.110876;-1.188742; 0.999949;,
        -21.110876;-1.093386; 0.999949;,
        -20.732437;-1.093386; 0.858139;,
        -20.732437;-1.188742; 0.858139;,
        -20.725809;-1.188742; 0.999949;,
        -20.725809;-1.093386; 0.999949;,
        -20.732437;-1.188742; 0.858139;,
        -21.117504;-1.188742; 0.858139;,
        -21.110876;-1.188742; 0.999949;,
        -20.725809;-1.188742; 0.999949;,
        -21.117504;-1.188742; 0.858139;,
        -21.117504;-1.093386; 0.858139;,
        -21.110876;-1.093386; 0.999949;,
        -21.110876;-1.188742; 0.999949;,
        -20.725809;-1.093386; 0.999949;,
        -21.110876;-1.093386; 0.999949;,
        -21.117504;-1.093386; 0.858139;,
        -20.732437;-1.093386; 0.858139;,
        -21.440414;-1.093386; 0.858139;,
        -21.825481;-1.093386; 0.858139;,
        -21.825481;-1.188742; 0.858139;,
        -21.440414;-1.188742; 0.858139;,
        -21.433786;-1.093386; 0.999949;,
        -21.433786;-1.188742; 0.999949;,
        -21.818853;-1.188742; 0.999949;,
        -21.818853;-1.093386; 0.999949;,
        -21.440414;-1.093386; 0.858139;,
        -21.440414;-1.188742; 0.858139;,
        -21.433786;-1.188742; 0.999949;,
        -21.433786;-1.093386; 0.999949;,
        -21.440414;-1.188742; 0.858139;,
        -21.825481;-1.188742; 0.858139;,
        -21.818853;-1.188742; 0.999949;,
        -21.433786;-1.188742; 0.999949;,
        -21.825481;-1.188742; 0.858139;,
        -21.825481;-1.093386; 0.858139;,
        -21.818853;-1.093386; 0.999949;,
        -21.818853;-1.188742; 0.999949;,
        -21.433786;-1.093386; 0.999949;,
        -21.818853;-1.093386; 0.999949;,
        -21.825481;-1.093386; 0.858139;,
        -21.440414;-1.093386; 0.858139;,
        -26.733206;-1.105510; 0.653549;,
        -27.081656;-1.105510; 0.653549;,
        -27.081656;-1.176618; 0.653549;,
        -26.733206;-1.176618; 0.653549;,
        -26.733206;-1.105510; 0.653549;,
        -26.733206;-1.176618; 0.653549;,
        -26.733206;-1.176618; 0.999799;,
        -26.733206;-1.105510; 0.999799;,
        -26.733206;-1.105510; 0.999799;,
        -27.081656;-1.105510; 0.999799;,
        -27.081656;-1.105510; 0.653549;,
        -26.733206;-1.105510; 0.653549;,
        -26.733206; 1.168999; 0.653549;,
        -27.081656; 1.168999; 0.653549;,
        -27.081656; 1.097891; 0.653549;,
        -26.733206; 1.097891; 0.653549;,
        -26.733206; 1.168999; 0.653549;,
        -26.733206; 1.097891; 0.653549;,
        -26.733206; 1.097891; 0.999799;,
        -26.733206; 1.168999; 0.999799;,
        -26.733206; 1.168999; 0.999799;,
        -27.081656; 1.168999; 0.999799;,
        -27.081656; 1.168999; 0.653549;,
        -26.733206; 1.168999; 0.653549;,
        -21.440414; 1.181123; 0.858139;,
        -21.825481; 1.181123; 0.858139;,
        -21.825481; 1.085767; 0.858139;,
        -21.440414; 1.085767; 0.858139;,
        -21.433786; 1.181123; 0.999949;,
        -21.433786; 1.085767; 0.999949;,
        -21.818853; 1.085767; 0.999949;,
        -21.818853; 1.181123; 0.999949;,
        -21.440414; 1.181123; 0.858139;,
        -21.440414; 1.085767; 0.858139;,
        -21.433786; 1.085767; 0.999949;,
        -21.433786; 1.181123; 0.999949;,
        -21.440414; 1.085767; 0.858139;,
        -21.825481; 1.085767; 0.858139;,
        -21.818853; 1.085767; 0.999949;,
        -21.433786; 1.085767; 0.999949;,
        -21.825481; 1.085767; 0.858139;,
        -21.825481; 1.181123; 0.858139;,
        -21.818853; 1.181123; 0.999949;,
        -21.818853; 1.085767; 0.999949;,
        -21.433786; 1.181123; 0.999949;,
        -21.818853; 1.181123; 0.999949;,
        -21.825481; 1.181123; 0.858139;,
        -21.440414; 1.181123; 0.858139;,
        -20.732437; 1.181123; 0.858139;,
        -21.117504; 1.181123; 0.858139;,
        -21.117504; 1.085767; 0.858139;,
        -20.732437; 1.085767; 0.858139;,
        -20.725809; 1.181123; 0.999949;,
        -20.725809; 1.085767; 0.999949;,
        -21.110876; 1.085767; 0.999949;,
        -21.110876; 1.181123; 0.999949;,
        -20.732437; 1.181123; 0.858139;,
        -20.732437; 1.085767; 0.858139;,
        -20.725809; 1.085767; 0.999949;,
        -20.725809; 1.181123; 0.999949;,
        -20.732437; 1.085767; 0.858139;,
        -21.117504; 1.085767; 0.858139;,
        -21.110876; 1.085767; 0.999949;,
        -20.725809; 1.085767; 0.999949;,
        -21.117504; 1.085767; 0.858139;,
        -21.117504; 1.181123; 0.858139;,
        -21.110876; 1.181123; 0.999949;,
        -21.110876; 1.085767; 0.999949;,
        -20.725809; 1.181123; 0.999949;,
        -21.110876; 1.181123; 0.999949;,
        -21.117504; 1.181123; 0.858139;,
        -20.732437; 1.181123; 0.858139;,
        -22.266600; 1.181123; 0.858139;,
        -22.651667; 1.181123; 0.858139;,
        -22.651667; 1.085767; 0.858139;,
        -22.266600; 1.085767; 0.858139;,
        -22.259972; 1.181123; 0.999949;,
        -22.259972; 1.085767; 0.999949;,
        -22.645039; 1.085767; 0.999949;,
        -22.645039; 1.181123; 0.999949;,
        -22.266600; 1.181123; 0.858139;,
        -22.266600; 1.085767; 0.858139;,
        -22.259972; 1.085767; 0.999949;,
        -22.259972; 1.181123; 0.999949;,
        -22.266600; 1.085767; 0.858139;,
        -22.651667; 1.085767; 0.858139;,
        -22.645039; 1.085767; 0.999949;,
        -22.259972; 1.085767; 0.999949;,
        -22.651667; 1.085767; 0.858139;,
        -22.651667; 1.181123; 0.858139;,
        -22.645039; 1.181123; 0.999949;,
        -22.645039; 1.085767; 0.999949;,
        -22.259972; 1.181123; 0.999949;,
        -22.645039; 1.181123; 0.999949;,
        -22.651667; 1.181123; 0.858139;,
        -22.266600; 1.181123; 0.858139;,
        -22.974575; 1.181123; 0.858139;,
        -23.359642; 1.181123; 0.858139;,
        -23.359642; 1.085767; 0.858139;,
        -22.974575; 1.085767; 0.858139;,
        -22.967947; 1.181123; 0.999949;,
        -22.967947; 1.085767; 0.999949;,
        -23.353014; 1.085767; 0.999949;,
        -23.353014; 1.181123; 0.999949;,
        -22.974575; 1.181123; 0.858139;,
        -22.974575; 1.085767; 0.858139;,
        -22.967947; 1.085767; 0.999949;,
        -22.967947; 1.181123; 0.999949;,
        -22.974575; 1.085767; 0.858139;,
        -23.359642; 1.085767; 0.858139;,
        -23.353014; 1.085767; 0.999949;,
        -22.967947; 1.085767; 0.999949;,
        -23.359642; 1.085767; 0.858139;,
        -23.359642; 1.181123; 0.858139;,
        -23.353014; 1.181123; 0.999949;,
        -23.353014; 1.085767; 0.999949;,
        -22.967947; 1.181123; 0.999949;,
        -23.353014; 1.181123; 0.999949;,
        -23.359642; 1.181123; 0.858139;,
        -22.974575; 1.181123; 0.858139;,
        -24.402166; 1.181123; 0.858139;,
        -24.787233; 1.181123; 0.858139;,
        -24.787233; 1.085767; 0.858139;,
        -24.402166; 1.085767; 0.858139;,
        -24.395538; 1.181123; 0.999949;,
        -24.395538; 1.085767; 0.999949;,
        -24.780605; 1.085767; 0.999949;,
        -24.780605; 1.181123; 0.999949;,
        -24.402166; 1.181123; 0.858139;,
        -24.402166; 1.085767; 0.858139;,
        -24.395538; 1.085767; 0.999949;,
        -24.395538; 1.181123; 0.999949;,
        -24.402166; 1.085767; 0.858139;,
        -24.787233; 1.085767; 0.858139;,
        -24.780605; 1.085767; 0.999949;,
        -24.395538; 1.085767; 0.999949;,
        -24.787233; 1.085767; 0.858139;,
        -24.787233; 1.181123; 0.858139;,
        -24.780605; 1.181123; 0.999949;,
        -24.780605; 1.085767; 0.999949;,
        -24.395538; 1.181123; 0.999949;,
        -24.780605; 1.181123; 0.999949;,
        -24.787233; 1.181123; 0.858139;,
        -24.402166; 1.181123; 0.858139;,
        -23.694191; 1.181123; 0.858139;,
        -24.079258; 1.181123; 0.858139;,
        -24.079258; 1.085767; 0.858139;,
        -23.694191; 1.085767; 0.858139;,
        -23.687563; 1.181123; 0.999949;,
        -23.687563; 1.085767; 0.999949;,
        -24.072630; 1.085767; 0.999949;,
        -24.072630; 1.181123; 0.999949;,
        -23.694191; 1.181123; 0.858139;,
        -23.694191; 1.085767; 0.858139;,
        -23.687563; 1.085767; 0.999949;,
        -23.687563; 1.181123; 0.999949;,
        -23.694191; 1.085767; 0.858139;,
        -24.079258; 1.085767; 0.858139;,
        -24.072630; 1.085767; 0.999949;,
        -23.687563; 1.085767; 0.999949;,
        -24.079258; 1.085767; 0.858139;,
        -24.079258; 1.181123; 0.858139;,
        -24.072630; 1.181123; 0.999949;,
        -24.072630; 1.085767; 0.999949;,
        -23.687563; 1.181123; 0.999949;,
        -24.072630; 1.181123; 0.999949;,
        -24.079258; 1.181123; 0.858139;,
        -23.694191; 1.181123; 0.858139;,
        -25.158482; 1.181123; 0.858139;,
        -25.543549; 1.181123; 0.858139;,
        -25.543549; 1.085767; 0.858139;,
        -25.158482; 1.085767; 0.858139;,
        -25.151854; 1.181123; 0.999949;,
        -25.151854; 1.085767; 0.999949;,
        -25.536921; 1.085767; 0.999949;,
        -25.536921; 1.181123; 0.999949;,
        -25.158482; 1.181123; 0.858139;,
