xof 0303txt 0032

template XSkinMeshHeader {
  <3cf169ce-ff7c-44ab-93c0-f78f62d172e2>
  WORD nMaxSkinWeightsPerVertex;
  WORD nMaxSkinWeightsPerFace;
  WORD nBones;
}

template SkinWeights {
  <6f0d123b-bad2-4167-a0d0-80224f25fabb>
  STRING transformNodeName;
  DWORD nWeights;
  array DWORD vertexIndices[nWeights];
  array float weights[nWeights];
  Matrix4x4 matrixOffset;
}

Frame Root {
  FrameTransformMatrix {
     1.000000, 0.000000, 0.000000, 0.000000,
     0.000000,-0.000000, 1.000000, 0.000000,
     0.000000, 1.000000, 0.000000, 0.000000,
     0.000000, 0.000000, 0.000000, 1.000000;;
  }
  Frame Armature {
    FrameTransformMatrix {
      -0.000000, 1.000000, 0.000000, 0.000000,
      -1.000000,-0.000000, 0.000000, 0.000000,
       0.000000, 0.000000, 1.000000, 0.000000,
       0.000000, 0.000000, 0.000000, 1.000000;;
    }
    Frame Armature_Bone {
      FrameTransformMatrix {
         0.753302, 0.000000,-0.657675, 0.000000,
         0.657675, 0.000000, 0.753302, 0.000000,
         0.000000,-1.000000,-0.000000, 0.000000,
         0.001499, 0.000000, 2.927845, 1.000000;;
      }
      Frame Armature_Bone_011 {
        FrameTransformMatrix {
           0.985473, 0.135316, 0.102629, 0.000000,
          -0.047395, 0.799410,-0.598914, 0.000000,
          -0.163085, 0.585349, 0.794210, 0.000000,
          -0.000000, 1.838764, 0.000000, 1.000000;;
        }
        Frame Armature_Bone_016 {
          FrameTransformMatrix {
             0.376627, 0.618276, 0.689845, 0.000000,
             0.096430, 0.714468,-0.692991, 0.000000,
            -0.921332, 0.327521, 0.209468, 0.000000,
             0.000000, 0.874641,-0.000000, 1.000000;;
          }
          Frame Armature_Bone_018 {
            FrameTransformMatrix {
               0.904071,-0.224875, 0.363437, 0.000000,
               0.132144, 0.955792, 0.262676, 0.000000,
              -0.406439,-0.189452, 0.893820, 0.000000,
               0.000000, 0.947585, 0.000000, 1.000000;;
            }
            Frame Armature_Bone_020 {
              FrameTransformMatrix {
                 0.455638, 0.149715,-0.877485, 0.000000,
                -0.010575, 0.986596, 0.162840, 0.000000,
                 0.890103,-0.064917, 0.451113, 0.000000,
                -0.000000, 1.389515,-0.000000, 1.000000;;
              }
            } // End of Armature_Bone_020
          } // End of Armature_Bone_018
        } // End of Armature_Bone_016
      } // End of Armature_Bone_011
      Frame Armature_Bone_012 {
        FrameTransformMatrix {
          -0.956534,-0.197822, 0.214262, 0.000000,
          -0.040282, 0.817318, 0.574777, 0.000000,
          -0.288824, 0.541163,-0.789761, 0.000000,
          -0.000000, 1.838764, 0.000000, 1.000000;;
        }
        Frame Armature_Bone_015 {
          FrameTransformMatrix {
             0.142737, 0.508786, 0.848977, 0.000000,
            -0.812621,-0.429444, 0.393987, 0.000000,
             0.565043,-0.746133, 0.352152, 0.000000,
            -0.000000, 0.901828, 0.000000, 1.000000;;
          }
          Frame Armature_Bone_017 {
            FrameTransformMatrix {
               0.560016,-0.805585,-0.193432, 0.000000,
               0.791786, 0.451701, 0.411148, 0.000000,
              -0.243841,-0.383406, 0.890809, 0.000000,
               0.000000, 0.960067,-0.000000, 1.000000;;
            }
            Frame Armature_Bone_019 {
              FrameTransformMatrix {
                -0.700426, 0.032183, 0.713000, 0.000000,
                 0.058076, 0.998240, 0.011994, 0.000000,
                -0.711359, 0.049810,-0.701062, 0.000000,
                -0.000000, 1.506088, 0.000000, 1.000000;;
              }
            } // End of Armature_Bone_019
          } // End of Armature_Bone_017
        } // End of Armature_Bone_015
      } // End of Armature_Bone_012
      Frame Armature_Bone_013 {
        FrameTransformMatrix {
           0.731947, 0.680834,-0.026821, 0.000000,
          -0.050549, 0.015004,-0.998609, 0.000000,
          -0.679484, 0.732284, 0.045397, 0.000000,
          -0.000000, 1.838764, 0.000000, 1.000000;;
        }
        Frame Armature_Bone_024 {
          FrameTransformMatrix {
            -0.233870, 0.382850, 0.893718, 0.000000,
             0.173744, 0.920870,-0.349016, 0.000000,
            -0.956618, 0.073654,-0.281882, 0.000000,
            -0.000000, 0.538162, 0.000000, 1.000000;;
          }
          Frame Armature_Bone_026 {
            FrameTransformMatrix {
               0.124324,-0.045592,-0.991194, 0.000000,
              -0.263536, 0.961549,-0.077283, 0.000000,
               0.956605, 0.270823, 0.107528, 0.000000,
              -0.000000, 0.912408, 0.000000, 1.000000;;
            }
            Frame Armature_Bone_027 {
              FrameTransformMatrix {
                 0.950474, 0.005255,-0.310761, 0.000000,
                -0.006566, 0.999973,-0.003174, 0.000000,
                 0.310736, 0.005057, 0.950483, 0.000000,
                 0.000000, 1.317302,-0.000000, 1.000000;;
              }
            } // End of Armature_Bone_027
          } // End of Armature_Bone_026
        } // End of Armature_Bone_024
      } // End of Armature_Bone_013
      Frame Armature_Bone_014 {
        FrameTransformMatrix {
          -0.705291,-0.608832, 0.363165, 0.000000,
           0.142338, 0.380232, 0.913873, 0.000000,
          -0.694482, 0.696238,-0.181515, 0.000000,
          -0.000000, 1.838764, 0.000000, 1.000000;;
        }
        Frame Armature_Bone_025 {
          FrameTransformMatrix {
            -0.636502, 0.200282, 0.744817, 0.000000,
            -0.732765,-0.458365,-0.502948, 0.000000,
             0.240667,-0.865903, 0.438510, 0.000000,
             0.000000, 0.518214,-0.000001, 1.000000;;
          }
          Frame Armature_Bone_028 {
            FrameTransformMatrix {
               0.875091,-0.089570,-0.475597, 0.000000,
               0.465933, 0.421630, 0.777904, 0.000000,
               0.130849,-0.902333, 0.410698, 0.000000,
              -0.000000, 0.961089, 0.000000, 1.000000;;
            }
            Frame Armature_Bone_029 {
              FrameTransformMatrix {
                 0.837755, 0.135639, 0.528932, 0.000000,
                -0.134850, 0.990046,-0.040303, 0.000000,
                -0.529133,-0.037563, 0.847707, 0.000000,
                 0.000000, 1.371329, 0.000000, 1.000000;;
              }
            } // End of Armature_Bone_029
          } // End of Armature_Bone_028
        } // End of Armature_Bone_025
      } // End of Armature_Bone_014
      Frame Armature_Bone_021 {
        FrameTransformMatrix {
          -0.060150,-0.168002, 0.983950, 0.000000,
          -0.351267, 0.926246, 0.136676, 0.000000,
          -0.934341,-0.337408,-0.114727, 0.000000,
          -0.000000, 1.838764, 0.000000, 1.000000;;
        }
        Frame Armature_Bone_022 {
          FrameTransformMatrix {
            -0.932235,-0.346539, 0.104159, 0.000000,
             0.357830,-0.840042, 0.407784, 0.000000,
            -0.053815, 0.417422, 0.907118, 0.000000,
             0.000000, 0.674052,-0.000000, 1.000000;;
          }
        } // End of Armature_Bone_022
        Frame Armature_Bone_023 {
          FrameTransformMatrix {
            -0.979460,-0.080271,-0.184972, 0.000000,
            -0.016193,-0.883069, 0.468963, 0.000000,
            -0.200988, 0.462326, 0.863632, 0.000000,
             0.000000, 0.674052,-0.000000, 1.000000;;
          }
        } // End of Armature_Bone_023
        Frame Armature_Bone_033 {
          FrameTransformMatrix {
            -0.063706,-0.331508,-0.941299, 0.000000,
            -0.166686, 0.933500,-0.317480, 0.000000,
             0.983950, 0.136676,-0.114727, 0.000000,
             0.000000, 0.674052,-0.000000, 1.000000;;
          }
          Frame Armature_Bone_034 {
            FrameTransformMatrix {
               0.754896, 0.632964, 0.171723, 0.000000,
               0.235484,-0.017217,-0.971725, 0.000000,
              -0.612110, 0.773990,-0.162050, 0.000000,
              -0.000000, 1.005820, 0.000000, 1.000000;;
            }
          } // End of Armature_Bone_034
          Frame Armature_Bone_035 {
            FrameTransformMatrix {
               0.709512, 0.637101,-0.301156, 0.000000,
               0.362395, 0.036641, 0.931304, 0.000000,
               0.604369,-0.769909,-0.204885, 0.000000,
              -0.000000, 1.005820, 0.000000, 1.000000;;
            }
          } // End of Armature_Bone_035
          Frame Armature_Bone_036 {
            FrameTransformMatrix {
               0.749723, 0.653708,-0.102864, 0.000000,
               0.652461,-0.756167,-0.050047, 0.000000,
              -0.110499,-0.029593,-0.993436, 0.000000,
              -0.000000, 1.005820, 0.000000, 1.000000;;
            }
          } // End of Armature_Bone_036
        } // End of Armature_Bone_033
      } // End of Armature_Bone_021
    } // End of Armature_Bone
    Frame Armature_Bone_001 {
      FrameTransformMatrix {
        -0.559558, 0.268653,-0.784043, 0.000000,
        -0.479330,-0.876643, 0.041707, 0.000000,
        -0.676120, 0.399152, 0.619305, 0.000000,
        -0.010217, 0.000000, 2.927845, 1.000000;;
      }
      Frame Armature_Bone_002 {
        FrameTransformMatrix {
           0.087419, 0.978714, 0.185679, 0.000000,
          -0.932240, 0.146073,-0.331046, 0.000000,
          -0.351122,-0.144158, 0.925166, 0.000000,
           0.000000, 0.296764, 0.000000, 1.000000;;
        }
        Frame Armature_Bone_031 {
          FrameTransformMatrix {
             0.988943, 0.142011,-0.042710, 0.000000,
            -0.147538, 0.913140,-0.380010, 0.000000,
            -0.014966, 0.382110, 0.923996, 0.000000,
            -0.000000, 0.106997, 0.000000, 1.000000;;
          }
          Frame Armature_Bone_003 {
            FrameTransformMatrix {
               0.521630, 0.787591,-0.328029, 0.000000,
               0.057413,-0.416014,-0.907544, 0.000000,
              -0.851238, 0.454569,-0.262223, 0.000000,
               0.000000, 1.295703, 0.000000, 1.000000;;
            }
            Frame Armature_Bone_004 {
              FrameTransformMatrix {
                 0.870681, 0.048389,-0.489463, 0.000000,
                 0.466301,-0.397769, 0.790154, 0.000000,
                -0.156458,-0.916209,-0.368894, 0.000000,
                 0.000000, 3.265091, 0.000000, 1.000000;;
              }
              Frame Armature_Bone_005 {
                FrameTransformMatrix {
                   0.970178, 0.225222, 0.089604, 0.000000,
                  -0.120831, 0.769832,-0.626705, 0.000000,
                  -0.210127, 0.597188, 0.774088, 0.000000,
                  -0.000000, 0.716393,-0.000000, 1.000000;;
                }
              } // End of Armature_Bone_005
            } // End of Armature_Bone_004
          } // End of Armature_Bone_003
        } // End of Armature_Bone_031
      } // End of Armature_Bone_002
    } // End of Armature_Bone_001
    Frame Armature_Bone_006 {
      FrameTransformMatrix {
         0.797007, 0.551437,-0.246368, 0.000000,
        -0.552398, 0.830481, 0.071816, 0.000000,
         0.244206, 0.078856, 0.966512, 0.000000,
        -0.010217, 0.000000, 2.927845, 1.000000;;
      }
      Frame Armature_Bone_007 {
        FrameTransformMatrix {
           0.672170,-0.723969,-0.155101, 0.000000,
           0.686057, 0.530245, 0.498162, 0.000000,
          -0.278412,-0.441258, 0.853099, 0.000000,
           0.000000, 0.284468, 0.000000, 1.000000;;
        }
        Frame Armature_Bone_032 {
          FrameTransformMatrix {
             0.782033,-0.620826, 0.054780, 0.000000,
             0.616338, 0.783424, 0.079839, 0.000000,
            -0.092482,-0.028674, 0.995301, 0.000000,
             0.000000, 0.158325, 0.000000, 1.000000;;
          }
          Frame Armature_Bone_008 {
            FrameTransformMatrix {
              -0.737484, 0.488835,-0.466001, 0.000000,
               0.298118,-0.383510,-0.874097, 0.000000,
              -0.606005,-0.783557, 0.137101, 0.000000,
              -0.000000, 1.264286,-0.000000, 1.000000;;
            }
            Frame Armature_Bone_009 {
              FrameTransformMatrix {
                -0.922755,-0.332660, 0.194580, 0.000000,
                 0.051351,-0.606523,-0.793407, 0.000000,
                 0.381952,-0.722128, 0.576754, 0.000000,
                -0.000000, 3.251995, 0.000000, 1.000000;;
              }
              Frame Armature_Bone_010 {
                FrameTransformMatrix {
                   0.849990,-0.182506,-0.494175, 0.000000,
                  -0.322902, 0.560691,-0.762469, 0.000000,
                   0.416234, 0.807661, 0.417650, 0.000000,
                   0.000000, 0.680667,-0.000000, 1.000000;;
                }
              } // End of Armature_Bone_010
            } // End of Armature_Bone_009
          } // End of Armature_Bone_008
        } // End of Armature_Bone_032
      } // End of Armature_Bone_007
    } // End of Armature_Bone_006
    Frame Armature_Bone_030 {
      FrameTransformMatrix {
         0.226001,-0.953719,-0.198354, 0.000000,
        -0.637360, 0.009216,-0.770511, 0.000000,
         0.736679, 0.300559,-0.605779, 0.000000,
         0.001499, 0.000000, 2.927845, 1.000000;;
      }
    } // End of Armature_Bone_030
    Frame Cube_004 {
      FrameTransformMatrix {
         0.153209, 0.000000,-0.128558, 0.000000,
         0.000000, 0.400000, 0.000000, 0.000000,
         1.928363, 0.000000, 2.298133, 0.000000,
         0.156538, 0.000000, 3.130212, 1.000000;;
      }
      Mesh { // Cube_004 mesh
        840;
         0.091456;-1.893582; 0.972563;,
        -3.110443; 0.024293; 0.960115;,
        -3.018857; 0.038292; 0.893755;,
         0.183042;-1.879583; 0.906202;,
        -3.110443; 0.024293; 0.960115;,
         0.702448; 1.626434; 0.989512;,
         0.794034; 1.640433; 0.923152;,
        -3.018857; 0.038292; 0.893755;,
         0.702448; 1.626434; 0.989512;,
         3.904348;-0.291441; 1.001959;,
         3.995934;-0.277442; 0.935599;,
         0.794034; 1.640433; 0.923152;,
         3.904348;-0.291441; 1.001959;,
         0.091456;-1.893582; 0.972563;,
         0.183042;-1.879583; 0.906202;,
         3.995934;-0.277442; 0.935599;,
         0.183042;-1.879583; 0.906202;,
        -3.018857; 0.038292; 0.893755;,
         0.794034; 1.640433; 0.923152;,
         3.995934;-0.277442; 0.935599;,
         3.904348;-0.291441; 1.001959;,
         0.702448; 1.626434; 0.989512;,
        -3.110443; 0.024293; 0.960115;,
         0.091456;-1.893582; 0.972563;,
        -0.322022;-1.864202; 1.105973;,
        -3.583183; 0.003745; 1.063394;,
        -3.166701; 0.018330; 0.932998;,
         0.094460;-1.849617; 0.975577;,
        -3.583183; 0.003745; 1.063394;,
         0.061090; 1.664902; 1.118429;,
         0.477572; 1.679487; 0.988033;,
        -3.166701; 0.018330; 0.932998;,
         0.061090; 1.664902; 1.118429;,
         3.322251;-0.203045; 1.161008;,
         3.738733;-0.188460; 1.030613;,
         0.477572; 1.679487; 0.988033;,
         3.322251;-0.203045; 1.161008;,
        -0.322022;-1.864202; 1.105973;,
         0.094460;-1.849617; 0.975577;,
         3.738733;-0.188460; 1.030613;,
         0.094460;-1.849617; 0.975577;,
        -3.166701; 0.018330; 0.932998;,
         0.477572; 1.679487; 0.988033;,
         3.738733;-0.188460; 1.030613;,
         3.322251;-0.203045; 1.161008;,
         0.061090; 1.664902; 1.118429;,
        -3.583183; 0.003745; 1.063394;,
        -0.322022;-1.864202; 1.105973;,
        -0.924431; 1.243079; 1.076298;,
        -0.924431; 1.993079; 1.076298;,
         0.039751; 1.993079; 0.999694;,
         0.039751; 1.243079; 0.999694;,
        -0.924431; 1.993079; 1.076298;,
         0.224636; 1.993079; 1.140577;,
         1.188818; 1.993079; 1.063972;,
         0.039751; 1.993079; 0.999694;,
         0.224636; 1.993079; 1.140577;,
         0.224636; 1.243079; 1.140577;,
         1.188818; 1.243079; 1.063972;,
         1.188818; 1.993079; 1.063972;,
         0.224636; 1.243079; 1.140577;,
        -0.924431; 1.243079; 1.076298;,
         0.039751; 1.243079; 0.999694;,
         1.188818; 1.243079; 1.063972;,
         0.039751; 1.243079; 0.999694;,
         0.039751; 1.993079; 0.999694;,
         1.188818; 1.993079; 1.063972;,
         1.188818; 1.243079; 1.063972;,
         0.224636; 1.243079; 1.140577;,
         0.224636; 1.993079; 1.140577;,
        -0.924431; 1.993079; 1.076298;,
        -0.924431; 1.243079; 1.076298;,
        -0.892307;-2.117883; 1.080210;,
        -0.892307;-1.367883; 1.080210;,
         0.071874;-1.367883; 1.003605;,
         0.071874;-2.117883; 1.003605;,
        -0.892307;-1.367883; 1.080210;,
         0.256760;-1.367883; 1.144488;,
         1.220941;-1.367883; 1.067884;,
         0.071874;-1.367883; 1.003605;,
         0.256760;-1.367883; 1.144488;,
         0.256760;-2.117883; 1.144488;,
         1.220941;-2.117883; 1.067884;,
         1.220941;-1.367883; 1.067884;,
         0.256760;-2.117883; 1.144488;,
        -0.892307;-2.117883; 1.080210;,
         0.071874;-2.117883; 1.003605;,
         1.220941;-2.117883; 1.067884;,
         0.071874;-2.117883; 1.003605;,
         0.071874;-1.367883; 1.003605;,
         1.220941;-1.367883; 1.067884;,
         1.220941;-2.117883; 1.067884;,
         0.256760;-2.117883; 1.144488;,
         0.256760;-1.367883; 1.144488;,
        -0.892307;-1.367883; 1.080210;,
        -0.892307;-2.117883; 1.080210;,
        10.869433; 2.323255;-0.575340;,
        10.869433; 2.573255;-0.575340;,
        10.956258; 2.573255;-0.608167;,
        10.956258; 2.323255;-0.608167;,
        10.869433; 2.573255;-0.575340;,
        12.839049; 2.573255;-0.552186;,
        12.925873; 2.573255;-0.585013;,
        10.956258; 2.573255;-0.608167;,
        12.839049; 2.573255;-0.552186;,
        12.839049; 2.323255;-0.552186;,
        12.925873; 2.323255;-0.585013;,
        12.925873; 2.573255;-0.585013;,
        12.839049; 2.323255;-0.552186;,
        10.869433; 2.323255;-0.575340;,
        10.956258; 2.323255;-0.608167;,
        12.925873; 2.323255;-0.585013;,
        10.956258; 2.323255;-0.608167;,
        10.956258; 2.573255;-0.608167;,
        12.925873; 2.573255;-0.585013;,
        12.925873; 2.323255;-0.585013;,
        12.839049; 2.323255;-0.552186;,
        12.839049; 2.573255;-0.552186;,
        10.869433; 2.573255;-0.575340;,
        10.869433; 2.323255;-0.575340;,
         8.483262; 2.243388;-0.776111;,
         8.483262; 2.743388;-0.776111;,
         9.349288; 2.743388;-0.809444;,
         9.349288; 2.243388;-0.809444;,
         8.483262; 2.743388;-0.776111;,
        10.483262; 2.743388;-0.545171;,
        11.349288; 2.743388;-0.578504;,
         9.349288; 2.743388;-0.809444;,
        10.483262; 2.743388;-0.545171;,
        10.483262; 2.243388;-0.545171;,
        11.349288; 2.243388;-0.578504;,
        11.349288; 2.743388;-0.578504;,
        10.483262; 2.243388;-0.545171;,
         8.483262; 2.243388;-0.776111;,
         9.349288; 2.243388;-0.809444;,
        11.349288; 2.243388;-0.578504;,
         9.349288; 2.243388;-0.809444;,
         9.349288; 2.743388;-0.809444;,
        11.349288; 2.743388;-0.578504;,
        11.349288; 2.243388;-0.578504;,
        10.483262; 2.243388;-0.545171;,
        10.483262; 2.743388;-0.545171;,
         8.483262; 2.743388;-0.776111;,
         8.483262; 2.243388;-0.776111;,
        11.020466;-2.669391;-0.579403;,
        11.020466;-2.419391;-0.579403;,
        11.107290;-2.419391;-0.612230;,
        11.107290;-2.669391;-0.612230;,
        11.020466;-2.419391;-0.579403;,
        12.990082;-2.419391;-0.556250;,
        13.076906;-2.419391;-0.589077;,
        11.107290;-2.419391;-0.612230;,
        12.990082;-2.419391;-0.556250;,
        12.990082;-2.669391;-0.556250;,
        13.076906;-2.669391;-0.589077;,
        13.076906;-2.419391;-0.589077;,
        12.990082;-2.669391;-0.556250;,
        11.020466;-2.669391;-0.579403;,
        11.107290;-2.669391;-0.612230;,
        13.076906;-2.669391;-0.589077;,
        11.107290;-2.669391;-0.612230;,
        11.107290;-2.419391;-0.612230;,
        13.076906;-2.419391;-0.589077;,
        13.076906;-2.669391;-0.589077;,
        12.990082;-2.669391;-0.556250;,
        12.990082;-2.419391;-0.556250;,
        11.020466;-2.419391;-0.579403;,
        11.020466;-2.669391;-0.579403;,
         8.634295;-2.749259;-0.780175;,
         8.634295;-2.249259;-0.780175;,
         9.500320;-2.249259;-0.813508;,
         9.500320;-2.749259;-0.813508;,
         8.634295;-2.249259;-0.780175;,
        10.634295;-2.249259;-0.549235;,
        11.500320;-2.249259;-0.582568;,
         9.500320;-2.249259;-0.813508;,
        10.634295;-2.249259;-0.549235;,
        10.634295;-2.749259;-0.549235;,
        11.500320;-2.749259;-0.582568;,
        11.500320;-2.249259;-0.582568;,
        10.634295;-2.749259;-0.549235;,
         8.634295;-2.749259;-0.780175;,
         9.500320;-2.749259;-0.813508;,
        11.500320;-2.749259;-0.582568;,
         9.500320;-2.749259;-0.813508;,
         9.500320;-2.249259;-0.813508;,
        11.500320;-2.249259;-0.582568;,
        11.500320;-2.749259;-0.582568;,
        10.634295;-2.749259;-0.549235;,
        10.634295;-2.249259;-0.549235;,
         8.634295;-2.249259;-0.780175;,
         8.634295;-2.749259;-0.780175;,
        10.227361;-1.272919; 0.779446;,
        10.227361;-1.172919; 0.779446;,
        10.227360;-1.172919; 0.679446;,
        10.227360;-1.272919; 0.679446;,
        10.227361;-1.172919; 0.779446;,
        12.227361;-1.172919; 0.779446;,
        12.227360;-1.172919; 0.679446;,
        10.227360;-1.172919; 0.679446;,
        12.227361;-1.172919; 0.779446;,
        12.227361;-1.272919; 0.779446;,
        12.227361;-1.272919; 0.679446;,
        12.227360;-1.172919; 0.679446;,
        12.227361;-1.272919; 0.779446;,
        10.227361;-1.272919; 0.779446;,
        10.227360;-1.272919; 0.679446;,
        12.227361;-1.272919; 0.679446;,
        10.227360;-1.272919; 0.679446;,
        10.227360;-1.172919; 0.679446;,
        12.227360;-1.172919; 0.679446;,
        12.227361;-1.272919; 0.679446;,
        12.227361;-1.272919; 0.779446;,
        12.227361;-1.172919; 0.779446;,
        10.227361;-1.172919; 0.779446;,
        10.227361;-1.272919; 0.779446;,
        12.313193;-1.275461; 0.900777;,
        12.313193;-1.175461; 0.900777;,
        12.313192;-1.175461; 0.800777;,
        12.313192;-1.275461; 0.800777;,
        12.313193;-1.175461; 0.900777;,
        14.313192;-1.175461; 0.900777;,
        14.313194;-1.175461; 0.800777;,
        12.313192;-1.175461; 0.800777;,
        14.313192;-1.175461; 0.900777;,
        14.313192;-1.275461; 0.900777;,
        14.313194;-1.275461; 0.800777;,
        14.313194;-1.175461; 0.800777;,
        14.313192;-1.275461; 0.900777;,
        12.313193;-1.275461; 0.900777;,
        12.313192;-1.275461; 0.800777;,
        14.313194;-1.275461; 0.800777;,
        12.313192;-1.275461; 0.800777;,
        12.313192;-1.175461; 0.800777;,
        14.313194;-1.175461; 0.800777;,
        14.313194;-1.275461; 0.800777;,
        14.313192;-1.275461; 0.900777;,
        14.313192;-1.175461; 0.900777;,
        12.313193;-1.175461; 0.900777;,
        12.313193;-1.275461; 0.900777;,
         8.468057;-1.283875; 0.688218;,
         8.468057;-1.183876; 0.688218;,
         9.432238;-1.183876; 0.611613;,
         9.432238;-1.283875; 0.611613;,
         8.468057;-1.183876; 0.688218;,
        12.298279;-1.183876; 0.902480;,
        13.262461;-1.183876; 0.825876;,
         9.432238;-1.183876; 0.611613;,
        12.298279;-1.183876; 0.902480;,
        12.298279;-1.283875; 0.902480;,
        13.262461;-1.283875; 0.825876;,
        13.262461;-1.183876; 0.825876;,
        12.298279;-1.283875; 0.902480;,
         8.468057;-1.283875; 0.688218;,
         9.432238;-1.283875; 0.611613;,
        13.262461;-1.283875; 0.825876;,
         9.432238;-1.283875; 0.611613;,
         9.432238;-1.183876; 0.611613;,
        13.262461;-1.183876; 0.825876;,
        13.262461;-1.283875; 0.825876;,
        12.298279;-1.283875; 0.902480;,
        12.298279;-1.183876; 0.902480;,
         8.468057;-1.183876; 0.688218;,
         8.468057;-1.283875; 0.688218;,
         2.797294;-1.492440; 0.371925;,
         2.797294;-0.992440; 0.371925;,
         3.440081;-0.992440; 0.320855;,
         3.440081;-1.492440; 0.320855;,
         2.797294;-0.992440; 0.371925;,
         8.542627;-0.992440; 0.693319;,
         9.185415;-0.992440; 0.642249;,
         3.440081;-0.992440; 0.320855;,
         8.542627;-0.992440; 0.693319;,
         8.542627;-1.492440; 0.693319;,
         9.185415;-1.492440; 0.642249;,
         9.185415;-0.992440; 0.642249;,
         8.542627;-1.492440; 0.693319;,
         2.797294;-1.492440; 0.371925;,
         3.440081;-1.492440; 0.320855;,
         9.185415;-1.492440; 0.642249;,
         3.440081;-1.492440; 0.320855;,
         3.440081;-0.992440; 0.320855;,
         9.185415;-0.992440; 0.642249;,
         9.185415;-1.492440; 0.642249;,
         8.542627;-1.492440; 0.693319;,
         8.542627;-0.992440; 0.693319;,
         2.797294;-0.992440; 0.371925;,
         2.797294;-1.492440; 0.371925;,
        -0.043145;-1.490719; 0.584303;,
        -0.043145;-0.990719; 0.584303;,
         3.170794;-0.990719; 0.328955;,
         3.170794;-1.490719; 0.328955;,
        -0.043145;-0.990719; 0.584303;,
         0.722900;-0.990719; 0.627155;,
         3.936838;-0.990719; 0.371807;,
         3.170794;-0.990719; 0.328955;,
         0.722900;-0.990719; 0.627155;,
         0.722900;-1.490719; 0.627155;,
         3.936838;-1.490719; 0.371807;,
         3.936838;-0.990719; 0.371807;,
         0.722900;-1.490719; 0.627155;,
        -0.043145;-1.490719; 0.584303;,
         3.170794;-1.490719; 0.328955;,
         3.936838;-1.490719; 0.371807;,
         3.170794;-1.490719; 0.328955;,
         3.170794;-0.990719; 0.328955;,
         3.936838;-0.990719; 0.371807;,
         3.936838;-1.490719; 0.371807;,
         0.722900;-1.490719; 0.627155;,
         0.722900;-0.990719; 0.627155;,
        -0.043145;-0.990719; 0.584303;,
        -0.043145;-1.490719; 0.584303;,
         9.631565; 1.200284; 0.698425;,
         9.631565; 1.300284; 0.698425;,
         9.631565; 1.300284; 0.598425;,
         9.631565; 1.200284; 0.598425;,
         9.631565; 1.300284; 0.698425;,
        11.631565; 1.300284; 0.698425;,
        11.631565; 1.300284; 0.598425;,
         9.631565; 1.300284; 0.598425;,
        11.631565; 1.300284; 0.698425;,
        11.631565; 1.200284; 0.698425;,
        11.631565; 1.200284; 0.598425;,
        11.631565; 1.300284; 0.598425;,
        11.631565; 1.200284; 0.698425;,
         9.631565; 1.200284; 0.698425;,
         9.631565; 1.200284; 0.598425;,
        11.631565; 1.200284; 0.598425;,
         9.631565; 1.200284; 0.598425;,
         9.631565; 1.300284; 0.598425;,
        11.631565; 1.300284; 0.598425;,
        11.631565; 1.200284; 0.598425;,
        11.631565; 1.200284; 0.698425;,
        11.631565; 1.300284; 0.698425;,
         9.631565; 1.300284; 0.698425;,
         9.631565; 1.200284; 0.698425;,
        11.717398; 1.197742; 0.819756;,
        11.717398; 1.297742; 0.819756;,
        11.717398; 1.297742; 0.719756;,
        11.717398; 1.197742; 0.719756;,
        11.717398; 1.297742; 0.819756;,
        13.717398; 1.297742; 0.819756;,
        13.717398; 1.297742; 0.719756;,
        11.717398; 1.297742; 0.719756;,
        13.717398; 1.297742; 0.819756;,
        13.717398; 1.197742; 0.819756;,
        13.717398; 1.197742; 0.719756;,
        13.717398; 1.297742; 0.719756;,
        13.717398; 1.197742; 0.819756;,
        11.717398; 1.197742; 0.819756;,
        11.717398; 1.197742; 0.719756;,
        13.717398; 1.197742; 0.719756;,
        11.717398; 1.197742; 0.719756;,
        11.717398; 1.297742; 0.719756;,
        13.717398; 1.297742; 0.719756;,
        13.717398; 1.197742; 0.719756;,
        13.717398; 1.197742; 0.819756;,
        13.717398; 1.297742; 0.819756;,
        11.717398; 1.297742; 0.819756;,
        11.717398; 1.197742; 0.819756;,
         7.872261; 1.189328; 0.607197;,
         7.872261; 1.289328; 0.607197;,
         8.836442; 1.289328; 0.530592;,
         8.836442; 1.189328; 0.530592;,
         7.872261; 1.289328; 0.607197;,
        11.702483; 1.289328; 0.821459;,
        12.666664; 1.289328; 0.744855;,
         8.836442; 1.289328; 0.530592;,
        11.702483; 1.289328; 0.821459;,
        11.702483; 1.189328; 0.821459;,
        12.666664; 1.189328; 0.744855;,
        12.666664; 1.289328; 0.744855;,
        11.702483; 1.189328; 0.821459;,
         7.872261; 1.189328; 0.607197;,
         8.836442; 1.189328; 0.530592;,
        12.666664; 1.189328; 0.744855;,
         8.836442; 1.189328; 0.530592;,
         8.836442; 1.289328; 0.530592;,
        12.666664; 1.289328; 0.744855;,
        12.666664; 1.189328; 0.744855;,
        11.702483; 1.189328; 0.821459;,
        11.702483; 1.289328; 0.821459;,
         7.872261; 1.289328; 0.607197;,
         7.872261; 1.189328; 0.607197;,
         2.366464; 0.981945; 0.297284;,
         2.366464; 1.481945; 0.297284;,
         3.009251; 1.481945; 0.246214;,
         3.009251; 0.981945; 0.246214;,
         2.366464; 1.481945; 0.297284;,
         8.111797; 1.481945; 0.618678;,
         8.754585; 1.481945; 0.567608;,
         3.009251; 1.481945; 0.246214;,
         8.111797; 1.481945; 0.618678;,
         8.111797; 0.981945; 0.618678;,
         8.754585; 0.981945; 0.567608;,
         8.754585; 1.481945; 0.567608;,
         8.111797; 0.981945; 0.618678;,
         2.366464; 0.981945; 0.297284;,
         3.009251; 0.981945; 0.246214;,
         8.754585; 0.981945; 0.567608;,
         3.009251; 0.981945; 0.246214;,
         3.009251; 1.481945; 0.246214;,
         8.754585; 1.481945; 0.567608;,
         8.754585; 0.981945; 0.567608;,
         8.111797; 0.981945; 0.618678;,
         8.111797; 1.481945; 0.618678;,
         2.366464; 1.481945; 0.297284;,
         2.366464; 0.981945; 0.297284;,
        -0.482296; 0.987206; 0.524644;,
        -0.482296; 1.487206; 0.524644;,
         2.731642; 1.487206; 0.269295;,
         2.731642; 0.987206; 0.269295;,
        -0.482296; 1.487206; 0.524644;,
         0.283749; 1.487206; 0.567496;,
         3.497687; 1.487206; 0.312148;,
         2.731642; 1.487206; 0.269295;,
         0.283749; 1.487206; 0.567496;,
         0.283749; 0.987206; 0.567496;,
         3.497687; 0.987206; 0.312148;,
         3.497687; 1.487206; 0.312148;,
         0.283749; 0.987206; 0.567496;,
        -0.482296; 0.987206; 0.524644;,
         2.731642; 0.987206; 0.269295;,
         3.497687; 0.987206; 0.312148;,
         2.731642; 0.987206; 0.269295;,
         2.731642; 1.487206; 0.269295;,
         3.497687; 1.487206; 0.312148;,
         3.497687; 0.987206; 0.312148;,
         0.283749; 0.987206; 0.567496;,
         0.283749; 1.487206; 0.567496;,
        -0.482296; 1.487206; 0.524644;,
        -0.482296; 0.987206; 0.524644;,
        -1.025558;-0.387176; 0.729647;,
        -0.989219; 1.090035; 0.764292;,
        -2.706637; 3.260638;-0.873056;,
        -2.742977; 1.783426;-0.907701;,
        -0.989219; 1.090035; 0.764292;,
        -0.789706; 1.090035; 0.763362;,
        -2.507124; 3.260638;-0.873987;,
        -2.706637; 3.260638;-0.873056;,
        -0.789706; 1.090035; 0.763362;,
        -0.826045;-0.387176; 0.728716;,
        -2.543464; 1.783426;-0.908632;,
        -2.507124; 3.260638;-0.873987;,
        -0.826045;-0.387176; 0.728716;,
        -1.025558;-0.387176; 0.729647;,
        -2.742977; 1.783426;-0.907701;,
        -2.543464; 1.783426;-0.908632;,
        -2.742977; 1.783426;-0.907701;,
        -2.706637; 3.260638;-0.873056;,
        -2.507124; 3.260638;-0.873987;,
        -2.543464; 1.783426;-0.908632;,
        -0.826045;-0.387176; 0.728716;,
        -0.789706; 1.090035; 0.763362;,
        -0.989219; 1.090035; 0.764292;,
        -1.025558;-0.387176; 0.729647;,
        -0.916357;-1.160737; 0.768368;,
        -0.952696; 0.316475; 0.733723;,
        -2.670115;-1.854128;-0.903626;,
        -2.633776;-3.331339;-0.868981;,
        -0.952696; 0.316475; 0.733723;,
        -0.753183; 0.316475; 0.732792;,
        -2.470602;-1.854128;-0.904556;,
        -2.670115;-1.854128;-0.903626;,
        -0.753183; 0.316475; 0.732792;,
        -0.716844;-1.160737; 0.767437;,
        -2.434263;-3.331339;-0.869911;,
        -2.470602;-1.854128;-0.904556;,
        -0.716844;-1.160737; 0.767437;,
        -0.916357;-1.160737; 0.768368;,
        -2.633776;-3.331339;-0.868981;,
        -2.434263;-3.331339;-0.869911;,
        -2.633776;-3.331339;-0.868981;,
        -2.670115;-1.854128;-0.903626;,
        -2.470602;-1.854128;-0.904556;,
        -2.434263;-3.331339;-0.869911;,
        -0.716844;-1.160737; 0.767437;,
        -0.753183; 0.316475; 0.732792;,
        -0.952696; 0.316475; 0.733723;,
        -0.916357;-1.160737; 0.768368;,
         9.577460; 1.187386; 0.935240;,
         9.577460; 1.287386; 0.935240;,
         9.577460; 1.287386; 0.835240;,
         9.577461; 1.187386; 0.835240;,
         9.577460; 1.287386; 0.935240;,
        11.577460; 1.287386; 0.935240;,
        11.577460; 1.287386; 0.835240;,
         9.577460; 1.287386; 0.835240;,
        11.577460; 1.287386; 0.935240;,
        11.577461; 1.187386; 0.935240;,
        11.577460; 1.187386; 0.835240;,
        11.577460; 1.287386; 0.835240;,
        11.577461; 1.187386; 0.935240;,
         9.577460; 1.187386; 0.935240;,
         9.577461; 1.187386; 0.835240;,
        11.577460; 1.187386; 0.835240;,
         9.577461; 1.187386; 0.835240;,
         9.577460; 1.287386; 0.835240;,
        11.577460; 1.287386; 0.835240;,
        11.577460; 1.187386; 0.835240;,
        11.577461; 1.187386; 0.935240;,
        11.577460; 1.287386; 0.935240;,
         9.577460; 1.287386; 0.935240;,
         9.577460; 1.187386; 0.935240;,
        11.663293; 1.184844; 1.056571;,
        11.663293; 1.284844; 1.056571;,
        11.663293; 1.284844; 0.956571;,
        11.663294; 1.184844; 0.956571;,
        11.663293; 1.284844; 1.056571;,
        13.663294; 1.284844; 1.056571;,
        13.663293; 1.284844; 0.956571;,
        11.663293; 1.284844; 0.956571;,
        13.663294; 1.284844; 1.056571;,
        13.663294; 1.184844; 1.056571;,
        13.663293; 1.184844; 0.956571;,
        13.663293; 1.284844; 0.956571;,
        13.663294; 1.184844; 1.056571;,
        11.663293; 1.184844; 1.056571;,
        11.663294; 1.184844; 0.956571;,
        13.663293; 1.184844; 0.956571;,
        11.663294; 1.184844; 0.956571;,
        11.663293; 1.284844; 0.956571;,
        13.663293; 1.284844; 0.956571;,
        13.663293; 1.184844; 0.956571;,
        13.663294; 1.184844; 1.056571;,
        13.663294; 1.284844; 1.056571;,
        11.663293; 1.284844; 1.056571;,
        11.663293; 1.184844; 1.056571;,
         7.818156; 1.176430; 0.844011;,
         7.818156; 1.276430; 0.844011;,
         8.782337; 1.276430; 0.767407;,
         8.782337; 1.176430; 0.767407;,
         7.818156; 1.276430; 0.844011;,
        11.648378; 1.276430; 1.058274;,
        12.612560; 1.276430; 0.981670;,
         8.782337; 1.276430; 0.767407;,
        11.648378; 1.276430; 1.058274;,
        11.648378; 1.176430; 1.058274;,
        12.612560; 1.176430; 0.981670;,
        12.612560; 1.276430; 0.981670;,
        11.648378; 1.176430; 1.058274;,
         7.818156; 1.176430; 0.844011;,
         8.782337; 1.176430; 0.767407;,
        12.612560; 1.176430; 0.981670;,
         8.782337; 1.176430; 0.767407;,
         8.782337; 1.276430; 0.767407;,
        12.612560; 1.276430; 0.981670;,
        12.612560; 1.176430; 0.981670;,
        11.648378; 1.176430; 1.058274;,
        11.648378; 1.276430; 1.058274;,
         7.818156; 1.276430; 0.844011;,
         7.818156; 1.176430; 0.844011;,
         2.312360; 0.969047; 0.534099;,
         2.312360; 1.469047; 0.534099;,
         2.955147; 1.469047; 0.483029;,
         2.955147; 0.969047; 0.483029;,
         2.312360; 1.469047; 0.534099;,
         8.057693; 1.469047; 0.855493;,
         8.700480; 1.469047; 0.804423;,
         2.955147; 1.469047; 0.483029;,
         8.057693; 1.469047; 0.855493;,
         8.057693; 0.969047; 0.855493;,
         8.700480; 0.969047; 0.804423;,
         8.700480; 1.469047; 0.804423;,
         8.057693; 0.969047; 0.855493;,
         2.312360; 0.969047; 0.534099;,
         2.955147; 0.969047; 0.483029;,
         8.700480; 0.969047; 0.804423;,
         2.955147; 0.969047; 0.483029;,
         2.955147; 1.469047; 0.483029;,
         8.700480; 1.469047; 0.804423;,
         8.700480; 0.969047; 0.804423;,
         8.057693; 0.969047; 0.855493;,
         8.057693; 1.469047; 0.855493;,
         2.312360; 1.469047; 0.534099;,
         2.312360; 0.969047; 0.534099;,
        -0.536400; 0.974308; 0.761458;,
        -0.536400; 1.474308; 0.761458;,
         2.677538; 1.474308; 0.506110;,
         2.677538; 0.974308; 0.506110;,
        -0.536400; 1.474308; 0.761458;,
         0.229644; 1.474308; 0.804311;,
         3.443582; 1.474308; 0.548963;,
         2.677538; 1.474308; 0.506110;,
         0.229644; 1.474308; 0.804311;,
         0.229644; 0.974308; 0.804311;,
         3.443582; 0.974308; 0.548963;,
         3.443582; 1.474308; 0.548963;,
         0.229644; 0.974308; 0.804311;,
        -0.536400; 0.974308; 0.761458;,
         2.677538; 0.974308; 0.506110;,
         3.443582; 0.974308; 0.548963;,
         2.677538; 0.974308; 0.506110;,
         2.677538; 1.474308; 0.506110;,
         3.443582; 1.474308; 0.548963;,
         3.443582; 0.974308; 0.548963;,
         0.229644; 0.974308; 0.804311;,
         0.229644; 1.474308; 0.804311;,
        -0.536400; 1.474308; 0.761458;,
        -0.536400; 0.974308; 0.761458;,
         9.810663;-1.265119; 0.966283;,
         9.810663;-1.165119; 0.966283;,
         9.810662;-1.165119; 0.866283;,
         9.810662;-1.265119; 0.866283;,
         9.810663;-1.165119; 0.966283;,
        11.810663;-1.165119; 0.966283;,
        11.810662;-1.165119; 0.866283;,
         9.810662;-1.165119; 0.866283;,
        11.810663;-1.165119; 0.966283;,
        11.810663;-1.265119; 0.966283;,
        11.810663;-1.265119; 0.866283;,
        11.810662;-1.165119; 0.866283;,
        11.810663;-1.265119; 0.966283;,
         9.810663;-1.265119; 0.966283;,
         9.810662;-1.265119; 0.866283;,
        11.810663;-1.265119; 0.866283;,
         9.810662;-1.265119; 0.866283;,
         9.810662;-1.165119; 0.866283;,
        11.810662;-1.165119; 0.866283;,
        11.810663;-1.265119; 0.866283;,
        11.810663;-1.265119; 0.966283;,
        11.810663;-1.165119; 0.966283;,
         9.810663;-1.165119; 0.966283;,
         9.810663;-1.265119; 0.966283;,
        11.896496;-1.267661; 1.087614;,
        11.896496;-1.167661; 1.087614;,
        11.896495;-1.167661; 0.987614;,
        11.896495;-1.267661; 0.987614;,
        11.896496;-1.167661; 1.087614;,
        13.896495;-1.167661; 1.087614;,
        13.896496;-1.167661; 0.987614;,
        11.896495;-1.167661; 0.987614;,
        13.896495;-1.167661; 1.087614;,
        13.896495;-1.267661; 1.087614;,
        13.896496;-1.267661; 0.987614;,
        13.896496;-1.167661; 0.987614;,
        13.896495;-1.267661; 1.087614;,
