xof 0303txt 0032

template XSkinMeshHeader {
  <3cf169ce-ff7c-44ab-93c0-f78f62d172e2>
  WORD nMaxSkinWeightsPerVertex;
  WORD nMaxSkinWeightsPerFace;
  WORD nBones;
}

template SkinWeights {
  <6f0d123b-bad2-4167-a0d0-80224f25fabb>
  STRING transformNodeName;
  DWORD nWeights;
  array DWORD vertexIndices[nWeights];
  array float weights[nWeights];
  Matrix4x4 matrixOffset;
}

Frame Root {
  FrameTransformMatrix {
     1.000000, 0.000000, 0.000000, 0.000000,
     0.000000,-0.000000, 1.000000, 0.000000,
     0.000000, 1.000000, 0.000000, 0.000000,
     0.000000, 0.000000, 0.000000, 1.000000;;
  }
  Frame Armature {
    FrameTransformMatrix {
       1.000000, 0.000000, 0.000000, 0.000000,
       0.000000, 1.000000, 0.000000, 0.000000,
       0.000000, 0.000000, 1.000000, 0.000000,
      -0.103728,-0.071414, 2.428858, 1.000000;;
    }
    Frame Armature_Bone {
      FrameTransformMatrix {
        -0.017677, 0.000002,-0.999844, 0.000000,
         0.999844,-0.000000,-0.017677, 0.000000,
        -0.000000,-1.000000,-0.000002, 0.000000,
         0.073337, 0.000000,-0.336402, 1.000000;;
      }
      Frame Armature_Bone_001 {
        FrameTransformMatrix {
          -0.057012, 0.007057, 0.998349, 0.000000,
          -0.278194, 0.960257,-0.022675, 0.000000,
          -0.958831,-0.279027,-0.052783, 0.000000,
          -0.000000, 1.258018, 0.000000, 1.000000;;
        }
        Frame Armature_Bone_002 {
          FrameTransformMatrix {
            -0.165112, 0.956443,-0.240736, 0.000000,
            -0.985566,-0.150754, 0.077021, 0.000000,
             0.037374, 0.249978, 0.967530, 0.000000,
             0.000000, 1.664388,-0.000000, 1.000000;;
          }
          Frame Armature_Bone_008 {
            FrameTransformMatrix {
              -0.369446,-0.929194, 0.010360, 0.000000,
               0.357222,-0.152306,-0.921518, 0.000000,
               0.857847,-0.336751, 0.388197, 0.000000,
              -0.000000, 2.058150, 0.000000, 1.000000;;
            }
            Frame Armature_Bone_009 {
              FrameTransformMatrix {
                 0.997117, 0.062982,-0.042324, 0.000000,
                -0.075288, 0.751463,-0.655465, 0.000000,
                -0.009478, 0.656762, 0.754039, 0.000000,
                 0.000000, 2.375546, 0.000000, 1.000000;;
              }
              Frame Armature_Bone_010 {
                FrameTransformMatrix {
                   0.996306,-0.006014,-0.085660, 0.000000,
                   0.081279,-0.255803, 0.963306, 0.000000,
                  -0.027705,-0.966710,-0.254369, 0.000000,
                  -0.000000, 1.930562,-0.000000, 1.000000;;
                }
              } // End of Armature_Bone_010
            } // End of Armature_Bone_009
          } // End of Armature_Bone_008
        } // End of Armature_Bone_002
        Frame Armature_Bone_003 {
          FrameTransformMatrix {
            -0.126634,-0.955553, 0.266236, 0.000000,
             0.990842,-0.134531,-0.011559, 0.000000,
             0.046862, 0.262335, 0.963839, 0.000000,
             0.000000, 1.664388,-0.000000, 1.000000;;
          }
          Frame Armature_Bone_011 {
            FrameTransformMatrix {
               0.115071, 0.992896, 0.030270, 0.000000,
              -0.232075, 0.056501,-0.971056, 0.000000,
              -0.965867, 0.104715, 0.236928, 0.000000,
               0.000000, 1.875422, 0.000000, 1.000000;;
            }
            Frame Armature_Bone_012 {
              FrameTransformMatrix {
                 0.901219,-0.144973,-0.408396, 0.000000,
                -0.015790, 0.930774,-0.365253, 0.000000,
                 0.433076, 0.335622, 0.836542, 0.000000,
                -0.000000, 2.391010, 0.000000, 1.000000;;
              }
              Frame Armature_Bone_013 {
                FrameTransformMatrix {
                   0.940435, 0.042762, 0.337274, 0.000000,
                  -0.332278,-0.094278, 0.938458, 0.000000,
                   0.071928,-0.994627,-0.074454, 0.000000,
                   0.000000, 1.994719,-0.000000, 1.000000;;
                }
              } // End of Armature_Bone_013
            } // End of Armature_Bone_012
          } // End of Armature_Bone_011
        } // End of Armature_Bone_003
        Frame Armature_Bone_014 {
          FrameTransformMatrix {
             0.993168,-0.098621,-0.062382, 0.000000,
             0.058101, 0.881510,-0.468576, 0.000000,
             0.101202, 0.461751, 0.881218, 0.000000,
             0.000000, 1.664388,-0.000000, 1.000000;;
          }
          Frame Armature_Bone_015 {
            FrameTransformMatrix {
               0.991163, 0.114396, 0.067146, 0.000000,
              -0.131518, 0.913398, 0.385236, 0.000000,
              -0.017262,-0.390663, 0.920372, 0.000000,
              -0.000000, 0.642935,-0.000000, 1.000000;;
            }
          } // End of Armature_Bone_015
          Frame Armature_Bone_016 {
            FrameTransformMatrix {
               0.989041, 0.066925,-0.131601, 0.000000,
              -0.099248, 0.961294,-0.257029, 0.000000,
               0.109306, 0.267273, 0.957401, 0.000000,
              -0.000000, 0.642935,-0.000000, 1.000000;;
            }
            Frame Armature_Bone_017 {
              FrameTransformMatrix {
                 0.994672, 0.096478, 0.036334, 0.000000,
                -0.102491, 0.887383, 0.449497, 0.000000,
                 0.011125,-0.450826, 0.892543, 0.000000,
                -0.000000, 0.911801,-0.000000, 1.000000;;
              }
            } // End of Armature_Bone_017
          } // End of Armature_Bone_016
        } // End of Armature_Bone_014
      } // End of Armature_Bone_001
    } // End of Armature_Bone
    Frame Armature_Bone_004 {
      FrameTransformMatrix {
        -0.401919, 0.915601,-0.011676, 0.000000,
        -0.912746,-0.399582, 0.085019, 0.000000,
         0.073178, 0.044827, 0.996311, 0.000000,
         0.073337, 0.000000,-0.336402, 1.000000;;
      }
      Frame Armature_Bone_018 {
        FrameTransformMatrix {
          -0.902776,-0.418205, 0.100500, 0.000000,
          -0.098726,-0.025939,-0.994777, 0.000000,
           0.418627,-0.907982,-0.017871, 0.000000,
          -0.000000, 2.327020,-0.000000, 1.000000;;
        }
        Frame Armature_Bone_019 {
          FrameTransformMatrix {
             0.920932, 0.049747,-0.386534, 0.000000,
            -0.038706, 0.998591, 0.036300, 0.000000,
             0.387795,-0.018469, 0.921560, 0.000000,
            -0.000000, 2.266311, 0.000000, 1.000000;;
          }
          Frame Armature_Bone_023 {
            FrameTransformMatrix {
               0.685195, 0.051109,-0.726564, 0.000000,
               0.720671, 0.096982, 0.686460, 0.000000,
               0.105548,-0.993973, 0.029619, 0.000000,
               0.000000, 1.886313, 0.000000, 1.000000;;
            }
          } // End of Armature_Bone_023
        } // End of Armature_Bone_019
      } // End of Armature_Bone_018
    } // End of Armature_Bone_004
    Frame Armature_Bone_005 {
      FrameTransformMatrix {
         0.889958,-0.455120,-0.029010, 0.000000,
         0.454420, 0.879631, 0.140538, 0.000000,
        -0.038444,-0.138256, 0.989650, 0.000000,
         0.073337, 0.000000,-0.336402, 1.000000;;
      }
      Frame Armature_Bone_020 {
        FrameTransformMatrix {
          -0.526061,-0.832937, 0.171685, 0.000000,
           0.104460,-0.263633,-0.958950, 0.000000,
           0.844007,-0.486532, 0.225696, 0.000000,
           0.000000, 2.496587, 0.000000, 1.000000;;
        }
        Frame Armature_Bone_021 {
          FrameTransformMatrix {
             0.802008, 0.211544, 0.558599, 0.000000,
            -0.113483, 0.972116,-0.205212, 0.000000,
            -0.586434, 0.101191, 0.803651, 0.000000,
            -0.000000, 2.343903,-0.000000, 1.000000;;
          }
          Frame Armature_Bone_022 {
            FrameTransformMatrix {
              -0.478101,-0.781133, 0.401560, 0.000000,
               0.637536, 0.005831, 0.770399, 0.000000,
              -0.604125, 0.624338, 0.495212, 0.000000,
              -0.000000, 1.974982,-0.000000, 1.000000;;
            }
          } // End of Armature_Bone_022
        } // End of Armature_Bone_021
      } // End of Armature_Bone_020
    } // End of Armature_Bone_005
    Frame Armature_Bone_006 {
      FrameTransformMatrix {
         0.868524, 0.495608,-0.006127, 0.000000,
        -0.489100, 0.858990, 0.151385, 0.000000,
         0.080291,-0.128485, 0.988456, 0.000000,
         0.073337, 0.000000,-0.336402, 1.000000;;
      }
      Frame Armature_Bone_007 {
        FrameTransformMatrix {
           0.122605,-0.402460,-0.907190, 0.000000,
           0.372595, 0.865889,-0.333781, 0.000000,
           0.919859,-0.297091, 0.256117, 0.000000,
          -0.000000, 1.784008, 0.000000, 1.000000;;
        }
        Frame Armature_Bone_024 {
          FrameTransformMatrix {
             0.996514, 0.077331,-0.031300, 0.000000,
            -0.028532, 0.668483, 0.743180, 0.000000,
             0.078394,-0.739696, 0.668359, 0.000000,
             0.000000, 0.951605, 0.000000, 1.000000;;
          }
          Frame Armature_Bone_025 {
            FrameTransformMatrix {
               0.999376, 0.029744,-0.019036, 0.000000,
              -0.015818, 0.858985, 0.511756, 0.000000,
               0.031574,-0.511135, 0.858920, 0.000000,
              -0.000000, 1.016165,-0.000000, 1.000000;;
            }
            Frame Armature_Bone_026 {
              FrameTransformMatrix {
                 0.987703, 0.142638,-0.064015, 0.000000,
                -0.140238, 0.989287, 0.040562, 0.000000,
                 0.069114,-0.031086, 0.997124, 0.000000,
                 0.000000, 1.052703,-0.000000, 1.000000;;
              }
              Frame Armature_Bone_027 {
                FrameTransformMatrix {
                   0.995783,-0.084063,-0.036737, 0.000000,
                   0.091286, 0.947727, 0.305745, 0.000000,
                   0.009115,-0.307809, 0.951405, 0.000000,
                   0.000000, 1.025752,-0.000000, 1.000000;;
                }
                Frame Armature_Bone_028 {
                  FrameTransformMatrix {
                     0.997312,-0.005389,-0.073077, 0.000000,
                     0.009892, 0.998064, 0.061396, 0.000000,
                     0.072605,-0.061954, 0.995435, 0.000000,
                     0.000000, 1.039812, 0.000000, 1.000000;;
                  }
                  Frame Armature_Bone_029 {
                    FrameTransformMatrix {
                       0.992128,-0.125218, 0.001409, 0.000000,
                       0.115328, 0.918043, 0.379337, 0.000000,
                      -0.048793,-0.376189, 0.925257, 0.000000,
                       0.000000, 1.070658, 0.000000, 1.000000;;
                    }
                    Frame Armature_Bone_030 {
                      FrameTransformMatrix {
                         0.326639,-0.550133, 0.768544, 0.000000,
                         0.089509, 0.827497, 0.554290, 0.000000,
                        -0.940901,-0.112262, 0.319535, 0.000000,
                         0.000000, 0.685634, 0.000000, 1.000000;;
                      }
                      Frame Armature_Bone_031 {
                        FrameTransformMatrix {
                          -0.629780,-0.094073, 0.771057, 0.000000,
                          -0.178768, 0.983548,-0.026015, 0.000000,
                          -0.755924,-0.154224,-0.636235, 0.000000,
                           0.000001, 1.298440, 0.000000, 1.000000;;
                        }
                      } // End of Armature_Bone_031
                    } // End of Armature_Bone_030
                    Frame Armature_Bone_032 {
                      FrameTransformMatrix {
                         0.290711,-0.930625, 0.222316, 0.000000,
                        -0.830882,-0.360760,-0.423658, 0.000000,
                         0.474470,-0.061556,-0.878117, 0.000000,
                         0.000000, 0.685634, 0.000000, 1.000000;;
                      }
                    } // End of Armature_Bone_032
                    Frame Armature_Bone_033 {
                      FrameTransformMatrix {
                         0.777618,-0.614551,-0.132806, 0.000000,
                         0.451655, 0.692945,-0.561992, 0.000000,
                         0.437400, 0.377032, 0.816412, 0.000000,
                         0.000000, 0.685634, 0.000000, 1.000000;;
                      }
                    } // End of Armature_Bone_033
                    Frame Armature_Bone_034 {
                      FrameTransformMatrix {
                        -0.908576,-0.369037, 0.195708, 0.000000,
                        -0.185839,-0.062488,-0.980592, 0.000000,
                         0.374104,-0.927312,-0.011806, 0.000000,
                         0.000000, 0.685634, 0.000000, 1.000000;;
                      }
                    } // End of Armature_Bone_034
                    Frame Armature_Bone_035 {
                      FrameTransformMatrix {
                         0.596355,-0.788288, 0.151537, 0.000000,
                        -0.635864,-0.348680, 0.688549, 0.000000,
                        -0.489936,-0.506976,-0.709181, 0.000000,
                         0.000000, 0.685634, 0.000000, 1.000000;;
                      }
                    } // End of Armature_Bone_035
                    Frame Armature_Bone_036 {
                      FrameTransformMatrix {
                        -0.144473,-0.973095, 0.179483, 0.000000,
                         0.937540,-0.076605, 0.339338, 0.000000,
                        -0.316458, 0.217298, 0.923383, 0.000000,
                         0.000000, 0.685634, 0.000000, 1.000000;;
                      }
                    } // End of Armature_Bone_036
                    Frame Armature_Bone_037 {
                      FrameTransformMatrix {
                         0.259783,-0.938440, 0.227689, 0.000000,
                         0.933407, 0.183590,-0.308295, 0.000000,
                         0.247516, 0.292616, 0.923641, 0.000000,
                         0.000000, 0.685634, 0.000000, 1.000000;;
                      }
                    } // End of Armature_Bone_037
                    Frame Armature_Bone_038 {
                      FrameTransformMatrix {
                         0.566834,-0.808140, 0.160031, 0.000000,
                        -0.635611,-0.552581,-0.539122, 0.000000,
                         0.524116, 0.203875,-0.826884, 0.000000,
                         0.000000, 0.685634, 0.000000, 1.000000;;
                      }
                    } // End of Armature_Bone_038
                    Frame Armature_Bone_039 {
                      FrameTransformMatrix {
                        -0.376871,-0.838335,-0.393906, 0.000000,
                        -0.689262, 0.537909,-0.485358, 0.000000,
                         0.618778, 0.088587,-0.780555, 0.000000,
                         0.000000, 0.685634, 0.000000, 1.000000;;
                      }
                    } // End of Armature_Bone_039
                    Frame Armature_Bone_040 {
                      FrameTransformMatrix {
                         0.820956, 0.099821,-0.562198, 0.000000,
                        -0.216813, 0.965355,-0.145200, 0.000000,
                         0.528226, 0.241094, 0.814156, 0.000000,
                         0.000000, 0.685634, 0.000000, 1.000000;;
                      }
                    } // End of Armature_Bone_040
                    Frame Armature_Bone_041 {
                      FrameTransformMatrix {
                         0.725899,-0.023309,-0.687406, 0.000000,
                        -0.312920, 0.878810,-0.360242, 0.000000,
                         0.612496, 0.476603, 0.630633, 0.000000,
                         0.000000, 0.685634, 0.000000, 1.000000;;
                      }
                    } // End of Armature_Bone_041
                  } // End of Armature_Bone_029
                } // End of Armature_Bone_028
              } // End of Armature_Bone_027
            } // End of Armature_Bone_026
          } // End of Armature_Bone_025
        } // End of Armature_Bone_024
      } // End of Armature_Bone_007
    } // End of Armature_Bone_006
    Frame Cube_001 {
      FrameTransformMatrix {
         1.000000, 0.000000, 0.000000, 0.000000,
         0.000000, 1.500000, 0.000000, 0.000000,
         0.000000, 0.000000, 0.900000, 0.000000,
         0.066644, 0.071414,-0.409563, 1.000000;;
      }
      Mesh { // Cube_001 mesh
        1800;
        -8.994600; 0.198956; 0.176564;,
        -8.994600; 0.185623; 0.176564;,
        -9.937475; 0.185623;-0.193601;,
        -9.937473; 0.198956;-0.193601;,
        -9.001263; 0.198956; 0.197517;,
        -9.944138; 0.198956;-0.172648;,
        -9.944138; 0.185623;-0.172648;,
        -9.001263; 0.185623; 0.197516;,
        -8.994600; 0.198956; 0.176564;,
        -9.001263; 0.198956; 0.197517;,
        -9.001263; 0.185623; 0.197516;,
        -8.994600; 0.185623; 0.176564;,
        -8.994600; 0.185623; 0.176564;,
        -9.001263; 0.185623; 0.197516;,
        -9.944138; 0.185623;-0.172648;,
        -9.937475; 0.185623;-0.193601;,
        -9.937475; 0.185623;-0.193601;,
        -9.944138; 0.185623;-0.172648;,
        -9.944138; 0.198956;-0.172648;,
        -9.937473; 0.198956;-0.193601;,
        -9.001263; 0.198956; 0.197517;,
        -8.994600; 0.198956; 0.176564;,
        -9.937473; 0.198956;-0.193601;,
        -9.944138; 0.198956;-0.172648;,
        -8.985004; 0.204665; 0.591156;,
        -8.985004; 0.191332; 0.591156;,
        -9.895954; 0.191332; 1.049505;,
        -9.895954; 0.204665; 1.049505;,
        -8.976753; 0.204665; 0.611399;,
        -9.887705; 0.204665; 1.069748;,
        -9.887705; 0.191332; 1.069749;,
        -8.976753; 0.191332; 0.611399;,
        -8.985004; 0.204665; 0.591156;,
        -8.976753; 0.204665; 0.611399;,
        -8.976753; 0.191332; 0.611399;,
        -8.985004; 0.191332; 0.591156;,
        -8.985004; 0.191332; 0.591156;,
        -8.976753; 0.191332; 0.611399;,
        -9.887705; 0.191332; 1.069749;,
        -9.895954; 0.191332; 1.049505;,
        -9.895954; 0.191332; 1.049505;,
        -9.887705; 0.191332; 1.069749;,
        -9.887705; 0.204665; 1.069748;,
        -9.895954; 0.204665; 1.049505;,
        -8.976753; 0.204665; 0.611399;,
        -8.985004; 0.204665; 0.591156;,
        -9.895954; 0.204665; 1.049505;,
        -9.887705; 0.204665; 1.069748;,
        -9.048664;-0.157707; 0.185305;,
        -9.039007;-0.169383; 0.185305;,
        -9.914738;-0.491250; 0.185305;,
        -9.924393;-0.479574; 0.185305;,
        -9.048662;-0.157707; 0.207527;,
        -9.924393;-0.479574; 0.207527;,
        -9.914738;-0.491250; 0.207527;,
        -9.039007;-0.169383; 0.207527;,
        -9.048664;-0.157707; 0.185305;,
        -9.048662;-0.157707; 0.207527;,
        -9.039007;-0.169383; 0.207527;,
        -9.039007;-0.169383; 0.185305;,
        -9.039007;-0.169383; 0.185305;,
        -9.039007;-0.169383; 0.207527;,
        -9.914738;-0.491250; 0.207527;,
        -9.914738;-0.491250; 0.185305;,
        -9.914738;-0.491250; 0.185305;,
        -9.914738;-0.491250; 0.207527;,
        -9.924393;-0.479574; 0.207527;,
        -9.924393;-0.479574; 0.185305;,
        -9.048662;-0.157707; 0.207527;,
        -9.048664;-0.157707; 0.185305;,
        -9.924393;-0.479574; 0.185305;,
        -9.924393;-0.479574; 0.207527;,
        -8.994600;-0.108525; 0.301790;,
        -8.994600;-0.121858; 0.301790;,
        -9.937475;-0.121858;-0.068374;,
        -9.937473;-0.108525;-0.068374;,
        -9.001263;-0.108525; 0.322743;,
        -9.944138;-0.108525;-0.047422;,
        -9.944138;-0.121858;-0.047422;,
        -9.001263;-0.121858; 0.322743;,
        -8.994600;-0.108525; 0.301790;,
        -9.001263;-0.108525; 0.322743;,
        -9.001263;-0.121858; 0.322743;,
        -8.994600;-0.121858; 0.301790;,
        -8.994600;-0.121858; 0.301790;,
        -9.001263;-0.121858; 0.322743;,
        -9.944138;-0.121858;-0.047422;,
        -9.937475;-0.121858;-0.068374;,
        -9.937475;-0.121858;-0.068374;,
        -9.944138;-0.121858;-0.047422;,
        -9.944138;-0.108525;-0.047422;,
        -9.937473;-0.108525;-0.068374;,
        -9.001263;-0.108525; 0.322743;,
        -8.994600;-0.108525; 0.301790;,
        -9.937473;-0.108525;-0.068374;,
        -9.944138;-0.108525;-0.047422;,
        -9.079620;-0.012582; 0.353105;,
        -9.088615;-0.024490; 0.353105;,
        -9.981745; 0.275377; 0.353105;,
        -9.972748; 0.287285; 0.353105;,
        -9.079618;-0.012582; 0.375327;,
        -9.972748; 0.287285; 0.375327;,
        -9.981745; 0.275377; 0.375327;,
        -9.088615;-0.024490; 0.375327;,
        -9.079620;-0.012582; 0.353105;,
        -9.079618;-0.012582; 0.375327;,
        -9.088615;-0.024490; 0.375327;,
        -9.088615;-0.024490; 0.353105;,
        -9.088615;-0.024490; 0.353105;,
        -9.088615;-0.024490; 0.375327;,
        -9.981745; 0.275377; 0.375327;,
        -9.981745; 0.275377; 0.353105;,
        -9.981745; 0.275377; 0.353105;,
        -9.981745; 0.275377; 0.375327;,
        -9.972748; 0.287285; 0.375327;,
        -9.972748; 0.287285; 0.353105;,
        -9.079618;-0.012582; 0.375327;,
        -9.079620;-0.012582; 0.353105;,
        -9.972748; 0.287285; 0.353105;,
        -9.972748; 0.287285; 0.375327;,
        -8.982145;-0.143802; 0.502990;,
        -8.976240;-0.156541; 0.502990;,
        -9.931665;-0.353363; 0.502990;,
        -9.937571;-0.340624; 0.502990;,
        -8.982143;-0.143802; 0.525213;,
        -9.937571;-0.340624; 0.525213;,
        -9.931665;-0.353363; 0.525213;,
        -8.976240;-0.156541; 0.525213;,
        -8.982145;-0.143802; 0.502990;,
        -8.982143;-0.143802; 0.525213;,
        -8.976240;-0.156541; 0.525213;,
        -8.976240;-0.156541; 0.502990;,
        -8.976240;-0.156541; 0.502990;,
        -8.976240;-0.156541; 0.525213;,
        -9.931665;-0.353363; 0.525213;,
        -9.931665;-0.353363; 0.502990;,
        -9.931665;-0.353363; 0.502990;,
        -9.931665;-0.353363; 0.525213;,
        -9.937571;-0.340624; 0.525213;,
        -9.937571;-0.340624; 0.502990;,
        -8.982143;-0.143802; 0.525213;,
        -8.982145;-0.143802; 0.502990;,
        -9.937571;-0.340624; 0.502990;,
        -9.937571;-0.340624; 0.525213;,
        -9.002682;-0.036251; 0.448221;,
        -9.002682;-0.049584; 0.448221;,
        -9.967712;-0.049584; 0.156951;,
        -9.967710;-0.036251; 0.156952;,
        -9.007925;-0.036251; 0.469666;,
        -9.972954;-0.036251; 0.178397;,
        -9.972954;-0.049584; 0.178397;,
        -9.007925;-0.049584; 0.469666;,
        -9.002682;-0.036251; 0.448221;,
        -9.007925;-0.036251; 0.469666;,
        -9.007925;-0.049584; 0.469666;,
        -9.002682;-0.049584; 0.448221;,
        -9.002682;-0.049584; 0.448221;,
        -9.007925;-0.049584; 0.469666;,
        -9.972954;-0.049584; 0.178397;,
        -9.967712;-0.049584; 0.156951;,
        -9.967712;-0.049584; 0.156951;,
        -9.972954;-0.049584; 0.178397;,
        -9.972954;-0.036251; 0.178397;,
        -9.967710;-0.036251; 0.156952;,
        -9.007925;-0.036251; 0.469666;,
        -9.002682;-0.036251; 0.448221;,
        -9.967710;-0.036251; 0.156952;,
        -9.972954;-0.036251; 0.178397;,
        -8.985004;-0.246575; 0.591156;,
        -8.985004;-0.259909; 0.591156;,
        -9.895954;-0.259909; 1.049505;,
        -9.895954;-0.246575; 1.049505;,
        -8.976753;-0.246575; 0.611399;,
        -9.887705;-0.246575; 1.069748;,
        -9.887705;-0.259909; 1.069749;,
        -8.976753;-0.259909; 0.611399;,
        -8.985004;-0.246575; 0.591156;,
        -8.976753;-0.246575; 0.611399;,
        -8.976753;-0.259909; 0.611399;,
        -8.985004;-0.259909; 0.591156;,
        -8.985004;-0.259909; 0.591156;,
        -8.976753;-0.259909; 0.611399;,
        -9.887705;-0.259909; 1.069749;,
        -9.895954;-0.259909; 1.049505;,
        -9.895954;-0.259909; 1.049505;,
        -9.887705;-0.259909; 1.069749;,
        -9.887705;-0.246575; 1.069748;,
        -9.895954;-0.246575; 1.049505;,
        -8.976753;-0.246575; 0.611399;,
        -8.985004;-0.246575; 0.591156;,
        -9.895954;-0.246575; 1.049505;,
        -9.887705;-0.246575; 1.069748;,
        -9.052420; 0.010258; 0.451467;,
        -9.052420;-0.003075; 0.451467;,
        -9.988544;-0.003075; 0.842212;,
        -9.988544; 0.010258; 0.842212;,
        -9.045387; 0.010258; 0.472270;,
        -9.981510; 0.010258; 0.863015;,
        -9.981510;-0.003075; 0.863015;,
        -9.045387;-0.003075; 0.472270;,
        -9.052420; 0.010258; 0.451467;,
        -9.045387; 0.010258; 0.472270;,
        -9.045387;-0.003075; 0.472270;,
        -9.052420;-0.003075; 0.451467;,
        -9.052420;-0.003075; 0.451467;,
        -9.045387;-0.003075; 0.472270;,
        -9.981510;-0.003075; 0.863015;,
        -9.988544;-0.003075; 0.842212;,
        -9.988544;-0.003075; 0.842212;,
        -9.981510;-0.003075; 0.863015;,
        -9.981510; 0.010258; 0.863015;,
        -9.988544; 0.010258; 0.842212;,
        -9.045387; 0.010258; 0.472270;,
        -9.052420; 0.010258; 0.451467;,
        -9.988544; 0.010258; 0.842212;,
        -9.981510; 0.010258; 0.863015;,
        -9.018265;-0.013631; 0.636199;,
        -9.020138;-0.026412; 0.630222;,
        -9.964521;-0.026412; 0.995602;,
        -9.962648;-0.013631; 1.001579;,
        -9.011959;-0.017429; 0.656316;,
        -9.956345;-0.017429; 1.021696;,
        -9.958218;-0.030210; 1.015719;,
        -9.013832;-0.030210; 0.650339;,
        -9.018265;-0.013631; 0.636199;,
        -9.011959;-0.017429; 0.656316;,
        -9.013832;-0.030210; 0.650339;,
        -9.020138;-0.026412; 0.630222;,
        -9.020138;-0.026412; 0.630222;,
        -9.013832;-0.030210; 0.650339;,
        -9.958218;-0.030210; 1.015719;,
        -9.964521;-0.026412; 0.995602;,
        -9.964521;-0.026412; 0.995602;,
        -9.958218;-0.030210; 1.015719;,
        -9.956345;-0.017429; 1.021696;,
        -9.962648;-0.013631; 1.001579;,
        -9.011959;-0.017429; 0.656316;,
        -9.018265;-0.013631; 0.636199;,
        -9.962648;-0.013631; 1.001579;,
        -9.956345;-0.017429; 1.021696;,
        -8.338259; 0.305876;-1.161885;,
        -8.338259; 0.293128;-1.168397;,
        -8.358259; 0.293128;-1.168397;,
        -8.358259; 0.305876;-1.161885;,
        -8.338259; 0.110511;-0.099554;,
        -8.358259; 0.110511;-0.099554;,
        -8.358259; 0.097763;-0.106066;,
        -8.338259; 0.097763;-0.106066;,
        -8.338259; 0.305876;-1.161885;,
        -8.338259; 0.110511;-0.099554;,
        -8.338259; 0.097763;-0.106066;,
        -8.338259; 0.293128;-1.168397;,
        -8.338259; 0.293128;-1.168397;,
        -8.338259; 0.097763;-0.106066;,
        -8.358259; 0.097763;-0.106066;,
        -8.358259; 0.293128;-1.168397;,
        -8.358259; 0.293128;-1.168397;,
        -8.358259; 0.097763;-0.106066;,
        -8.358259; 0.110511;-0.099554;,
        -8.358259; 0.305876;-1.161885;,
        -8.338259; 0.110511;-0.099554;,
        -8.338259; 0.305876;-1.161885;,
        -8.358259; 0.305876;-1.161885;,
        -8.358259; 0.110511;-0.099554;,
        -8.555664;-0.056846;-1.202837;,
        -8.555664;-0.070179;-1.202837;,
        -8.575665;-0.070179;-1.202837;,
        -8.575665;-0.056846;-1.202837;,
        -8.555664;-0.056846;-0.091725;,
        -8.575665;-0.056846;-0.091725;,
        -8.575665;-0.070179;-0.091725;,
        -8.555664;-0.070179;-0.091725;,
        -8.555664;-0.056846;-1.202837;,
        -8.555664;-0.056846;-0.091725;,
        -8.555664;-0.070179;-0.091725;,
        -8.555664;-0.070179;-1.202837;,
        -8.555664;-0.070179;-1.202837;,
        -8.555664;-0.070179;-0.091725;,
        -8.575665;-0.070179;-0.091725;,
        -8.575665;-0.070179;-1.202837;,
        -8.575665;-0.070179;-1.202837;,
        -8.575665;-0.070179;-0.091725;,
        -8.575665;-0.056846;-0.091725;,
        -8.575665;-0.056846;-1.202837;,
        -8.555664;-0.056846;-0.091725;,
        -8.555664;-0.056846;-1.202837;,
        -8.575665;-0.056846;-1.202837;,
        -8.575665;-0.056846;-0.091725;,
        -8.928633; 0.083324;-1.187276;,
        -8.928633; 0.069991;-1.187276;,
        -8.947672; 0.069991;-1.180467;,
        -8.947672; 0.083324;-1.180467;,
        -8.622232; 0.083324;-0.129607;,
        -8.641270; 0.083324;-0.122798;,
        -8.641270; 0.069991;-0.122798;,
        -8.622232; 0.069991;-0.129607;,
        -8.928633; 0.083324;-1.187276;,
        -8.622232; 0.083324;-0.129607;,
        -8.622232; 0.069991;-0.129607;,
        -8.928633; 0.069991;-1.187276;,
        -8.928633; 0.069991;-1.187276;,
        -8.622232; 0.069991;-0.129607;,
        -8.641270; 0.069991;-0.122798;,
        -8.947672; 0.069991;-1.180467;,
        -8.947672; 0.069991;-1.180467;,
        -8.641270; 0.069991;-0.122798;,
        -8.641270; 0.083324;-0.122798;,
        -8.947672; 0.083324;-1.180467;,
        -8.622232; 0.083324;-0.129607;,
        -8.928633; 0.083324;-1.187276;,
        -8.947672; 0.083324;-1.180467;,
        -8.641270; 0.083324;-0.122798;,
        -8.966518; 0.324268;-1.128704;,
        -8.966518; 0.311631;-1.135791;,
        -8.985365; 0.310207;-1.128739;,
        -8.985365; 0.322844;-1.121652;,
        -8.631697; 0.123941;-0.136388;,
        -8.650541; 0.122518;-0.129336;,
        -8.650541; 0.109881;-0.136422;,
        -8.631697; 0.111304;-0.143474;,
        -8.966518; 0.324268;-1.128704;,
        -8.631697; 0.123941;-0.136388;,
        -8.631697; 0.111304;-0.143474;,
        -8.966518; 0.311631;-1.135791;,
        -8.966518; 0.311631;-1.135791;,
        -8.631697; 0.111304;-0.143474;,
        -8.650541; 0.109881;-0.136422;,
        -8.985365; 0.310207;-1.128739;,
        -8.985365; 0.310207;-1.128739;,
        -8.650541; 0.109881;-0.136422;,
        -8.650541; 0.122518;-0.129336;,
        -8.985365; 0.322844;-1.121652;,
        -8.631697; 0.123941;-0.136388;,
        -8.966518; 0.324268;-1.128704;,
        -8.985365; 0.322844;-1.121652;,
        -8.650541; 0.122518;-0.129336;,
        -8.727091;-0.244604;-1.221346;,
        -8.724140;-0.257654;-1.218188;,
        -8.743921;-0.259590;-1.217596;,
        -8.746872;-0.246540;-1.220754;,
        -8.721664;-0.148267;-0.121914;,
        -8.741444;-0.150203;-0.121322;,
        -8.738495;-0.163254;-0.118163;,
        -8.718714;-0.161318;-0.118755;,
        -8.727091;-0.244604;-1.221346;,
        -8.721664;-0.148267;-0.121914;,
        -8.718714;-0.161318;-0.118755;,
        -8.724140;-0.257654;-1.218188;,
        -8.724140;-0.257654;-1.218188;,
        -8.718714;-0.161318;-0.118755;,
        -8.738495;-0.163254;-0.118163;,
        -8.743921;-0.259590;-1.217596;,
        -8.743921;-0.259590;-1.217596;,
        -8.738495;-0.163254;-0.118163;,
        -8.741444;-0.150203;-0.121322;,
        -8.746872;-0.246540;-1.220754;,
        -8.721664;-0.148267;-0.121914;,
        -8.727091;-0.244604;-1.221346;,
        -8.746872;-0.246540;-1.220754;,
        -8.741444;-0.150203;-0.121322;,
        -8.948967; 0.076487;-1.275849;,
        -8.948967; 0.063153;-1.275849;,
        -8.967920; 0.063153;-1.268754;,
        -8.967920; 0.076487;-1.268754;,
        -8.629662; 0.076487;-0.222902;,
        -8.648615; 0.076487;-0.215807;,
        -8.648615; 0.063153;-0.215807;,
        -8.629662; 0.063153;-0.222902;,
        -8.948967; 0.076487;-1.275849;,
        -8.629662; 0.076487;-0.222902;,
        -8.629662; 0.063153;-0.222902;,
        -8.948967; 0.063153;-1.275849;,
        -8.948967; 0.063153;-1.275849;,
        -8.629662; 0.063153;-0.222902;,
        -8.648615; 0.063153;-0.215807;,
        -8.967920; 0.063153;-1.268754;,
        -8.967920; 0.063153;-1.268754;,
        -8.648615; 0.063153;-0.215807;,
        -8.648615; 0.076487;-0.215807;,
        -8.967920; 0.076487;-1.268754;,
        -8.629662; 0.076487;-0.222902;,
        -8.948967; 0.076487;-1.275849;,
        -8.967920; 0.076487;-1.268754;,
        -8.648615; 0.076487;-0.215807;,
        -8.313152;-0.338862;-1.304256;,
        -8.313152;-0.351931;-1.299851;,
        -8.333153;-0.351931;-1.299851;,
        -8.333153;-0.338862;-1.304256;,
        -8.313152;-0.206731;-0.215186;,
        -8.333153;-0.206731;-0.215186;,
        -8.333153;-0.219800;-0.210782;,
        -8.313152;-0.219800;-0.210782;,
        -8.313152;-0.338862;-1.304256;,
        -8.313152;-0.206731;-0.215186;,
        -8.313152;-0.219800;-0.210782;,
        -8.313152;-0.351931;-1.299851;,
        -8.313152;-0.351931;-1.299851;,
        -8.313152;-0.219800;-0.210782;,
        -8.333153;-0.219800;-0.210782;,
        -8.333153;-0.351931;-1.299851;,
        -8.333153;-0.351931;-1.299851;,
        -8.333153;-0.219800;-0.210782;,
        -8.333153;-0.206731;-0.215186;,
        -8.333153;-0.338862;-1.304256;,
        -8.313152;-0.206731;-0.215186;,
        -8.313152;-0.338862;-1.304256;,
        -8.333153;-0.338862;-1.304256;,
        -8.333153;-0.206731;-0.215186;,
        -8.855938; 0.933980; 0.876751;,
        -8.855938; 0.306945; 0.499363;,
        -8.875938; 0.306945; 0.499363;,
        -8.875938; 0.933980; 0.876751;,
        -8.855938; 0.929451; 0.897652;,
        -8.875938; 0.929451; 0.897652;,
        -8.875938; 0.302417; 0.520264;,
        -8.855938; 0.302416; 0.520264;,
        -8.855938; 0.933980; 0.876751;,
        -8.855938; 0.929451; 0.897652;,
        -8.855938; 0.302416; 0.520264;,
        -8.855938; 0.306945; 0.499363;,
        -8.855938; 0.306945; 0.499363;,
        -8.855938; 0.302416; 0.520264;,
        -8.875938; 0.302417; 0.520264;,
        -8.875938; 0.306945; 0.499363;,
        -8.875938; 0.306945; 0.499363;,
        -8.875938; 0.302417; 0.520264;,
        -8.875938; 0.929451; 0.897652;,
        -8.875938; 0.933980; 0.876751;,
        -8.855938; 0.929451; 0.897652;,
        -8.855938; 0.933980; 0.876751;,
        -8.875938; 0.933980; 0.876751;,
        -8.875938; 0.929451; 0.897652;,
        -8.361599; 0.977465; 0.154116;,
        -8.361599; 0.318839; 0.326163;,
        -8.381599; 0.318839; 0.326163;,
        -8.381599; 0.977465; 0.154116;,
        -8.361599; 0.979530; 0.176070;,
        -8.381599; 0.979530; 0.176070;,
        -8.381599; 0.320904; 0.348117;,
        -8.361599; 0.320903; 0.348117;,
        -8.361599; 0.977465; 0.154116;,
        -8.361599; 0.979530; 0.176070;,
        -8.361599; 0.320903; 0.348117;,
        -8.361599; 0.318839; 0.326163;,
        -8.361599; 0.318839; 0.326163;,
        -8.361599; 0.320903; 0.348117;,
        -8.381599; 0.320904; 0.348117;,
        -8.381599; 0.318839; 0.326163;,
        -8.381599; 0.318839; 0.326163;,
        -8.381599; 0.320904; 0.348117;,
        -8.381599; 0.979530; 0.176070;,
        -8.381599; 0.977465; 0.154116;,
        -8.361599; 0.979530; 0.176070;,
        -8.361599; 0.977465; 0.154116;,
        -8.381599; 0.977465; 0.154116;,
        -8.381599; 0.979530; 0.176070;,
        -8.879242; 0.887733;-0.166862;,
        -8.879242; 0.248360; 0.147811;,
        -8.899242; 0.248360; 0.147811;,
        -8.899242; 0.887733;-0.166862;,
        -8.879242; 0.891509;-0.145550;,
        -8.899242; 0.891509;-0.145550;,
        -8.899242; 0.252137; 0.169123;,
        -8.879242; 0.252136; 0.169123;,
        -8.879242; 0.887733;-0.166862;,
        -8.879242; 0.891509;-0.145550;,
        -8.879242; 0.252136; 0.169123;,
        -8.879242; 0.248360; 0.147811;,
        -8.879242; 0.248360; 0.147811;,
        -8.879242; 0.252136; 0.169123;,
        -8.899242; 0.252137; 0.169123;,
        -8.899242; 0.248360; 0.147811;,
        -8.899242; 0.248360; 0.147811;,
        -8.899242; 0.252137; 0.169123;,
        -8.899242; 0.891509;-0.145550;,
        -8.899242; 0.887733;-0.166862;,
        -8.879242; 0.891509;-0.145550;,
        -8.879242; 0.887733;-0.166862;,
        -8.899242; 0.887733;-0.166862;,
        -8.899242; 0.891509;-0.145550;,
        -8.508675; 0.958408; 1.055888;,
        -8.508675; 0.339763; 0.641820;,
        -8.528675; 0.339763; 0.641820;,
        -8.528675; 0.958408; 1.055888;,
        -8.508675; 0.953439; 1.076509;,
        -8.528675; 0.953439; 1.076509;,
        -8.528675; 0.334794; 0.662441;,
        -8.508675; 0.334794; 0.662441;,
        -8.508675; 0.958408; 1.055888;,
        -8.508675; 0.953439; 1.076509;,
        -8.508675; 0.334794; 0.662441;,
        -8.508675; 0.339763; 0.641820;,
        -8.508675; 0.339763; 0.641820;,
        -8.508675; 0.334794; 0.662441;,
        -8.528675; 0.334794; 0.662441;,
        -8.528675; 0.339763; 0.641820;,
        -8.528675; 0.339763; 0.641820;,
        -8.528675; 0.334794; 0.662441;,
        -8.528675; 0.953439; 1.076509;,
        -8.528675; 0.958408; 1.055888;,
        -8.508675; 0.953439; 1.076509;,
        -8.508675; 0.958408; 1.055888;,
        -8.528675; 0.958408; 1.055888;,
        -8.528675; 0.953439; 1.076509;,
        -8.628048; 0.949895; 0.688627;,
        -8.628048; 0.298205; 0.454432;,
        -8.648048; 0.298206; 0.454432;,
        -8.648048; 0.949895; 0.688627;,
        -8.628048; 0.947085; 0.710350;,
        -8.648048; 0.947085; 0.710350;,
        -8.648048; 0.295395; 0.476155;,
        -8.628048; 0.295395; 0.476155;,
        -8.628048; 0.949895; 0.688627;,
        -8.628048; 0.947085; 0.710350;,
        -8.628048; 0.295395; 0.476155;,
        -8.628048; 0.298205; 0.454432;,
        -8.628048; 0.298205; 0.454432;,
        -8.628048; 0.295395; 0.476155;,
        -8.648048; 0.295395; 0.476155;,
        -8.648048; 0.298206; 0.454432;,
        -8.648048; 0.298206; 0.454432;,
        -8.648048; 0.295395; 0.476155;,
        -8.648048; 0.947085; 0.710350;,
        -8.648048; 0.949895; 0.688627;,
        -8.628048; 0.947085; 0.710350;,
        -8.628048; 0.949895; 0.688627;,
        -8.648048; 0.949895; 0.688627;,
        -8.648048; 0.947085; 0.710350;,
        -8.727753; 0.870947; 0.145671;,
        -8.727753; 0.255563; 0.573025;,
        -8.747753; 0.255564; 0.573025;,
        -8.747753; 0.870947; 0.145671;,
        -8.727753; 0.876075; 0.166184;,
        -8.747753; 0.876076; 0.166184;,
        -8.747753; 0.260692; 0.593538;,
        -8.727753; 0.260692; 0.593538;,
        -8.727753; 0.870947; 0.145671;,
        -8.727753; 0.876075; 0.166184;,
        -8.727753; 0.260692; 0.593538;,
        -8.727753; 0.255563; 0.573025;,
        -8.727753; 0.255563; 0.573025;,
        -8.727753; 0.260692; 0.593538;,
        -8.747753; 0.260692; 0.593538;,
        -8.747753; 0.255564; 0.573025;,
        -8.747753; 0.255564; 0.573025;,
        -8.747753; 0.260692; 0.593538;,
        -8.747753; 0.876076; 0.166184;,
        -8.747753; 0.870947; 0.145671;,
        -8.727753; 0.876075; 0.166184;,
        -8.727753; 0.870947; 0.145671;,
        -8.747753; 0.870947; 0.145671;,
        -8.747753; 0.876076; 0.166184;,
         4.952934; 0.066667; 0.331798;,
         4.952934;-0.066667; 0.331798;,
         4.652934;-0.066667; 0.909149;,
         4.652934; 0.066667; 0.909149;,
         5.126139; 0.066667; 0.442909;,
         4.826139; 0.066667; 1.020260;,
         4.826139;-0.066667; 1.020260;,
         5.126139;-0.066667; 0.442910;,
         4.952934; 0.066667; 0.331798;,
         5.126139; 0.066667; 0.442909;,
         5.126139;-0.066667; 0.442910;,
         4.952934;-0.066667; 0.331798;,
