xof 0303txt 0032

template XSkinMeshHeader {
  <3cf169ce-ff7c-44ab-93c0-f78f62d172e2>
  WORD nMaxSkinWeightsPerVertex;
  WORD nMaxSkinWeightsPerFace;
  WORD nBones;
}

template SkinWeights {
  <6f0d123b-bad2-4167-a0d0-80224f25fabb>
  STRING transformNodeName;
  DWORD nWeights;
  array DWORD vertexIndices[nWeights];
  array float weights[nWeights];
  Matrix4x4 matrixOffset;
}

Frame Root {
  FrameTransformMatrix {
     1.000000, 0.000000, 0.000000, 0.000000,
     0.000000,-0.000000, 1.000000, 0.000000,
     0.000000, 1.000000, 0.000000, 0.000000,
     0.000000, 0.000000, 0.000000, 1.000000;;
  }
  Frame Armature {
    FrameTransformMatrix {
       1.000000, 0.000000, 0.000000, 0.000000,
       0.000000, 1.000000, 0.000000, 0.000000,
       0.000000, 0.000000, 1.000000, 0.000000,
      -0.101649, 0.093433, 1.340790, 1.000000;;
    }
    Frame Armature_torso {
      FrameTransformMatrix {
         0.982405, 0.000273,-0.186761, 0.000000,
         0.186761,-0.000283, 0.982405, 0.000000,
         0.000215,-1.000000,-0.000329, 0.000000,
         0.000000,-0.102953, 2.292747, 1.000000;;
      }
      Frame Armature_collo {
        FrameTransformMatrix {
           1.000000, 0.000000, 0.000000, 0.000000,
          -0.000000, 1.000000,-0.000393, 0.000000,
          -0.000000, 0.000393, 1.000000, 0.000000,
          -0.000000, 1.737539,-0.000000, 1.000000;;
        }
        Frame Armature_baseantennal {
          FrameTransformMatrix {
             0.999595, 0.002086, 0.028378, 0.000000,
             0.002174, 0.988796,-0.149259, 0.000000,
            -0.028372, 0.149261, 0.988391, 0.000000,
            -0.145644, 1.448594,-0.289432, 1.000000;;
          }
          Frame Armature_antennal {
            FrameTransformMatrix {
               0.994517, 0.028685, 0.100561, 0.000000,
               0.029266, 0.846864,-0.531004, 0.000000,
              -0.100393, 0.531036, 0.841381, 0.000000,
               0.000000, 0.209476,-0.000000, 1.000000;;
            }
          } // End of Armature_antennal
        } // End of Armature_baseantennal
        Frame Armature_baseantennar {
          FrameTransformMatrix {
             0.999624, 0.002017,-0.027328, 0.000000,
             0.001933, 0.989609, 0.143769, 0.000000,
             0.027334,-0.143767, 0.989234, 0.000000,
            -0.144908, 1.457689, 0.323287, 1.000000;;
          }
          Frame Armature_antennar {
            FrameTransformMatrix {
               0.997070, 0.015529,-0.074905, 0.000000,
               0.015298, 0.918920, 0.394146, 0.000000,
               0.074952,-0.394137, 0.915990, 0.000000,
               0.000000, 0.190226,-0.000000, 1.000000;;
            }
          } // End of Armature_antennar
        } // End of Armature_baseantennar
        Frame Armature_facciadentro {
          FrameTransformMatrix {
             0.669299,-0.742993, 0.000000, 0.000000,
             0.742993, 0.669299, 0.000000, 0.000000,
            -0.000000, 0.000000, 1.000000, 0.000000,
            -0.000000, 0.924658,-0.000000, 1.000000;;
          }
          Frame Armature_splancnocranio {
            FrameTransformMatrix {
               0.000000, 0.000000, 1.000000, 0.000000,
               0.830496, 0.557025,-0.000000, 0.000000,
              -0.557025, 0.830496, 0.000000, 0.000000,
               0.000000, 0.413494, 0.000000, 1.000000;;
            }
            Frame Armature_boccagiu {
              FrameTransformMatrix {
                 1.000000,-0.000000, 0.000000, 0.000000,
                -0.000000, 0.954819, 0.297187, 0.000000,
                -0.000000,-0.297187, 0.954819, 0.000000,
                -0.000000, 0.439902,-0.130386, 1.000000;;
              }
            } // End of Armature_boccagiu
            Frame Armature_boccasopra {
              FrameTransformMatrix {
                 1.000000,-0.000000, 0.000000, 0.000000,
                -0.000000, 0.969716, 0.244236, 0.000000,
                -0.000000,-0.244236, 0.969716, 0.000000,
                 0.000000, 0.414029, 0.000001, 1.000000;;
              }
            } // End of Armature_boccasopra
          } // End of Armature_splancnocranio
        } // End of Armature_facciadentro
      } // End of Armature_collo
      Frame Armature_spallal {
        FrameTransformMatrix {
          -0.316743,-0.060149, 0.946602, 0.000000,
           0.482881,-0.869204, 0.106347, 0.000000,
           0.816394, 0.490781, 0.304359, 0.000000,
          -0.073361, 1.737307,-0.589879, 1.000000;;
        }
        Frame Armature_omerol {
          FrameTransformMatrix {
             1.000000, 0.000000, 0.000000, 0.000000,
             0.000000, 0.994426,-0.105436, 0.000000,
            -0.000000, 0.105436, 0.994426, 0.000000,
            -0.000000, 0.438393, 0.000000, 1.000000;;
          }
          Frame Armature_avambl {
            FrameTransformMatrix {
               1.000000,-0.000569,-0.000104, 0.000000,
              -0.000504,-0.945255, 0.326333, 0.000000,
              -0.000284,-0.326333,-0.945255, 0.000000,
               0.000000, 1.741945, 0.000000, 1.000000;;
            }
            Frame Armature_manol {
              FrameTransformMatrix {
                 1.000000,-0.000424,-0.000352, 0.000000,
                -0.000551,-0.782502,-0.622648, 0.000000,
                -0.000011, 0.622648,-0.782502, 0.000000,
                 0.000000, 2.021899,-0.000000, 1.000000;;
              }
              Frame Armature_clawl {
                FrameTransformMatrix {
                   0.000017, 0.864537, 0.502569, 0.000000,
                   0.000157, 0.502569,-0.864537, 0.000000,
                  -1.000000, 0.000094,-0.000127, 0.000000,
                  -0.000000, 1.783048,-0.000000, 1.000000;;
                }
              } // End of Armature_clawl
            } // End of Armature_manol
          } // End of Armature_avambl
        } // End of Armature_omerol
      } // End of Armature_spallal
      Frame Armature_spallar {
        FrameTransformMatrix {
           0.441611, 0.084040, 0.893262, 0.000000,
           0.614354,-0.753907,-0.232795, 0.000000,
           0.653872, 0.651584,-0.384564, 0.000000,
          -0.073361, 1.737768, 0.584157, 1.000000;;
        }
        Frame Armature_omeror {
          FrameTransformMatrix {
             1.000000, 0.000000, 0.000000, 0.000000,
             0.000000, 0.994426,-0.105436, 0.000000,
            -0.000000, 0.105436, 0.994426, 0.000000,
             0.000000, 0.438394,-0.000000, 1.000000;;
          }
          Frame Armature_avambr {
            FrameTransformMatrix {
               1.000000,-0.000565,-0.000048, 0.000000,
              -0.000465,-0.864314, 0.502953, 0.000000,
              -0.000325,-0.502953,-0.864314, 0.000000,
              -0.000000, 1.741945,-0.000000, 1.000000;;
            }
            Frame Armature_manor {
              FrameTransformMatrix {
                 1.000000,-0.000437,-0.000345, 0.000000,
                -0.000556,-0.811454,-0.584416, 0.000000,
                -0.000025, 0.584416,-0.811454, 0.000000,
                 0.000000, 2.021898, 0.000000, 1.000000;;
              }
              Frame Armature_clawr {
                FrameTransformMatrix {
                   0.000017, 0.860037, 0.510231, 0.000000,
                   0.000159, 0.510232,-0.860037, 0.000000,
                  -1.000000, 0.000096,-0.000128, 0.000000,
                   0.000000, 1.783048,-0.000000, 1.000000;;
                }
              } // End of Armature_clawr
            } // End of Armature_manor
          } // End of Armature_avambr
        } // End of Armature_omeror
      } // End of Armature_spallar
    } // End of Armature_torso
    Frame Armature_panciasu {
      FrameTransformMatrix {
         0.314974, 0.000000,-0.949100, 0.000000,
        -0.949100, 0.000000,-0.314974, 0.000000,
         0.000000, 1.000000, 0.000000, 0.000000,
         0.000000,-0.102618, 2.279891, 1.000000;;
      }
      Frame Armature__1ld {
        FrameTransformMatrix {
          -0.155518, 0.468616,-0.869605, 0.000000,
           0.653822, 0.708728, 0.264994, 0.000000,
           0.740493,-0.527356,-0.416611, 0.000000,
          -0.070306, 1.084543, 0.782287, 1.000000;;
        }
        Frame Armature__2ld {
          FrameTransformMatrix {
             1.000000, 0.000000, 0.000000, 0.000000,
            -0.000000, 1.000000,-0.000000, 0.000000,
            -0.000000, 0.000000, 1.000000, 0.000000,
            -0.000000, 0.495652, 0.000000, 1.000000;;
          }
          Frame Armature__3ld {
            FrameTransformMatrix {
               0.999194,-0.034610,-0.020332, 0.000000,
              -0.025120,-0.144077,-0.989248, 0.000000,
               0.031308, 0.988961,-0.144830, 0.000000,
               0.000000, 1.392104, 0.000000, 1.000000;;
            }
            Frame Armature__4ld {
              FrameTransformMatrix {
                 1.000000, 0.000000,-0.000000, 0.000000,
                 0.000000,-0.645757, 0.763543, 0.000000,
                 0.000000,-0.763543,-0.645757, 0.000000,
                 0.000000, 2.677986, 0.000000, 1.000000;;
              }
            } // End of Armature__4ld
          } // End of Armature__3ld
        } // End of Armature__2ld
      } // End of Armature__1ld
      Frame Armature__1lu {
        FrameTransformMatrix {
           0.236978,-0.714077,-0.658737, 0.000000,
           0.923997,-0.043799, 0.379883, 0.000000,
          -0.300117,-0.698695, 0.649426, 0.000000,
          -0.070306, 0.156265, 0.782287, 1.000000;;
        }
        Frame Armature__2lu {
          FrameTransformMatrix {
             0.999570,-0.025055, 0.015225, 0.000000,
             0.025551, 0.999119,-0.033293, 0.000000,
            -0.014377, 0.033668, 0.999330, 0.000000,
             0.000000, 0.495652, 0.000000, 1.000000;;
          }
          Frame Armature__3lu {
            FrameTransformMatrix {
               1.000000, 0.000000,-0.000000, 0.000000,
               0.000000,-0.110238, 0.993905, 0.000000,
               0.000000,-0.993905,-0.110238, 0.000000,
              -0.000000, 1.392104,-0.000000, 1.000000;;
            }
            Frame Armature__4lu {
              FrameTransformMatrix {
                 1.000000,-0.000000, 0.000000, 0.000000,
                -0.000000,-0.461903,-0.886931, 0.000000,
                 0.000000, 0.886931,-0.461903, 0.000000,
                -0.000000, 2.677986,-0.000000, 1.000000;;
              }
            } // End of Armature__4lu
          } // End of Armature__3lu
        } // End of Armature__2lu
      } // End of Armature__1lu
      Frame Armature__1rd {
        FrameTransformMatrix {
           0.084874,-0.255746,-0.963011, 0.000000,
           0.669997, 0.730018,-0.134821, 0.000000,
           0.737496,-0.633772, 0.233309, 0.000000,
          -0.070306, 1.100587,-0.747278, 1.000000;;
        }
        Frame Armature__2rd {
          FrameTransformMatrix {
             1.000000, 0.000000, 0.000000, 0.000000,
            -0.000000, 1.000000, 0.000000, 0.000000,
            -0.000000, 0.000000, 1.000000, 0.000000,
            -0.000000, 0.495652, 0.000000, 1.000000;;
          }
          Frame Armature__3rd {
            FrameTransformMatrix {
               0.999009, 0.040191, 0.019134, 0.000000,
               0.027019,-0.205918,-0.978196, 0.000000,
              -0.035374, 0.977744,-0.206800, 0.000000,
               0.000000, 1.392104,-0.000000, 1.000000;;
            }
            Frame Armature__4rd {
              FrameTransformMatrix {
                 1.000000,-0.000000,-0.000000, 0.000000,
                -0.000000,-0.509739, 0.860329, 0.000000,
                -0.000000,-0.860329,-0.509739, 0.000000,
                 0.000000, 2.677986, 0.000000, 1.000000;;
              }
            } // End of Armature__4rd
          } // End of Armature__3rd
        } // End of Armature__2rd
      } // End of Armature__1rd
      Frame Armature__1ru {
        FrameTransformMatrix {
          -0.181664, 0.547402,-0.816914, 0.000000,
           0.981836, 0.054732,-0.181664, 0.000000,
          -0.054732,-0.835078,-0.547402, 0.000000,
          -0.070306, 0.156265,-0.782426, 1.000000;;
        }
        Frame Armature__2ru {
          FrameTransformMatrix {
             0.994093,-0.097674, 0.047306, 0.000000,
             0.104596, 0.978531,-0.177586, 0.000000,
            -0.028945, 0.181485, 0.982968, 0.000000,
             0.000000, 0.495652, 0.000000, 1.000000;;
          }
          Frame Armature__3ru {
            FrameTransformMatrix {
               0.982252,-0.172812, 0.072923, 0.000000,
              -0.156887,-0.543863, 0.824378, 0.000000,
              -0.102803,-0.821188,-0.561322, 0.000000,
              -0.000000, 1.392359, 0.000000, 1.000000;;
            }
            Frame Armature__4ru {
              FrameTransformMatrix {
                 0.997119,-0.067683,-0.034241, 0.000000,
                -0.069376,-0.631264,-0.772459, 0.000000,
                 0.030667, 0.772609,-0.634141, 0.000000,
                -0.000000, 2.677986,-0.000000, 1.000000;;
              }
            } // End of Armature__4ru
          } // End of Armature__3ru
        } // End of Armature__2ru
      } // End of Armature__1ru
      Frame Armature_alald {
        FrameTransformMatrix {
           0.999668,-0.025781, 0.000000, 0.000000,
           0.025781, 0.999668, 0.000000, 0.000000,
          -0.000000, 0.000000, 1.000000, 0.000000,
          -0.172316, 1.120705, 0.479924, 1.000000;;
        }
        Frame Armature_alald1 {
          FrameTransformMatrix {
             0.974037, 0.226371, 0.002903, 0.000000,
            -0.226386, 0.974014, 0.006855, 0.000000,
            -0.001275,-0.007334, 0.999972, 0.000000,
            -0.000000, 0.360038, 0.000000, 1.000000;;
          }
        } // End of Armature_alald1
      } // End of Armature_alald
      Frame Armature_alalu {
        FrameTransformMatrix {
          -0.160750,-0.000000, 0.986995, 0.000000,
          -0.971004,-0.179280,-0.158145, 0.000000,
           0.176949,-0.983798, 0.028819, 0.000000,
          -0.117316, 0.210291, 0.366660, 1.000000;;
        }
        Frame Armature_alalu1 {
          FrameTransformMatrix {
            -0.142929,-0.988990, 0.038332, 0.000000,
             0.000289,-0.038771,-0.999248, 0.000000,
             0.989733,-0.142811, 0.005827, 0.000000,
             0.000000, 0.189932, 0.000000, 1.000000;;
          }
        } // End of Armature_alalu1
      } // End of Armature_alalu
      Frame Armature_alard {
        FrameTransformMatrix {
           0.999668,-0.025781, 0.000000, 0.000000,
           0.025781, 0.999668, 0.000000, 0.000000,
          -0.000000, 0.000000, 1.000000, 0.000000,
          -0.172316, 1.120705,-0.312420, 1.000000;;
        }
        Frame Armature_alard1 {
          FrameTransformMatrix {
             0.972347, 0.232376,-0.023298, 0.000000,
            -0.231861, 0.972481, 0.022850, 0.000000,
             0.027967,-0.016816, 0.999467, 0.000000,
            -0.000000, 0.360038, 0.000000, 1.000000;;
          }
        } // End of Armature_alard1
      } // End of Armature_alard
      Frame Armature_alaru {
        FrameTransformMatrix {
          -0.160750,-0.000000, 0.986995, 0.000000,
          -0.971004,-0.179280,-0.158145, 0.000000,
           0.176949,-0.983798, 0.028819, 0.000000,
          -0.117316, 0.210291,-0.321894, 1.000000;;
        }
        Frame Armature_alaru1 {
          FrameTransformMatrix {
            -0.138926,-0.989705, 0.034407, 0.000000,
            -0.012844,-0.032940,-0.999375, 0.000000,
             0.990219,-0.139281,-0.008136, 0.000000,
            -0.000000, 0.189932, 0.000000, 1.000000;;
          }
        } // End of Armature_alaru1
      } // End of Armature_alaru
      Frame Armature_panciagiu {
        FrameTransformMatrix {
           0.984441,-0.175715,-0.000000, 0.000000,
           0.175715, 0.984441, 0.000000, 0.000000,
           0.000000,-0.000000, 1.000000, 0.000000,
           0.000000, 0.758624, 0.000000, 1.000000;;
        }
        Frame Armature_addome {
          FrameTransformMatrix {
             0.946008, 0.324145, 0.000000, 0.000000,
            -0.324145, 0.946007,-0.000000, 0.000000,
            -0.000000,-0.000000, 1.000000, 0.000000,
             0.000000, 0.805249,-0.000000, 1.000000;;
          }
        } // End of Armature_addome
      } // End of Armature_panciagiu
    } // End of Armature_panciasu
    Frame Cube {
      FrameTransformMatrix {
        -0.216228, 0.000000,-0.003774, 0.000000,
         0.000000, 0.510848, 0.000000, 0.000000,
        -0.015609, 0.000000, 0.894247, 0.000000,
         0.101649,-0.093433, 0.590387, 1.000000;;
      }
      Mesh { // Cube mesh
        1680;
         1.649575; 0.971004;-2.660264;,
         1.163087; 0.971004;-2.660264;,
         1.163087; 0.436442;-2.660264;,
         1.649575; 0.436442;-2.660264;,
         1.649575; 0.971004;-2.243671;,
         1.649574; 0.436442;-2.243671;,
         1.163087; 0.436442;-2.243671;,
         1.163087; 0.971004;-2.243671;,
         1.649575; 0.971004;-2.660264;,
         1.649575; 0.436442;-2.660264;,
         1.649574; 0.436442;-2.243671;,
         1.649575; 0.971004;-2.243671;,
         1.649575; 0.436442;-2.660264;,
         1.163087; 0.436442;-2.660264;,
         1.163087; 0.436442;-2.243671;,
         1.649574; 0.436442;-2.243671;,
         1.163087; 0.436442;-2.660264;,
         1.163087; 0.971004;-2.660264;,
         1.163087; 0.971004;-2.243671;,
         1.163087; 0.436442;-2.243671;,
         1.649575; 0.971004;-2.243671;,
         1.163087; 0.971004;-2.243671;,
         1.163087; 0.971004;-2.660264;,
         1.649575; 0.971004;-2.660264;,
         1.474394; 1.547752;-6.963390;,
         1.403314; 1.547753;-6.963390;,
         1.403314; 0.073842;-6.963390;,
         1.474394; 0.073842;-6.963390;,
         1.474394; 1.547752;-2.663010;,
         1.474394; 0.073842;-2.663010;,
         1.403314; 0.073842;-2.663010;,
         1.403314; 1.547752;-2.663010;,
         1.474394; 1.547752;-6.963390;,
         1.474394; 0.073842;-6.963390;,
         1.474394; 0.073842;-2.663010;,
         1.474394; 1.547752;-2.663010;,
         1.474394; 0.073842;-6.963390;,
         1.403314; 0.073842;-6.963390;,
         1.403314; 0.073842;-2.663010;,
         1.474394; 0.073842;-2.663010;,
         1.403314; 0.073842;-6.963390;,
         1.403314; 1.547753;-6.963390;,
         1.403314; 1.547752;-2.663010;,
         1.403314; 0.073842;-2.663010;,
         1.474394; 1.547752;-2.663010;,
         1.403314; 1.547752;-2.663010;,
         1.403314; 1.547753;-6.963390;,
         1.474394; 1.547752;-6.963390;,
         1.474394;-0.081547;-6.963390;,
         1.403314;-0.081547;-6.963390;,
         1.403314;-1.592010;-6.963390;,
         1.474394;-1.592010;-6.963390;,
         1.474394;-0.081548;-2.659878;,
         1.474394;-1.592011;-2.659878;,
         1.403314;-1.592010;-2.659878;,
         1.403314;-0.081547;-2.659878;,
         1.474394;-0.081547;-6.963390;,
         1.474394;-1.592010;-6.963390;,
         1.474394;-1.592011;-2.659878;,
         1.474394;-0.081548;-2.659878;,
         1.474394;-1.592010;-6.963390;,
         1.403314;-1.592010;-6.963390;,
         1.403314;-1.592010;-2.659878;,
         1.474394;-1.592011;-2.659878;,
         1.403314;-1.592010;-6.963390;,
         1.403314;-0.081547;-6.963390;,
         1.403314;-0.081547;-2.659878;,
         1.403314;-1.592010;-2.659878;,
         1.474394;-0.081548;-2.659878;,
         1.403314;-0.081547;-2.659878;,
         1.403314;-0.081547;-6.963390;,
         1.474394;-0.081547;-6.963390;,
         1.649575;-0.443554;-2.660264;,
         1.163087;-0.443554;-2.660264;,
         1.163087;-0.978116;-2.660264;,
         1.649575;-0.978116;-2.660264;,
         1.649575;-0.443554;-2.243671;,
         1.649574;-0.978116;-2.243671;,
         1.163087;-0.978116;-2.243671;,
         1.163087;-0.443554;-2.243671;,
         1.649575;-0.443554;-2.660264;,
         1.649575;-0.978116;-2.660264;,
         1.649574;-0.978116;-2.243671;,
         1.649575;-0.443554;-2.243671;,
         1.649575;-0.978116;-2.660264;,
         1.163087;-0.978116;-2.660264;,
         1.163087;-0.978116;-2.243671;,
         1.649574;-0.978116;-2.243671;,
         1.163087;-0.978116;-2.660264;,
         1.163087;-0.443554;-2.660264;,
         1.163087;-0.443554;-2.243671;,
         1.163087;-0.978116;-2.243671;,
         1.649575;-0.443554;-2.243671;,
         1.163087;-0.443554;-2.243671;,
         1.163087;-0.443554;-2.660264;,
         1.649575;-0.443554;-2.660264;,
         1.783790;-0.443554;-1.442109;,
         1.166545;-0.443554;-1.442109;,
         1.166545;-0.978116;-1.442109;,
         1.783790;-0.978116;-1.442109;,
         1.783790;-0.443554;-1.025516;,
         1.783790;-0.978116;-1.025516;,
         1.166545;-0.978116;-1.025516;,
         1.166545;-0.443554;-1.025516;,
         1.783790;-0.443554;-1.442109;,
         1.783790;-0.978116;-1.442109;,
         1.783790;-0.978116;-1.025516;,
         1.783790;-0.443554;-1.025516;,
         1.783790;-0.978116;-1.442109;,
         1.166545;-0.978116;-1.442109;,
         1.166545;-0.978116;-1.025516;,
         1.783790;-0.978116;-1.025516;,
         1.166545;-0.978116;-1.442109;,
         1.166545;-0.443554;-1.442109;,
         1.166545;-0.443554;-1.025516;,
         1.166545;-0.978116;-1.025516;,
         1.783790;-0.443554;-1.025516;,
         1.166545;-0.443554;-1.025516;,
         1.166545;-0.443554;-1.442109;,
         1.783790;-0.443554;-1.442109;,
         1.927279;-0.227317;-6.839972;,
         1.837093;-0.227317;-6.839972;,
         1.837093;-1.598341;-6.839972;,
         1.927279;-1.598341;-6.839972;,
         1.927279;-0.227318;-1.202038;,
         1.927279;-1.598341;-1.202038;,
         1.837093;-1.598340;-1.202038;,
         1.837093;-0.227317;-1.202038;,
         1.927279;-0.227317;-6.839972;,
         1.927279;-1.598341;-6.839972;,
         1.927279;-1.598341;-1.202038;,
         1.927279;-0.227318;-1.202038;,
         1.927279;-1.598341;-6.839972;,
         1.837093;-1.598341;-6.839972;,
         1.837093;-1.598340;-1.202038;,
         1.927279;-1.598341;-1.202038;,
         1.837093;-1.598341;-6.839972;,
         1.837093;-0.227317;-6.839972;,
         1.837093;-0.227317;-1.202038;,
         1.837093;-1.598340;-1.202038;,
         1.927279;-0.227318;-1.202038;,
         1.837093;-0.227317;-1.202038;,
         1.837093;-0.227317;-6.839972;,
         1.927279;-0.227317;-6.839972;,
         1.927279; 1.621825;-6.839972;,
         1.837093; 1.621826;-6.839972;,
         1.837093; 0.250802;-6.839972;,
         1.927279; 0.250802;-6.839972;,
         1.927279; 1.621825;-1.202038;,
         1.927279; 0.250802;-1.202038;,
         1.837093; 0.250802;-1.202038;,
         1.837093; 1.621825;-1.202038;,
         1.927279; 1.621825;-6.839972;,
         1.927279; 0.250802;-6.839972;,
         1.927279; 0.250802;-1.202038;,
         1.927279; 1.621825;-1.202038;,
         1.927279; 0.250802;-6.839972;,
         1.837093; 0.250802;-6.839972;,
         1.837093; 0.250802;-1.202038;,
         1.927279; 0.250802;-1.202038;,
         1.837093; 0.250802;-6.839972;,
         1.837093; 1.621826;-6.839972;,
         1.837093; 1.621825;-1.202038;,
         1.837093; 0.250802;-1.202038;,
         1.927279; 1.621825;-1.202038;,
         1.837093; 1.621825;-1.202038;,
         1.837093; 1.621826;-6.839972;,
         1.927279; 1.621825;-6.839972;,
         1.783790; 0.971004;-1.442109;,
         1.166545; 0.971004;-1.442109;,
         1.166545; 0.436442;-1.442109;,
         1.783790; 0.436442;-1.442109;,
         1.783790; 0.971004;-1.025516;,
         1.783790; 0.436442;-1.025516;,
         1.166545; 0.436442;-1.025516;,
         1.166545; 0.971004;-1.025516;,
         1.783790; 0.971004;-1.442109;,
         1.783790; 0.436442;-1.442109;,
         1.783790; 0.436442;-1.025516;,
         1.783790; 0.971004;-1.025516;,
         1.783790; 0.436442;-1.442109;,
         1.166545; 0.436442;-1.442109;,
         1.166545; 0.436442;-1.025516;,
         1.783790; 0.436442;-1.025516;,
         1.166545; 0.436442;-1.442109;,
         1.166545; 0.971004;-1.442109;,
         1.166545; 0.971004;-1.025516;,
         1.166545; 0.436442;-1.025516;,
         1.783790; 0.971004;-1.025516;,
         1.166545; 0.971004;-1.025516;,
         1.166545; 0.971004;-1.442109;,
         1.783790; 0.971004;-1.442109;,
        -18.812849;-1.093386; 1.235182;,
        -18.812855;-1.188742; 1.235182;,
        -27.089191;-1.188742; 1.235182;,
        -27.089191;-1.093386; 1.235182;,
        -18.812851;-1.093386; 1.001568;,
        -18.812851;-1.188742; 1.001568;,
        -18.812855;-1.188742; 1.235182;,
        -18.812849;-1.093386; 1.235182;,
        -18.812851;-1.188742; 1.001568;,
        -27.089191;-1.188742; 1.001568;,
        -27.089191;-1.188742; 1.235182;,
        -18.812855;-1.188742; 1.235182;,
        -25.866457;-1.093386; 0.858139;,
        -26.251524;-1.093386; 0.858139;,
        -26.251524;-1.188742; 0.858139;,
        -25.866457;-1.188742; 0.858139;,
        -25.859829;-1.093386; 0.999949;,
        -25.859829;-1.188742; 0.999949;,
        -26.244896;-1.188742; 0.999949;,
        -26.244896;-1.093386; 0.999949;,
        -25.866457;-1.093386; 0.858139;,
        -25.866457;-1.188742; 0.858139;,
        -25.859829;-1.188742; 0.999949;,
        -25.859829;-1.093386; 0.999949;,
        -25.866457;-1.188742; 0.858139;,
        -26.251524;-1.188742; 0.858139;,
        -26.244896;-1.188742; 0.999949;,
        -25.859829;-1.188742; 0.999949;,
        -26.251524;-1.188742; 0.858139;,
        -26.251524;-1.093386; 0.858139;,
        -26.244896;-1.093386; 0.999949;,
        -26.244896;-1.188742; 0.999949;,
        -25.859829;-1.093386; 0.999949;,
        -26.244896;-1.093386; 0.999949;,
        -26.251524;-1.093386; 0.858139;,
        -25.866457;-1.093386; 0.858139;,
        -25.158482;-1.093386; 0.858139;,
        -25.543549;-1.093386; 0.858139;,
        -25.543549;-1.188742; 0.858139;,
        -25.158482;-1.188742; 0.858139;,
        -25.151854;-1.093386; 0.999949;,
        -25.151854;-1.188742; 0.999949;,
        -25.536921;-1.188742; 0.999949;,
        -25.536921;-1.093386; 0.999949;,
        -25.158482;-1.093386; 0.858139;,
        -25.158482;-1.188742; 0.858139;,
        -25.151854;-1.188742; 0.999949;,
        -25.151854;-1.093386; 0.999949;,
        -25.158482;-1.188742; 0.858139;,
        -25.543549;-1.188742; 0.858139;,
        -25.536921;-1.188742; 0.999949;,
        -25.151854;-1.188742; 0.999949;,
        -25.543549;-1.188742; 0.858139;,
        -25.543549;-1.093386; 0.858139;,
        -25.536921;-1.093386; 0.999949;,
        -25.536921;-1.188742; 0.999949;,
        -25.151854;-1.093386; 0.999949;,
        -25.536921;-1.093386; 0.999949;,
        -25.543549;-1.093386; 0.858139;,
        -25.158482;-1.093386; 0.858139;,
        -23.694191;-1.093386; 0.858139;,
        -24.079258;-1.093386; 0.858139;,
        -24.079258;-1.188742; 0.858139;,
        -23.694191;-1.188742; 0.858139;,
        -23.687563;-1.093386; 0.999949;,
        -23.687563;-1.188742; 0.999949;,
        -24.072630;-1.188742; 0.999949;,
        -24.072630;-1.093386; 0.999949;,
        -23.694191;-1.093386; 0.858139;,
        -23.694191;-1.188742; 0.858139;,
        -23.687563;-1.188742; 0.999949;,
        -23.687563;-1.093386; 0.999949;,
        -23.694191;-1.188742; 0.858139;,
        -24.079258;-1.188742; 0.858139;,
        -24.072630;-1.188742; 0.999949;,
        -23.687563;-1.188742; 0.999949;,
        -24.079258;-1.188742; 0.858139;,
        -24.079258;-1.093386; 0.858139;,
        -24.072630;-1.093386; 0.999949;,
        -24.072630;-1.188742; 0.999949;,
        -23.687563;-1.093386; 0.999949;,
        -24.072630;-1.093386; 0.999949;,
        -24.079258;-1.093386; 0.858139;,
        -23.694191;-1.093386; 0.858139;,
        -24.402166;-1.093386; 0.858139;,
        -24.787233;-1.093386; 0.858139;,
        -24.787233;-1.188742; 0.858139;,
        -24.402166;-1.188742; 0.858139;,
        -24.395538;-1.093386; 0.999949;,
        -24.395538;-1.188742; 0.999949;,
        -24.780605;-1.188742; 0.999949;,
        -24.780605;-1.093386; 0.999949;,
        -24.402166;-1.093386; 0.858139;,
        -24.402166;-1.188742; 0.858139;,
        -24.395538;-1.188742; 0.999949;,
        -24.395538;-1.093386; 0.999949;,
        -24.402166;-1.188742; 0.858139;,
        -24.787233;-1.188742; 0.858139;,
        -24.780605;-1.188742; 0.999949;,
        -24.395538;-1.188742; 0.999949;,
        -24.787233;-1.188742; 0.858139;,
        -24.787233;-1.093386; 0.858139;,
        -24.780605;-1.093386; 0.999949;,
        -24.780605;-1.188742; 0.999949;,
        -24.395538;-1.093386; 0.999949;,
        -24.780605;-1.093386; 0.999949;,
        -24.787233;-1.093386; 0.858139;,
        -24.402166;-1.093386; 0.858139;,
        -22.974575;-1.093386; 0.858139;,
        -23.359642;-1.093386; 0.858139;,
        -23.359642;-1.188742; 0.858139;,
        -22.974575;-1.188742; 0.858139;,
        -22.967947;-1.093386; 0.999949;,
        -22.967947;-1.188742; 0.999949;,
        -23.353014;-1.188742; 0.999949;,
        -23.353014;-1.093386; 0.999949;,
        -22.974575;-1.093386; 0.858139;,
        -22.974575;-1.188742; 0.858139;,
        -22.967947;-1.188742; 0.999949;,
        -22.967947;-1.093386; 0.999949;,
        -22.974575;-1.188742; 0.858139;,
        -23.359642;-1.188742; 0.858139;,
        -23.353014;-1.188742; 0.999949;,
        -22.967947;-1.188742; 0.999949;,
        -23.359642;-1.188742; 0.858139;,
        -23.359642;-1.093386; 0.858139;,
        -23.353014;-1.093386; 0.999949;,
        -23.353014;-1.188742; 0.999949;,
        -22.967947;-1.093386; 0.999949;,
        -23.353014;-1.093386; 0.999949;,
        -23.359642;-1.093386; 0.858139;,
        -22.974575;-1.093386; 0.858139;,
        -22.266600;-1.093386; 0.858139;,
        -22.651667;-1.093386; 0.858139;,
        -22.651667;-1.188742; 0.858139;,
        -22.266600;-1.188742; 0.858139;,
        -22.259972;-1.093386; 0.999949;,
        -22.259972;-1.188742; 0.999949;,
        -22.645039;-1.188742; 0.999949;,
        -22.645039;-1.093386; 0.999949;,
        -22.266600;-1.093386; 0.858139;,
        -22.266600;-1.188742; 0.858139;,
        -22.259972;-1.188742; 0.999949;,
        -22.259972;-1.093386; 0.999949;,
        -22.266600;-1.188742; 0.858139;,
        -22.651667;-1.188742; 0.858139;,
        -22.645039;-1.188742; 0.999949;,
        -22.259972;-1.188742; 0.999949;,
        -22.651667;-1.188742; 0.858139;,
        -22.651667;-1.093386; 0.858139;,
        -22.645039;-1.093386; 0.999949;,
        -22.645039;-1.188742; 0.999949;,
        -22.259972;-1.093386; 0.999949;,
        -22.645039;-1.093386; 0.999949;,
        -22.651667;-1.093386; 0.858139;,
        -22.266600;-1.093386; 0.858139;,
        -20.732437;-1.093386; 0.858139;,
        -21.117504;-1.093386; 0.858139;,
        -21.117504;-1.188742; 0.858139;,
        -20.732437;-1.188742; 0.858139;,
        -20.725809;-1.093386; 0.999949;,
        -20.725809;-1.188742; 0.999949;,
        -21.110876;-1.188742; 0.999949;,
        -21.110876;-1.093386; 0.999949;,
        -20.732437;-1.093386; 0.858139;,
        -20.732437;-1.188742; 0.858139;,
        -20.725809;-1.188742; 0.999949;,
        -20.725809;-1.093386; 0.999949;,
        -20.732437;-1.188742; 0.858139;,
        -21.117504;-1.188742; 0.858139;,
        -21.110876;-1.188742; 0.999949;,
        -20.725809;-1.188742; 0.999949;,
        -21.117504;-1.188742; 0.858139;,
        -21.117504;-1.093386; 0.858139;,
        -21.110876;-1.093386; 0.999949;,
        -21.110876;-1.188742; 0.999949;,
        -20.725809;-1.093386; 0.999949;,
        -21.110876;-1.093386; 0.999949;,
        -21.117504;-1.093386; 0.858139;,
        -20.732437;-1.093386; 0.858139;,
        -21.440414;-1.093386; 0.858139;,
        -21.825481;-1.093386; 0.858139;,
        -21.825481;-1.188742; 0.858139;,
        -21.440414;-1.188742; 0.858139;,
        -21.433786;-1.093386; 0.999949;,
        -21.433786;-1.188742; 0.999949;,
        -21.818853;-1.188742; 0.999949;,
        -21.818853;-1.093386; 0.999949;,
        -21.440414;-1.093386; 0.858139;,
        -21.440414;-1.188742; 0.858139;,
        -21.433786;-1.188742; 0.999949;,
        -21.433786;-1.093386; 0.999949;,
        -21.440414;-1.188742; 0.858139;,
        -21.825481;-1.188742; 0.858139;,
        -21.818853;-1.188742; 0.999949;,
        -21.433786;-1.188742; 0.999949;,
        -21.825481;-1.188742; 0.858139;,
        -21.825481;-1.093386; 0.858139;,
        -21.818853;-1.093386; 0.999949;,
        -21.818853;-1.188742; 0.999949;,
        -21.433786;-1.093386; 0.999949;,
        -21.818853;-1.093386; 0.999949;,
        -21.825481;-1.093386; 0.858139;,
        -21.440414;-1.093386; 0.858139;,
        -26.733206;-1.105510; 0.653549;,
        -27.081656;-1.105510; 0.653549;,
        -27.081656;-1.176618; 0.653549;,
        -26.733206;-1.176618; 0.653549;,
        -26.733206;-1.105510; 0.653549;,
        -26.733206;-1.176618; 0.653549;,
        -26.733206;-1.176618; 0.999799;,
        -26.733206;-1.105510; 0.999799;,
        -26.733206;-1.105510; 0.999799;,
        -27.081656;-1.105510; 0.999799;,
        -27.081656;-1.105510; 0.653549;,
        -26.733206;-1.105510; 0.653549;,
        -26.733206; 1.168999; 0.653549;,
        -27.081656; 1.168999; 0.653549;,
        -27.081656; 1.097891; 0.653549;,
        -26.733206; 1.097891; 0.653549;,
        -26.733206; 1.168999; 0.653549;,
        -26.733206; 1.097891; 0.653549;,
        -26.733206; 1.097891; 0.999799;,
        -26.733206; 1.168999; 0.999799;,
        -26.733206; 1.168999; 0.999799;,
        -27.081656; 1.168999; 0.999799;,
        -27.081656; 1.168999; 0.653549;,
        -26.733206; 1.168999; 0.653549;,
        -21.440414; 1.181123; 0.858139;,
        -21.825481; 1.181123; 0.858139;,
        -21.825481; 1.085767; 0.858139;,
        -21.440414; 1.085767; 0.858139;,
        -21.433786; 1.181123; 0.999949;,
        -21.433786; 1.085767; 0.999949;,
        -21.818853; 1.085767; 0.999949;,
        -21.818853; 1.181123; 0.999949;,
        -21.440414; 1.181123; 0.858139;,
        -21.440414; 1.085767; 0.858139;,
        -21.433786; 1.085767; 0.999949;,
        -21.433786; 1.181123; 0.999949;,
        -21.440414; 1.085767; 0.858139;,
        -21.825481; 1.085767; 0.858139;,
        -21.818853; 1.085767; 0.999949;,
        -21.433786; 1.085767; 0.999949;,
        -21.825481; 1.085767; 0.858139;,
        -21.825481; 1.181123; 0.858139;,
        -21.818853; 1.181123; 0.999949;,
        -21.818853; 1.085767; 0.999949;,
        -21.433786; 1.181123; 0.999949;,
        -21.818853; 1.181123; 0.999949;,
        -21.825481; 1.181123; 0.858139;,
        -21.440414; 1.181123; 0.858139;,
        -20.732437; 1.181123; 0.858139;,
        -21.117504; 1.181123; 0.858139;,
        -21.117504; 1.085767; 0.858139;,
        -20.732437; 1.085767; 0.858139;,
        -20.725809; 1.181123; 0.999949;,
        -20.725809; 1.085767; 0.999949;,
        -21.110876; 1.085767; 0.999949;,
        -21.110876; 1.181123; 0.999949;,
        -20.732437; 1.181123; 0.858139;,
        -20.732437; 1.085767; 0.858139;,
        -20.725809; 1.085767; 0.999949;,
        -20.725809; 1.181123; 0.999949;,
        -20.732437; 1.085767; 0.858139;,
        -21.117504; 1.085767; 0.858139;,
        -21.110876; 1.085767; 0.999949;,
        -20.725809; 1.085767; 0.999949;,
        -21.117504; 1.085767; 0.858139;,
        -21.117504; 1.181123; 0.858139;,
        -21.110876; 1.181123; 0.999949;,
        -21.110876; 1.085767; 0.999949;,
        -20.725809; 1.181123; 0.999949;,
        -21.110876; 1.181123; 0.999949;,
        -21.117504; 1.181123; 0.858139;,
        -20.732437; 1.181123; 0.858139;,
        -22.266600; 1.181123; 0.858139;,
        -22.651667; 1.181123; 0.858139;,
        -22.651667; 1.085767; 0.858139;,
        -22.266600; 1.085767; 0.858139;,
        -22.259972; 1.181123; 0.999949;,
        -22.259972; 1.085767; 0.999949;,
        -22.645039; 1.085767; 0.999949;,
        -22.645039; 1.181123; 0.999949;,
        -22.266600; 1.181123; 0.858139;,
        -22.266600; 1.085767; 0.858139;,
        -22.259972; 1.085767; 0.999949;,
        -22.259972; 1.181123; 0.999949;,
        -22.266600; 1.085767; 0.858139;,
        -22.651667; 1.085767; 0.858139;,
        -22.645039; 1.085767; 0.999949;,
        -22.259972; 1.085767; 0.999949;,
        -22.651667; 1.085767; 0.858139;,
        -22.651667; 1.181123; 0.858139;,
        -22.645039; 1.181123; 0.999949;,
        -22.645039; 1.085767; 0.999949;,
        -22.259972; 1.181123; 0.999949;,
        -22.645039; 1.181123; 0.999949;,
        -22.651667; 1.181123; 0.858139;,
        -22.266600; 1.181123; 0.858139;,
        -22.974575; 1.181123; 0.858139;,
        -23.359642; 1.181123; 0.858139;,
        -23.359642; 1.085767; 0.858139;,
        -22.974575; 1.085767; 0.858139;,
        -22.967947; 1.181123; 0.999949;,
        -22.967947; 1.085767; 0.999949;,
        -23.353014; 1.085767; 0.999949;,
        -23.353014; 1.181123; 0.999949;,
        -22.974575; 1.181123; 0.858139;,
        -22.974575; 1.085767; 0.858139;,
        -22.967947; 1.085767; 0.999949;,
        -22.967947; 1.181123; 0.999949;,
        -22.974575; 1.085767; 0.858139;,
        -23.359642; 1.085767; 0.858139;,
        -23.353014; 1.085767; 0.999949;,
        -22.967947; 1.085767; 0.999949;,
        -23.359642; 1.085767; 0.858139;,
        -23.359642; 1.181123; 0.858139;,
        -23.353014; 1.181123; 0.999949;,
        -23.353014; 1.085767; 0.999949;,
        -22.967947; 1.181123; 0.999949;,
        -23.353014; 1.181123; 0.999949;,
        -23.359642; 1.181123; 0.858139;,
        -22.974575; 1.181123; 0.858139;,
        -24.402166; 1.181123; 0.858139;,
        -24.787233; 1.181123; 0.858139;,
        -24.787233; 1.085767; 0.858139;,
        -24.402166; 1.085767; 0.858139;,
        -24.395538; 1.181123; 0.999949;,
        -24.395538; 1.085767; 0.999949;,
        -24.780605; 1.085767; 0.999949;,
        -24.780605; 1.181123; 0.999949;,
        -24.402166; 1.181123; 0.858139;,
        -24.402166; 1.085767; 0.858139;,
        -24.395538; 1.085767; 0.999949;,
        -24.395538; 1.181123; 0.999949;,
        -24.402166; 1.085767; 0.858139;,
        -24.787233; 1.085767; 0.858139;,
        -24.780605; 1.085767; 0.999949;,
        -24.395538; 1.085767; 0.999949;,
        -24.787233; 1.085767; 0.858139;,
        -24.787233; 1.181123; 0.858139;,
        -24.780605; 1.181123; 0.999949;,
        -24.780605; 1.085767; 0.999949;,
        -24.395538; 1.181123; 0.999949;,
        -24.780605; 1.181123; 0.999949;,
        -24.787233; 1.181123; 0.858139;,
        -24.402166; 1.181123; 0.858139;,
        -23.694191; 1.181123; 0.858139;,
        -24.079258; 1.181123; 0.858139;,
        -24.079258; 1.085767; 0.858139;,
        -23.694191; 1.085767; 0.858139;,
        -23.687563; 1.181123; 0.999949;,
        -23.687563; 1.085767; 0.999949;,
        -24.072630; 1.085767; 0.999949;,
        -24.072630; 1.181123; 0.999949;,
        -23.694191; 1.181123; 0.858139;,
        -23.694191; 1.085767; 0.858139;,
        -23.687563; 1.085767; 0.999949;,
        -23.687563; 1.181123; 0.999949;,
        -23.694191; 1.085767; 0.858139;,
        -24.079258; 1.085767; 0.858139;,
        -24.072630; 1.085767; 0.999949;,
        -23.687563; 1.085767; 0.999949;,
        -24.079258; 1.085767; 0.858139;,
        -24.079258; 1.181123; 0.858139;,
        -24.072630; 1.181123; 0.999949;,
        -24.072630; 1.085767; 0.999949;,
        -23.687563; 1.181123; 0.999949;,
        -24.072630; 1.181123; 0.999949;,
        -24.079258; 1.181123; 0.858139;,
        -23.694191; 1.181123; 0.858139;,
        -25.158482; 1.181123; 0.858139;,
        -25.543549; 1.181123; 0.858139;,
        -25.543549; 1.085767; 0.858139;,
        -25.158482; 1.085767; 0.858139;,
        -25.151854; 1.181123; 0.999949;,
        -25.151854; 1.085767; 0.999949;,
        -25.536921; 1.085767; 0.999949;,
        -25.536921; 1.181123; 0.999949;,
        -25.158482; 1.181123; 0.858139;,
