xof 0303txt 0032

template XSkinMeshHeader {
  <3cf169ce-ff7c-44ab-93c0-f78f62d172e2>
  WORD nMaxSkinWeightsPerVertex;
  WORD nMaxSkinWeightsPerFace;
  WORD nBones;
}

template SkinWeights {
  <6f0d123b-bad2-4167-a0d0-80224f25fabb>
  STRING transformNodeName;
  DWORD nWeights;
  array DWORD vertexIndices[nWeights];
  array float weights[nWeights];
  Matrix4x4 matrixOffset;
}

Frame Root {
  FrameTransformMatrix {
     1.000000, 0.000000, 0.000000, 0.000000,
     0.000000,-0.000000, 1.000000, 0.000000,
     0.000000, 1.000000, 0.000000, 0.000000,
     0.000000, 0.000000, 0.000000, 1.000000;;
  }
  Frame Armature {
    FrameTransformMatrix {
      -0.000000, 1.000000, 0.000000, 0.000000,
      -1.000000,-0.000000, 0.000000, 0.000000,
       0.000000, 0.000000, 1.000000, 0.000000,
       0.000000,-1.738131,-1.875872, 1.000000;;
    }
    Frame Armature_Bone {
      FrameTransformMatrix {
        -0.029429, 0.000000,-0.999567, 0.000000,
         0.999567, 0.000000,-0.029429, 0.000000,
        -0.000000,-1.000000,-0.000000, 0.000000,
         0.588473,-0.000000, 2.890624, 1.000000;;
      }
      Frame Armature_Bone_001 {
        FrameTransformMatrix {
          -0.695807,-0.456781, 0.554260, 0.000000,
           0.202874, 0.615282, 0.761755, 0.000000,
          -0.688981, 0.642479,-0.335448, 0.000000,
          -0.000000, 1.010888,-0.000000, 1.000000;;
        }
        Frame Armature_Bone_003 {
          FrameTransformMatrix {
            -0.779312, 0.593570, 0.200868, 0.000000,
            -0.218204, 0.043440,-0.974936, 0.000000,
            -0.587418,-0.803609, 0.095666, 0.000000,
            -0.000000, 0.440943,-0.000000, 1.000000;;
          }
          Frame Armature_Bone_004 {
            FrameTransformMatrix {
              -0.047168, 0.239189,-0.969827, 0.000000,
               0.874649,-0.459053,-0.155755, 0.000000,
              -0.482457,-0.855605,-0.187554, 0.000000,
              -0.000000, 0.607164, 0.000000, 1.000000;;
            }
            Frame Armature_Bone_005 {
              FrameTransformMatrix {
                 1.000000,-0.000000,-0.000000, 0.000000,
                -0.000000, 0.910947,-0.412523, 0.000000,
                 0.000000, 0.412523, 0.910947, 0.000000,
                -0.000000, 0.801471,-0.000000, 1.000000;;
              }
            } // End of Armature_Bone_005
          } // End of Armature_Bone_004
        } // End of Armature_Bone_003
      } // End of Armature_Bone_001
      Frame Armature_Bone_002 {
        FrameTransformMatrix {
           0.812973, 0.422808, 0.400385, 0.000000,
           0.051555, 0.632628,-0.772738, 0.000000,
          -0.580014, 0.648857, 0.492512, 0.000000,
          -0.000000, 1.010888,-0.000000, 1.000000;;
        }
        Frame Armature_Bone_006 {
          FrameTransformMatrix {
             0.809106, 0.550429, 0.205851, 0.000000,
             0.321915,-0.122083,-0.938864, 0.000000,
            -0.491648, 0.825908,-0.275969, 0.000000,
            -0.000000, 0.438708,-0.000000, 1.000000;;
          }
          Frame Armature_Bone_007 {
            FrameTransformMatrix {
              -0.000000,-0.239174,-0.970977, 0.000000,
               0.893176,-0.436656, 0.107558, 0.000000,
              -0.449708,-0.867253, 0.213625, 0.000000,
               0.000000, 0.633630, 0.000000, 1.000000;;
            }
            Frame Armature_Bone_008 {
              FrameTransformMatrix {
                 1.000000,-0.000000,-0.000000, 0.000000,
                -0.000000, 0.893379,-0.449304, 0.000000,
                 0.000000, 0.449304, 0.893379, 0.000000,
                 0.000000, 0.947781, 0.000000, 1.000000;;
              }
            } // End of Armature_Bone_008
          } // End of Armature_Bone_007
        } // End of Armature_Bone_006
      } // End of Armature_Bone_002
      Frame Armature_Bone_011 {
        FrameTransformMatrix {
           0.988118, 0.003458, 0.153659, 0.000000,
           0.056063, 0.922756,-0.381286, 0.000000,
          -0.143108, 0.385370, 0.911598, 0.000000,
          -0.000000, 1.010888,-0.000000, 1.000000;;
        }
        Frame Armature_Bone_016 {
          FrameTransformMatrix {
             0.379274,-0.220322, 0.898671, 0.000000,
             0.800462, 0.565302,-0.199234, 0.000000,
            -0.464125, 0.794916, 0.390764, 0.000000,
             0.000000, 0.799784, 0.000000, 1.000000;;
          }
          Frame Armature_Bone_018 {
            FrameTransformMatrix {
               0.703525,-0.706894, 0.073165, 0.000000,
               0.321254, 0.408167, 0.854515, 0.000000,
              -0.633915,-0.577668, 0.514248, 0.000000,
              -0.000000, 0.645968, 0.000000, 1.000000;;
            }
            Frame Armature_Bone_020 {
              FrameTransformMatrix {
                 0.583421,-0.340514,-0.737340, 0.000000,
                -0.314353, 0.742427,-0.591596, 0.000000,
                 0.748867, 0.576934, 0.326106, 0.000000,
                 0.000000, 0.859343,-0.000000, 1.000000;;
              }
            } // End of Armature_Bone_020
          } // End of Armature_Bone_018
        } // End of Armature_Bone_016
      } // End of Armature_Bone_011
      Frame Armature_Bone_012 {
        FrameTransformMatrix {
          -0.963204,-0.081574, 0.256094, 0.000000,
           0.046379, 0.888091, 0.457321, 0.000000,
          -0.264740, 0.452371,-0.851630, 0.000000,
          -0.000000, 1.010888,-0.000000, 1.000000;;
        }
        Frame Armature_Bone_015 {
          FrameTransformMatrix {
             0.614290, 0.465340,-0.637264, 0.000000,
            -0.692330, 0.705317,-0.152338, 0.000000,
             0.378584, 0.534777, 0.755438, 0.000000,
            -0.000000, 0.747714, 0.000000, 1.000000;;
          }
          Frame Armature_Bone_017 {
            FrameTransformMatrix {
               0.949495, 0.237176,-0.205443, 0.000000,
              -0.028307, 0.716807, 0.696697, 0.000000,
               0.312503,-0.655695, 0.687318, 0.000000,
               0.000000, 0.567085, 0.000000, 1.000000;;
            }
            Frame Armature_Bone_019 {
              FrameTransformMatrix {
                -0.774651, 0.288108, 0.562947, 0.000000,
                -0.034247, 0.869773,-0.492262, 0.000000,
                -0.631461,-0.400611,-0.663904, 0.000000,
                -0.000000, 0.782874,-0.000000, 1.000000;;
              }
            } // End of Armature_Bone_019
          } // End of Armature_Bone_017
        } // End of Armature_Bone_015
      } // End of Armature_Bone_012
      Frame Armature_Bone_013 {
        FrameTransformMatrix {
           0.792157, 0.536126,-0.291643, 0.000000,
           0.078895,-0.563799,-0.822135, 0.000000,
          -0.605196, 0.628251,-0.488915, 0.000000,
          -0.000000, 1.010888,-0.000000, 1.000000;;
        }
        Frame Armature_Bone_024 {
          FrameTransformMatrix {
             0.293250,-0.319709,-0.900994, 0.000000,
            -0.564532, 0.702673,-0.433077, 0.000000,
             0.771563, 0.635639, 0.025573, 0.000000,
             0.000000, 0.386503,-0.000000, 1.000000;;
          }
          Frame Armature_Bone_026 {
            FrameTransformMatrix {
               0.782683,-0.038546,-0.621226, 0.000000,
               0.364967,-0.780070, 0.508223, 0.000000,
              -0.504190,-0.624504,-0.596479, 0.000000,
               0.000000, 0.683757,-0.000000, 1.000000;;
            }
            Frame Armature_Bone_027 {
              FrameTransformMatrix {
                 0.949089,-0.296384,-0.106707, 0.000000,
                 0.177935, 0.783932,-0.594802, 0.000000,
                 0.259941, 0.545533, 0.796759, 0.000000,
                 0.000000, 0.772422, 0.000000, 1.000000;;
              }
            } // End of Armature_Bone_027
          } // End of Armature_Bone_026
        } // End of Armature_Bone_024
      } // End of Armature_Bone_013
      Frame Armature_Bone_014 {
        FrameTransformMatrix {
          -0.609076,-0.579789,-0.541176, 0.000000,
          -0.074282,-0.637644, 0.766741, 0.000000,
          -0.789626, 0.507203, 0.345306, 0.000000,
          -0.000000, 1.010888,-0.000000, 1.000000;;
        }
        Frame Armature_Bone_025 {
          FrameTransformMatrix {
            -0.064751,-0.290166,-0.954783, 0.000000,
             0.558967, 0.782056,-0.275581, 0.000000,
             0.826658,-0.551536, 0.111555, 0.000000,
            -0.000000, 0.435619, 0.000000, 1.000000;;
          }
          Frame Armature_Bone_028 {
            FrameTransformMatrix {
              -0.572503, 0.131121,-0.809350, 0.000000,
               0.355600,-0.849747,-0.389203, 0.000000,
              -0.738775,-0.510625, 0.439856, 0.000000,
               0.000000, 0.704191, 0.000000, 1.000000;;
            }
            Frame Armature_Bone_029 {
              FrameTransformMatrix {
                 0.864980, 0.351698, 0.357937, 0.000000,
                -0.039265, 0.758545,-0.650437, 0.000000,
                -0.500268, 0.548561, 0.669935, 0.000000,
                 0.000000, 0.782842,-0.000000, 1.000000;;
              }
            } // End of Armature_Bone_029
          } // End of Armature_Bone_028
        } // End of Armature_Bone_025
      } // End of Armature_Bone_014
      Frame Armature_Bone_021 {
        FrameTransformMatrix {
          -0.069219,-0.164473, 0.983950, 0.000000,
          -0.300253, 0.944017, 0.136676, 0.000000,
          -0.951345,-0.285973,-0.114727, 0.000000,
          -0.000000, 1.010888,-0.000000, 1.000000;;
        }
        Frame Armature_Bone_022 {
          FrameTransformMatrix {
            -0.840184,-0.502546, 0.203810, 0.000000,
             0.542249,-0.783747, 0.302832, 0.000000,
             0.007548, 0.364950, 0.930997, 0.000000,
             0.000000, 0.674053, 0.000000, 1.000000;;
          }
        } // End of Armature_Bone_022
        Frame Armature_Bone_023 {
          FrameTransformMatrix {
            -0.917780, 0.164523,-0.361401, 0.000000,
            -0.300297,-0.883053, 0.360610, 0.000000,
            -0.259808, 0.439488, 0.859854, 0.000000,
             0.000000, 0.674053, 0.000000, 1.000000;;
          }
        } // End of Armature_Bone_023
        Frame Armature_Bone_033 {
          FrameTransformMatrix {
            -0.102023,-0.096607,-0.990080, 0.000000,
            -0.146403, 0.985894,-0.081112, 0.000000,
             0.983950, 0.136676,-0.114727, 0.000000,
             0.000000, 0.674053, 0.000000, 1.000000;;
          }
          Frame Armature_Bone_034 {
            FrameTransformMatrix {
              -0.364106, 0.915389, 0.171724, 0.000000,
               0.090242, 0.218187,-0.971725, 0.000000,
              -0.926975,-0.338314,-0.162050, 0.000000,
               0.000000, 1.005821,-0.000000, 1.000000;;
            }
          } // End of Armature_Bone_034
          Frame Armature_Bone_035 {
            FrameTransformMatrix {
              -0.382276, 0.873596,-0.301156, 0.000000,
               0.078929, 0.355589, 0.931304, 0.000000,
               0.920671, 0.332245,-0.204885, 0.000000,
               0.000000, 1.005821,-0.000000, 1.000000;;
            }
          } // End of Armature_Bone_035
          Frame Armature_Bone_036 {
            FrameTransformMatrix {
              -0.493859, 0.869542,-0.000000, 0.000000,
               0.869542, 0.493859,-0.000000, 0.000000,
               0.000000,-0.000000,-1.000000, 0.000000,
               0.000000, 1.005821,-0.000000, 1.000000;;
            }
          } // End of Armature_Bone_036
        } // End of Armature_Bone_033
      } // End of Armature_Bone_021
    } // End of Armature_Bone
    Frame Cube_004 {
      FrameTransformMatrix {
         0.153209, 0.000000,-0.128558, 0.000000,
         0.000000, 0.400000, 0.000000, 0.000000,
         1.928362,-0.000000, 2.298133, 0.000000,
         0.156538,-0.000000, 3.130212, 1.000000;;
      }
      Mesh { // Cube_004 mesh
        824;
         0.091456;-1.893582; 0.972563;,
        -3.110443; 0.024293; 0.960115;,
        -3.018857; 0.038292; 0.893755;,
         0.183042;-1.879583; 0.906202;,
        -3.110443; 0.024293; 0.960115;,
         0.702448; 1.626434; 0.989512;,
         0.794034; 1.640433; 0.923152;,
        -3.018857; 0.038292; 0.893755;,
         0.702448; 1.626434; 0.989512;,
         3.904348;-0.291441; 1.001959;,
         3.995934;-0.277442; 0.935599;,
         0.794034; 1.640433; 0.923152;,
         3.904348;-0.291441; 1.001959;,
         0.091456;-1.893582; 0.972563;,
         0.183042;-1.879583; 0.906202;,
         3.995934;-0.277442; 0.935599;,
         0.183042;-1.879583; 0.906202;,
        -3.018857; 0.038292; 0.893755;,
         0.794034; 1.640433; 0.923152;,
         3.995934;-0.277442; 0.935599;,
         3.904348;-0.291441; 1.001959;,
         0.702448; 1.626434; 0.989512;,
        -3.110443; 0.024293; 0.960115;,
         0.091456;-1.893582; 0.972563;,
         0.267710;-1.864202; 1.065351;,
        -2.993452; 0.003745; 1.022772;,
        -3.166701; 0.018330; 0.932998;,
         0.094460;-1.849617; 0.975577;,
        -2.993452; 0.003745; 1.022772;,
         0.650821; 1.664902; 1.077807;,
         0.477572; 1.679487; 0.988033;,
        -3.166701; 0.018330; 0.932998;,
         0.650821; 1.664902; 1.077807;,
         3.911982;-0.203045; 1.120387;,
         3.738733;-0.188460; 1.030613;,
         0.477572; 1.679487; 0.988033;,
         3.911982;-0.203045; 1.120387;,
         0.267710;-1.864202; 1.065351;,
         0.094460;-1.849617; 0.975577;,
         3.738733;-0.188460; 1.030613;,
         0.094460;-1.849617; 0.975577;,
        -3.166701; 0.018330; 0.932998;,
         0.477572; 1.679487; 0.988033;,
         3.738733;-0.188460; 1.030613;,
         3.911982;-0.203045; 1.120387;,
         0.650821; 1.664902; 1.077807;,
        -2.993452; 0.003745; 1.022772;,
         0.267710;-1.864202; 1.065351;,
        -0.924431; 1.243079; 1.076298;,
        -0.924431; 1.993079; 1.076298;,
         0.039751; 1.993079; 0.999694;,
         0.039751; 1.243079; 0.999694;,
        -0.924431; 1.993079; 1.076298;,
         0.224636; 1.993079; 1.140577;,
         1.188818; 1.993079; 1.063972;,
         0.039751; 1.993079; 0.999694;,
         0.224636; 1.993079; 1.140577;,
         0.224636; 1.243079; 1.140577;,
         1.188818; 1.243079; 1.063972;,
         1.188818; 1.993079; 1.063972;,
         0.224636; 1.243079; 1.140577;,
        -0.924431; 1.243079; 1.076298;,
         0.039751; 1.243079; 0.999694;,
         1.188818; 1.243079; 1.063972;,
         0.039751; 1.243079; 0.999694;,
         0.039751; 1.993079; 0.999694;,
         1.188818; 1.993079; 1.063972;,
         1.188818; 1.243079; 1.063972;,
         0.224636; 1.243079; 1.140577;,
         0.224636; 1.993079; 1.140577;,
        -0.924431; 1.993079; 1.076298;,
        -0.924431; 1.243079; 1.076298;,
        -0.892307;-2.117883; 1.080210;,
        -0.892307;-1.367883; 1.080210;,
         0.071874;-1.367883; 1.003605;,
         0.071874;-2.117883; 1.003605;,
        -0.892307;-1.367883; 1.080210;,
         0.256760;-1.503577; 1.144488;,
         1.220941;-1.503577; 1.067884;,
         0.071874;-1.367883; 1.003605;,
         0.256760;-1.503577; 1.144488;,
         0.256760;-2.253577; 1.144488;,
         1.220941;-2.253577; 1.067884;,
         1.220941;-1.503577; 1.067884;,
         0.256760;-2.253577; 1.144488;,
        -0.892307;-2.117883; 1.080210;,
         0.071874;-2.117883; 1.003605;,
         1.220941;-2.253577; 1.067884;,
         0.071874;-2.117883; 1.003605;,
         0.071874;-1.367883; 1.003605;,
         1.220941;-1.503577; 1.067884;,
         1.220941;-2.253577; 1.067884;,
         0.256760;-2.253577; 1.144488;,
         0.256760;-1.503577; 1.144488;,
        -0.892307;-1.367883; 1.080210;,
        -0.892307;-2.117883; 1.080210;,
         6.791030;-1.189209; 0.757233;,
         6.791030;-1.123424; 0.757233;,
         6.791029;-1.123424; 0.691448;,
         6.791029;-1.189209; 0.691448;,
         6.791030;-1.123424; 0.757233;,
         8.106738;-1.123424; 0.757233;,
         8.106737;-1.123424; 0.691448;,
         6.791029;-1.123424; 0.691448;,
         8.106738;-1.123424; 0.757233;,
         8.106738;-1.189209; 0.757233;,
         8.106738;-1.189209; 0.691448;,
         8.106737;-1.123424; 0.691448;,
         8.106738;-1.189209; 0.757233;,
         6.791030;-1.189209; 0.757233;,
         6.791029;-1.189209; 0.691448;,
         8.106738;-1.189209; 0.691448;,
         6.791029;-1.189209; 0.691448;,
         6.791029;-1.123424; 0.691448;,
         8.106737;-1.123424; 0.691448;,
         8.106738;-1.189209; 0.691448;,
         8.106738;-1.189209; 0.757233;,
         8.106738;-1.123424; 0.757233;,
         6.791030;-1.123424; 0.757233;,
         6.791030;-1.189209; 0.757233;,
         8.163203;-1.190882; 0.837051;,
         8.163203;-1.125096; 0.837051;,
         8.163202;-1.125096; 0.771266;,
         8.163202;-1.190882; 0.771266;,
         8.163203;-1.125096; 0.837051;,
         9.478911;-1.125096; 0.837051;,
         9.478912;-1.125096; 0.771266;,
         8.163202;-1.125096; 0.771266;,
         9.478911;-1.125096; 0.837051;,
         9.478911;-1.190882; 0.837051;,
         9.478912;-1.190882; 0.771266;,
         9.478912;-1.125096; 0.771266;,
         9.478911;-1.190882; 0.837051;,
         8.163203;-1.190882; 0.837051;,
         8.163202;-1.190882; 0.771266;,
         9.478912;-1.190882; 0.771266;,
         8.163202;-1.190882; 0.771266;,
         8.163202;-1.125096; 0.771266;,
         9.478912;-1.125096; 0.771266;,
         9.478912;-1.190882; 0.771266;,
         9.478911;-1.190882; 0.837051;,
         9.478911;-1.125096; 0.837051;,
         8.163203;-1.125096; 0.837051;,
         8.163203;-1.190882; 0.837051;,
         5.633664;-1.196417; 0.697218;,
         5.633664;-1.130632; 0.697218;,
         6.267955;-1.130632; 0.646824;,
         6.267955;-1.196417; 0.646824;,
         5.633664;-1.130632; 0.697218;,
         8.153392;-1.130632; 0.838172;,
         8.787683;-1.130632; 0.787777;,
         6.267955;-1.130632; 0.646824;,
         8.153392;-1.130632; 0.838172;,
         8.153392;-1.196417; 0.838172;,
         8.787683;-1.196417; 0.787777;,
         8.787683;-1.130632; 0.787777;,
         8.153392;-1.196417; 0.838172;,
         5.633664;-1.196417; 0.697218;,
         6.267955;-1.196417; 0.646824;,
         8.787683;-1.196417; 0.787777;,
         6.267955;-1.196417; 0.646824;,
         6.267955;-1.130632; 0.646824;,
         8.787683;-1.130632; 0.787777;,
         8.787683;-1.196417; 0.787777;,
         8.153392;-1.196417; 0.838172;,
         8.153392;-1.130632; 0.838172;,
         5.633664;-1.130632; 0.697218;,
         5.633664;-1.196417; 0.697218;,
         1.903129;-1.333622; 0.489144;,
         1.903129;-1.004695; 0.489144;,
         2.325989;-1.004695; 0.455547;,
         2.325989;-1.333622; 0.455547;,
         1.903129;-1.004695; 0.489144;,
         5.682720;-1.004695; 0.700574;,
         6.105581;-1.004695; 0.666978;,
         2.325989;-1.004695; 0.455547;,
         5.682720;-1.004695; 0.700574;,
         5.682720;-1.333622; 0.700574;,
         6.105581;-1.333622; 0.666978;,
         6.105581;-1.004695; 0.666978;,
         5.682720;-1.333622; 0.700574;,
         1.903129;-1.333622; 0.489144;,
         2.325989;-1.333622; 0.455547;,
         6.105581;-1.333622; 0.666978;,
         2.325989;-1.333622; 0.455547;,
         2.325989;-1.004695; 0.455547;,
         6.105581;-1.004695; 0.666978;,
         6.105581;-1.333622; 0.666978;,
         5.682720;-1.333622; 0.700574;,
         5.682720;-1.004695; 0.700574;,
         1.903129;-1.004695; 0.489144;,
         1.903129;-1.333622; 0.489144;,
         0.034534;-1.332490; 0.628857;,
         0.034534;-1.003563; 0.628857;,
         2.148837;-1.003563; 0.460875;,
         2.148837;-1.332490; 0.460875;,
         0.034534;-1.003563; 0.628857;,
         0.538480;-1.003563; 0.657048;,
         2.652782;-1.003563; 0.489066;,
         2.148837;-1.003563; 0.460875;,
         0.538480;-1.003563; 0.657048;,
         0.538480;-1.332490; 0.657048;,
         2.652782;-1.332490; 0.489066;,
         2.652782;-1.003563; 0.489066;,
         0.538480;-1.332490; 0.657048;,
         0.034534;-1.332490; 0.628857;,
         2.148837;-1.332490; 0.460875;,
         2.652782;-1.332490; 0.489066;,
         2.148837;-1.332490; 0.460875;,
         2.148837;-1.003563; 0.460875;,
         2.652782;-1.003563; 0.489066;,
         2.652782;-1.332490; 0.489066;,
         0.538480;-1.332490; 0.657048;,
         0.538480;-1.003563; 0.657048;,
         0.034534;-1.003563; 0.628857;,
         0.034534;-1.332490; 0.628857;,
         6.628137; 1.144521; 0.732005;,
         6.628137; 1.210307; 0.732005;,
         6.628137; 1.210307; 0.666220;,
         6.628137; 1.144521; 0.666220;,
         6.628137; 1.210307; 0.732005;,
         7.943845; 1.210307; 0.732005;,
         7.943845; 1.210307; 0.666220;,
         6.628137; 1.210307; 0.666220;,
         7.943845; 1.210307; 0.732005;,
         7.943845; 1.144521; 0.732005;,
         7.943845; 1.144521; 0.666220;,
         7.943845; 1.210307; 0.666220;,
         7.943845; 1.144521; 0.732005;,
         6.628137; 1.144521; 0.732005;,
         6.628137; 1.144521; 0.666220;,
         7.943845; 1.144521; 0.666220;,
         6.628137; 1.144521; 0.666220;,
         6.628137; 1.210307; 0.666220;,
         7.943845; 1.210307; 0.666220;,
         7.943845; 1.144521; 0.666220;,
         7.943845; 1.144521; 0.732005;,
         7.943845; 1.210307; 0.732005;,
         6.628137; 1.210307; 0.732005;,
         6.628137; 1.144521; 0.732005;,
         8.000311; 1.142849; 0.811823;,
         8.000311; 1.208634; 0.811823;,
         8.000311; 1.208634; 0.746038;,
         8.000311; 1.142849; 0.746038;,
         8.000311; 1.208634; 0.811823;,
         9.316019; 1.208634; 0.811823;,
         9.316019; 1.208634; 0.746038;,
         8.000311; 1.208634; 0.746038;,
         9.316019; 1.208634; 0.811823;,
         9.316019; 1.142849; 0.811823;,
         9.316019; 1.142849; 0.746038;,
         9.316019; 1.208634; 0.746038;,
         9.316019; 1.142849; 0.811823;,
         8.000311; 1.142849; 0.811823;,
         8.000311; 1.142849; 0.746038;,
         9.316019; 1.142849; 0.746038;,
         8.000311; 1.142849; 0.746038;,
         8.000311; 1.208634; 0.746038;,
         9.316019; 1.208634; 0.746038;,
         9.316019; 1.142849; 0.746038;,
         9.316019; 1.142849; 0.811823;,
         9.316019; 1.208634; 0.811823;,
         8.000311; 1.208634; 0.811823;,
         8.000311; 1.142849; 0.811823;,
         5.470771; 1.137313; 0.671990;,
         5.470771; 1.203099; 0.671990;,
         6.105062; 1.203099; 0.621596;,
         6.105062; 1.137313; 0.621596;,
         5.470771; 1.203099; 0.671990;,
         7.990499; 1.203099; 0.812944;,
         8.624790; 1.203099; 0.762549;,
         6.105062; 1.203099; 0.621596;,
         7.990499; 1.203099; 0.812944;,
         7.990499; 1.137313; 0.812944;,
         8.624790; 1.137313; 0.762549;,
         8.624790; 1.203099; 0.762549;,
         7.990499; 1.137313; 0.812944;,
         5.470771; 1.137313; 0.671990;,
         6.105062; 1.137313; 0.621596;,
         8.624790; 1.137313; 0.762549;,
         6.105062; 1.137313; 0.621596;,
         6.105062; 1.203099; 0.621596;,
         8.624790; 1.203099; 0.762549;,
         8.624790; 1.137313; 0.762549;,
         7.990499; 1.137313; 0.812944;,
         7.990499; 1.203099; 0.812944;,
         5.470771; 1.203099; 0.671990;,
         5.470771; 1.137313; 0.671990;,
         1.848759; 1.000886; 0.468113;,
         1.848759; 1.329813; 0.468113;,
         2.271619; 1.329813; 0.434516;,
         2.271619; 1.000886; 0.434516;,
         1.848759; 1.329813; 0.468113;,
         5.628350; 1.329813; 0.679543;,
         6.051211; 1.329813; 0.645947;,
         2.271619; 1.329813; 0.434516;,
         5.628350; 1.329813; 0.679543;,
         5.628350; 1.000886; 0.679543;,
         6.051211; 1.000886; 0.645947;,
         6.051211; 1.329813; 0.645947;,
         5.628350; 1.000886; 0.679543;,
         1.848759; 1.000886; 0.468113;,
         2.271619; 1.000886; 0.434516;,
         6.051211; 1.000886; 0.645947;,
         2.271619; 1.000886; 0.434516;,
         2.271619; 1.329813; 0.434516;,
         6.051211; 1.329813; 0.645947;,
         6.051211; 1.000886; 0.645947;,
         5.628350; 1.000886; 0.679543;,
         5.628350; 1.329813; 0.679543;,
         1.848759; 1.329813; 0.468113;,
         1.848759; 1.000886; 0.468113;,
        -0.025309; 1.004347; 0.617682;,
        -0.025309; 1.333274; 0.617682;,
         2.088993; 1.333274; 0.449700;,
         2.088993; 1.004347; 0.449700;,
        -0.025309; 1.333274; 0.617682;,
         0.478636; 1.333274; 0.645873;,
         2.592938; 1.333274; 0.477891;,
         2.088993; 1.333274; 0.449700;,
         0.478636; 1.333274; 0.645873;,
         0.478636; 1.004347; 0.645873;,
         2.592938; 1.004347; 0.477891;,
         2.592938; 1.333274; 0.477891;,
         0.478636; 1.004347; 0.645873;,
        -0.025309; 1.004347; 0.617682;,
         2.088993; 1.004347; 0.449700;,
         2.592938; 1.004347; 0.477891;,
         2.088993; 1.004347; 0.449700;,
         2.088993; 1.333274; 0.449700;,
         2.592938; 1.333274; 0.477891;,
         2.592938; 1.004347; 0.477891;,
         0.478636; 1.004347; 0.645873;,
         0.478636; 1.333274; 0.645873;,
        -0.025309; 1.333274; 0.617682;,
        -0.025309; 1.004347; 0.617682;,
        -1.025558;-0.387176; 0.729647;,
        -0.989219; 1.090035; 0.764292;,
        -2.006775; 3.260638; 0.093994;,
        -2.043114; 1.783426; 0.059349;,
        -0.989219; 1.090035; 0.764292;,
        -0.789706; 1.090035; 0.763362;,
        -1.807262; 3.260638; 0.093064;,
        -2.006775; 3.260638; 0.093994;,
        -0.789706; 1.090035; 0.763362;,
        -0.826045;-0.387176; 0.728716;,
        -1.843601; 1.783426; 0.058419;,
        -1.807262; 3.260638; 0.093064;,
        -0.826045;-0.387176; 0.728716;,
        -1.025558;-0.387176; 0.729647;,
        -2.043114; 1.783426; 0.059349;,
        -1.843601; 1.783426; 0.058419;,
        -2.043114; 1.783426; 0.059349;,
        -2.006775; 3.260638; 0.093994;,
        -1.807262; 3.260638; 0.093064;,
        -1.843601; 1.783426; 0.058419;,
        -0.826045;-0.387176; 0.728716;,
        -0.789706; 1.090035; 0.763362;,
        -0.989219; 1.090035; 0.764292;,
        -1.025558;-0.387176; 0.729647;,
        -0.916357;-0.972080; 0.768368;,
        -0.952696; 0.505132; 0.733723;,
        -1.970253;-1.665470; 0.063425;,
        -1.933914;-3.142682; 0.098070;,
        -0.952696; 0.505132; 0.733723;,
        -0.753183; 0.505132; 0.732792;,
        -1.770740;-1.665470; 0.062495;,
        -1.970253;-1.665470; 0.063425;,
        -0.753183; 0.505132; 0.732792;,
        -0.716844;-0.972080; 0.767437;,
        -1.734400;-3.142682; 0.097140;,
        -1.770740;-1.665470; 0.062495;,
        -0.716844;-0.972080; 0.767437;,
        -0.916357;-0.972080; 0.768368;,
        -1.933914;-3.142682; 0.098070;,
        -1.734400;-3.142682; 0.097140;,
        -1.933914;-3.142682; 0.098070;,
        -1.970253;-1.665470; 0.063425;,
        -1.770740;-1.665470; 0.062495;,
        -1.734400;-3.142682; 0.097140;,
        -0.716844;-0.972080; 0.767437;,
        -0.753183; 0.505132; 0.732792;,
        -0.952696; 0.505132; 0.733723;,
        -0.916357;-0.972080; 0.768368;,
         6.592544; 1.136036; 0.887795;,
         6.592544; 1.201822; 0.887795;,
         6.592544; 1.201822; 0.822009;,
         6.592544; 1.136036; 0.822009;,
         6.592544; 1.201822; 0.887795;,
         7.908252; 1.201822; 0.887795;,
         7.908252; 1.201822; 0.822009;,
         6.592544; 1.201822; 0.822009;,
         7.908252; 1.201822; 0.887795;,
         7.908253; 1.136036; 0.887795;,
         7.908252; 1.136036; 0.822009;,
         7.908252; 1.201822; 0.822009;,
         7.908253; 1.136036; 0.887795;,
         6.592544; 1.136036; 0.887795;,
         6.592544; 1.136036; 0.822009;,
         7.908252; 1.136036; 0.822009;,
         6.592544; 1.136036; 0.822009;,
         6.592544; 1.201822; 0.822009;,
         7.908252; 1.201822; 0.822009;,
         7.908252; 1.136036; 0.822009;,
         7.908253; 1.136036; 0.887795;,
         7.908252; 1.201822; 0.887795;,
         6.592544; 1.201822; 0.887795;,
         6.592544; 1.136036; 0.887795;,
         7.964717; 1.134364; 0.967613;,
         7.964717; 1.200149; 0.967613;,
         7.964717; 1.200149; 0.901827;,
         7.964718; 1.134364; 0.901827;,
         7.964717; 1.200149; 0.967613;,
         9.280426; 1.200149; 0.967613;,
         9.280426; 1.200149; 0.901827;,
         7.964717; 1.200149; 0.901827;,
         9.280426; 1.200149; 0.967613;,
         9.280426; 1.134364; 0.967613;,
         9.280426; 1.134364; 0.901827;,
         9.280426; 1.200149; 0.901827;,
         9.280426; 1.134364; 0.967613;,
         7.964717; 1.134364; 0.967613;,
         7.964718; 1.134364; 0.901827;,
         9.280426; 1.134364; 0.901827;,
         7.964718; 1.134364; 0.901827;,
         7.964717; 1.200149; 0.901827;,
         9.280426; 1.200149; 0.901827;,
         9.280426; 1.134364; 0.901827;,
         9.280426; 1.134364; 0.967613;,
         9.280426; 1.200149; 0.967613;,
         7.964717; 1.200149; 0.967613;,
         7.964717; 1.134364; 0.967613;,
         5.435178; 1.128828; 0.827780;,
         5.435178; 1.194614; 0.827780;,
         6.069468; 1.194614; 0.777385;,
         6.069468; 1.128828; 0.777385;,
         5.435178; 1.194614; 0.827780;,
         7.954906; 1.194614; 0.968733;,
         8.589197; 1.194614; 0.918339;,
         6.069468; 1.194614; 0.777385;,
         7.954906; 1.194614; 0.968733;,
         7.954906; 1.128828; 0.968733;,
         8.589197; 1.128828; 0.918339;,
         8.589197; 1.194614; 0.918339;,
         7.954906; 1.128828; 0.968733;,
         5.435178; 1.128828; 0.827780;,
         6.069468; 1.128828; 0.777385;,
         8.589197; 1.128828; 0.918339;,
         6.069468; 1.128828; 0.777385;,
         6.069468; 1.194614; 0.777385;,
         8.589197; 1.194614; 0.918339;,
         8.589197; 1.128828; 0.918339;,
         7.954906; 1.128828; 0.968733;,
         7.954906; 1.194614; 0.968733;,
         5.435178; 1.194614; 0.827780;,
         5.435178; 1.128828; 0.827780;,
         1.813167; 0.992401; 0.623902;,
         1.813167; 1.321328; 0.623902;,
         2.236027; 1.321328; 0.590306;,
         2.236027; 0.992401; 0.590306;,
         1.813167; 1.321328; 0.623902;,
         5.592758; 1.321328; 0.835333;,
         6.015618; 1.321328; 0.801736;,
         2.236027; 1.321328; 0.590306;,
         5.592758; 1.321328; 0.835333;,
         5.592758; 0.992401; 0.835333;,
         6.015618; 0.992401; 0.801736;,
         6.015618; 1.321328; 0.801736;,
         5.592758; 0.992401; 0.835333;,
         1.813167; 0.992401; 0.623902;,
         2.236027; 0.992401; 0.590306;,
         6.015618; 0.992401; 0.801736;,
         2.236027; 0.992401; 0.590306;,
         2.236027; 1.321328; 0.590306;,
         6.015618; 1.321328; 0.801736;,
         6.015618; 0.992401; 0.801736;,
         5.592758; 0.992401; 0.835333;,
         5.592758; 1.321328; 0.835333;,
         1.813167; 1.321328; 0.623902;,
         1.813167; 0.992401; 0.623902;,
        -0.060902; 0.995862; 0.773472;,
        -0.060902; 1.324789; 0.773472;,
         2.053400; 1.324789; 0.605490;,
         2.053400; 0.995862; 0.605490;,
        -0.060902; 1.324789; 0.773472;,
         0.443043; 1.324789; 0.801662;,
         2.557346; 1.324789; 0.633680;,
         2.053400; 1.324789; 0.605490;,
         0.443043; 1.324789; 0.801662;,
         0.443043; 0.995862; 0.801662;,
         2.557346; 0.995862; 0.633681;,
         2.557346; 1.324789; 0.633680;,
         0.443043; 0.995862; 0.801662;,
        -0.060902; 0.995862; 0.773472;,
         2.053400; 0.995862; 0.605490;,
         2.557346; 0.995862; 0.633681;,
         2.053400; 0.995862; 0.605490;,
         2.053400; 1.324789; 0.605490;,
         2.557346; 1.324789; 0.633680;,
         2.557346; 0.995862; 0.633681;,
         0.443043; 0.995862; 0.801662;,
         0.443043; 1.324789; 0.801662;,
        -0.060902; 1.324789; 0.773472;,
        -0.060902; 0.995862; 0.773472;,
         6.516903;-1.184078; 0.880144;,
         6.516903;-1.118293; 0.880144;,
         6.516903;-1.118293; 0.814359;,
         6.516903;-1.184078; 0.814359;,
         6.516903;-1.118293; 0.880144;,
         7.832613;-1.118293; 0.880144;,
         7.832612;-1.118293; 0.814359;,
         6.516903;-1.118293; 0.814359;,
         7.832613;-1.118293; 0.880144;,
         7.832613;-1.184078; 0.880144;,
         7.832613;-1.184078; 0.814359;,
         7.832612;-1.118293; 0.814359;,
         7.832613;-1.184078; 0.880144;,
         6.516903;-1.184078; 0.880144;,
         6.516903;-1.184078; 0.814359;,
         7.832613;-1.184078; 0.814359;,
         6.516903;-1.184078; 0.814359;,
         6.516903;-1.118293; 0.814359;,
         7.832612;-1.118293; 0.814359;,
         7.832613;-1.184078; 0.814359;,
         7.832613;-1.184078; 0.880144;,
         7.832613;-1.118293; 0.880144;,
         6.516903;-1.118293; 0.880144;,
         6.516903;-1.184078; 0.880144;,
         7.889078;-1.185751; 0.959962;,
         7.889078;-1.119965; 0.959962;,
         7.889077;-1.119965; 0.894177;,
         7.889077;-1.185751; 0.894177;,
         7.889078;-1.119965; 0.959962;,
         9.204785;-1.119965; 0.959962;,
         9.204785;-1.119965; 0.894177;,
         7.889077;-1.119965; 0.894177;,
         9.204785;-1.119965; 0.959962;,
         9.204785;-1.185751; 0.959962;,
         9.204785;-1.185751; 0.894177;,
         9.204785;-1.119965; 0.894177;,
         9.204785;-1.185751; 0.959962;,
         7.889078;-1.185751; 0.959962;,
         7.889077;-1.185751; 0.894177;,
         9.204785;-1.185751; 0.894177;,
         7.889077;-1.185751; 0.894177;,
         7.889077;-1.119965; 0.894177;,
         9.204785;-1.119965; 0.894177;,
         9.204785;-1.185751; 0.894177;,
         9.204785;-1.185751; 0.959962;,
         9.204785;-1.119965; 0.959962;,
         7.889078;-1.119965; 0.959962;,
         7.889078;-1.185751; 0.959962;,
         5.359537;-1.191286; 0.820129;,
         5.359537;-1.125501; 0.820129;,
         5.993828;-1.125501; 0.769735;,
         5.993828;-1.191286; 0.769735;,
         5.359537;-1.125501; 0.820129;,
         7.879265;-1.125501; 0.961083;,
         8.513556;-1.125501; 0.910688;,
         5.993828;-1.125501; 0.769735;,
         7.879265;-1.125501; 0.961083;,
         7.879265;-1.191286; 0.961083;,
         8.513556;-1.191286; 0.910688;,
         8.513556;-1.125501; 0.910688;,
         7.879265;-1.191286; 0.961083;,
         5.359537;-1.191286; 0.820129;,
         5.993828;-1.191286; 0.769735;,
         8.513556;-1.191286; 0.910688;,
         5.993828;-1.191286; 0.769735;,
         5.993828;-1.125501; 0.769735;,
         8.513556;-1.125501; 0.910688;,
         8.513556;-1.191286; 0.910688;,
         7.879265;-1.191286; 0.961083;,
         7.879265;-1.125501; 0.961083;,
         5.359537;-1.125501; 0.820129;,
         5.359537;-1.191286; 0.820129;,
         1.629003;-1.328491; 0.612055;,
         1.629003;-0.999564; 0.612055;,
         2.051863;-0.999564; 0.578459;,
         2.051863;-1.328491; 0.578459;,
         1.629003;-0.999564; 0.612055;,
         5.408594;-0.999564; 0.823485;,
         5.831454;-0.999564; 0.789889;,
         2.051863;-0.999564; 0.578459;,
         5.408594;-0.999564; 0.823485;,
         5.408594;-1.328491; 0.823485;,
         5.831454;-1.328491; 0.789889;,
         5.831454;-0.999564; 0.789889;,
         5.408594;-1.328491; 0.823485;,
         1.629003;-1.328491; 0.612055;,
         2.051863;-1.328491; 0.578459;,
         5.831454;-1.328491; 0.789889;,
         2.051863;-1.328491; 0.578459;,
         2.051863;-0.999564; 0.578459;,
         5.831454;-0.999564; 0.789889;,
         5.831454;-1.328491; 0.789889;,
         5.408594;-1.328491; 0.823485;,
         5.408594;-0.999564; 0.823485;,
         1.629003;-0.999564; 0.612055;,
         1.629003;-1.328491; 0.612055;,
        -0.239592;-1.327358; 0.751769;,
        -0.239592;-0.998431; 0.751769;,
         1.874711;-0.998431; 0.583787;,
         1.874711;-1.327358; 0.583787;,
        -0.239592;-0.998431; 0.751769;,
         0.264353;-0.998431; 0.779959;,
         2.378656;-0.998431; 0.611977;,
         1.874711;-0.998431; 0.583787;,
         0.264353;-0.998431; 0.779959;,
         0.264353;-1.327358; 0.779959;,
         2.378656;-1.327358; 0.611977;,
         2.378656;-0.998431; 0.611977;,
         0.264353;-1.327358; 0.779959;,
        -0.239592;-1.327358; 0.751769;,
         1.874711;-1.327358; 0.583787;,
         2.378656;-1.327358; 0.611977;,
         1.874711;-1.327358; 0.583787;,
         1.874711;-0.998431; 0.583787;,
         2.378656;-0.998431; 0.611977;,
         2.378656;-1.327358; 0.611977;,
         0.264353;-1.327358; 0.779959;,
         0.264353;-0.998431; 0.779959;,
        -0.239592;-0.998431; 0.751769;,
        -0.239592;-1.327358; 0.751769;,
        -1.000000;-1.000000; 1.000000;,
        -1.000000; 1.000000; 1.000000;,
        -0.828937; 1.000000; 0.187753;,
        -0.828937;-1.000000; 0.187753;,
        -1.000000; 1.000000; 1.000000;,
         1.000000; 1.000000; 1.000000;,
         1.171063; 1.000000; 0.187753;,
        -0.828937; 1.000000; 0.187753;,
         1.000000; 1.000000; 1.000000;,
         1.000000;-1.000000; 1.000000;,
         1.171063;-1.000000; 0.187753;,
         1.171063; 1.000000; 0.187753;,
         1.000000;-1.000000; 1.000000;,
        -1.000000;-1.000000; 1.000000;,
        -0.828937;-1.000000; 0.187753;,
         1.171063;-1.000000; 0.187753;,
        -0.828937;-1.000000; 0.187753;,
        -0.828937; 1.000000; 0.187753;,
         1.171063; 1.000000; 0.187753;,
         1.171063;-1.000000; 0.187753;,
         1.000000;-1.000000; 1.000000;,
         1.000000; 1.000000; 1.000000;,
        -1.000000; 1.000000; 1.000000;,
        -1.000000;-1.000000; 1.000000;,
         6.678789; 1.210307; 0.566430;,
         7.994499; 1.210307; 0.566430;,
         7.994498; 1.210307; 0.500644;,
         6.678789; 1.210307; 0.500644;,
         7.994499; 1.210307; 0.566430;,
         7.994499; 1.144521; 0.566430;,
         7.994498; 1.144521; 0.500644;,
         7.994498; 1.210307; 0.500644;,
         7.994499; 1.144521; 0.566430;,
         6.678789; 1.144521; 0.566430;,
         6.678789; 1.144521; 0.500644;,
         7.994498; 1.144521; 0.500644;,
         7.994499; 1.144521; 0.566430;,
         7.994499; 1.210307; 0.566430;,
         6.678789; 1.210307; 0.566430;,
         6.678789; 1.144521; 0.566430;,
         8.050964; 1.208634; 0.646248;,
         9.366673; 1.208634; 0.646248;,
         9.366673; 1.208634; 0.580463;,
         8.050964; 1.208634; 0.580463;,
         9.366673; 1.208634; 0.646248;,
         9.366673; 1.142849; 0.646248;,
         9.366673; 1.142849; 0.580463;,
         9.366673; 1.208634; 0.580463;,
         9.366673; 1.142849; 0.646248;,
         8.050964; 1.142849; 0.646248;,
         8.050964; 1.142849; 0.580463;,
         9.366673; 1.142849; 0.580463;,
         9.366673; 1.142849; 0.646248;,
         9.366673; 1.208634; 0.646248;,
