xof 0303txt 0032

template XSkinMeshHeader {
  <3cf169ce-ff7c-44ab-93c0-f78f62d172e2>
  WORD nMaxSkinWeightsPerVertex;
  WORD nMaxSkinWeightsPerFace;
  WORD nBones;
}

template SkinWeights {
  <6f0d123b-bad2-4167-a0d0-80224f25fabb>
  STRING transformNodeName;
  DWORD nWeights;
  array DWORD vertexIndices[nWeights];
  array float weights[nWeights];
  Matrix4x4 matrixOffset;
}

Frame Root {
  FrameTransformMatrix {
     1.000000, 0.000000, 0.000000, 0.000000,
     0.000000,-0.000000, 1.000000, 0.000000,
     0.000000, 1.000000, 0.000000, 0.000000,
     0.000000, 0.000000, 0.000000, 1.000000;;
  }
  Frame Armature {
    FrameTransformMatrix {
       1.000000, 0.000000, 0.000000, 0.000000,
       0.000000, 1.000000, 0.000000, 0.000000,
       0.000000, 0.000000, 1.000000, 0.000000,
       0.000000, 0.000000, 0.000000, 1.000000;;
    }
    Frame Armature_Bone {
      FrameTransformMatrix {
         0.006189, 0.000000,-0.999981, 0.000000,
         0.999981, 0.000000, 0.006189, 0.000000,
         0.000000,-1.000000,-0.000000, 0.000000,
         0.239379, 0.000000, 0.583602, 1.000000;;
      }
      Frame Armature_Bone_036 {
        FrameTransformMatrix {
          -0.000000, 0.000000, 1.000000, 0.000000,
           0.006189, 0.999981, 0.000000, 0.000000,
          -0.999981, 0.006189,-0.000000, 0.000000,
          -0.000000, 0.286543,-0.000000, 1.000000;;
        }
        Frame Armature_Bone_037 {
          FrameTransformMatrix {
             0.483013,-0.866105,-0.128685, 0.000000,
             0.833794, 0.499826,-0.234438, 0.000000,
             0.267368, 0.005940, 0.963576, 0.000000,
             0.000000, 0.345238,-0.000000, 1.000000;;
          }
          Frame Armature_Bone_039 {
            FrameTransformMatrix {
               0.671992, 0.693947, 0.258581, 0.000000,
              -0.729292, 0.680791, 0.068239, 0.000000,
              -0.128685,-0.234438, 0.963576, 0.000000,
               0.000000, 0.593169, 0.000000, 1.000000;;
            }
            Frame Armature_Bone_041 {
              FrameTransformMatrix {
                 0.937609, 0.347692, 0.000000, 0.000000,
                -0.347692, 0.937609,-0.000000, 0.000000,
                -0.000000,-0.000000, 1.000000, 0.000000,
                -0.000000, 0.641744, 0.000000, 1.000000;;
              }
            } // End of Armature_Bone_041
          } // End of Armature_Bone_039
        } // End of Armature_Bone_037
        Frame Armature_Bone_038 {
          FrameTransformMatrix {
             0.477335, 0.878662, 0.010207, 0.000000,
            -0.856688, 0.467920,-0.217111, 0.000000,
            -0.195543, 0.094890, 0.976094, 0.000000,
             0.000000, 0.345238,-0.000000, 1.000000;;
          }
          Frame Armature_Bone_040 {
            FrameTransformMatrix {
               0.647069,-0.742781,-0.171982, 0.000000,
               0.762363, 0.633356, 0.132904, 0.000000,
               0.010207,-0.217111, 0.976094, 0.000000,
               0.000000, 0.589091, 0.000000, 1.000000;;
            }
            Frame Armature_Bone_042 {
              FrameTransformMatrix {
                 0.917051,-0.398769,-0.000000, 0.000000,
                 0.398769, 0.917051, 0.000000, 0.000000,
                 0.000000,-0.000000, 1.000000, 0.000000,
                 0.000000, 0.641745,-0.000000, 1.000000;;
              }
            } // End of Armature_Bone_042
          } // End of Armature_Bone_040
        } // End of Armature_Bone_038
        Frame Armature_Bone_043 {
          FrameTransformMatrix {
            -0.000000, 1.000000, 0.000000, 0.000000,
            -1.000000, 0.000000,-0.000000, 0.000000,
             0.000000,-0.000000, 1.000000, 0.000000,
             0.000000, 0.345238,-0.000000, 1.000000;;
          }
        } // End of Armature_Bone_043
        Frame Armature_Bone_044 {
          FrameTransformMatrix {
             0.000000,-1.000000,-0.000000, 0.000000,
             1.000000,-0.000000, 0.000000, 0.000000,
             0.000000,-0.000000, 1.000000, 0.000000,
             0.000000, 0.345238,-0.000000, 1.000000;;
          }
        } // End of Armature_Bone_044
      } // End of Armature_Bone_036
    } // End of Armature_Bone
    Frame Armature_Bone_001 {
      FrameTransformMatrix {
         0.000000, 1.000000, 0.000000, 0.000000,
        -1.000000, 0.000000, 0.000000, 0.000000,
         0.000000, 0.000000, 1.000000, 0.000000,
         0.239379, 0.000000, 0.583602, 1.000000;;
      }
      Frame Armature_Bone_002 {
        FrameTransformMatrix {
           1.000000, 0.000000, 0.000000, 0.000000,
           0.000000, 0.992118, 0.125307, 0.000000,
           0.000000,-0.125307, 0.992118, 0.000000,
           0.000000, 0.294462, 0.000000, 1.000000;;
        }
        Frame Armature_Bone_004 {
          FrameTransformMatrix {
             1.000000, 0.000000, 0.000000, 0.000000,
             0.000000, 0.970740,-0.240132, 0.000000,
             0.000000, 0.240132, 0.970740, 0.000000,
             0.000000, 0.299259,-0.000000, 1.000000;;
          }
          Frame Armature_Bone_003 {
            FrameTransformMatrix {
               1.000000, 0.000000, 0.000000, 0.000000,
               0.000000, 0.955900,-0.293694, 0.000000,
               0.000000, 0.293694, 0.955900, 0.000000,
               0.000000, 0.299259, 0.000000, 1.000000;;
            }
            Frame Armature_Bone_007 {
              FrameTransformMatrix {
                 0.000000, 1.000000, 0.000000, 0.000000,
                -1.000000, 0.000000, 0.000000, 0.000000,
                 0.000000, 0.000000, 1.000000, 0.000000,
                 0.000000, 0.281284, 0.000000, 1.000000;;
              }
              Frame Armature_Bone_010 {
                FrameTransformMatrix {
                   0.881380, 0.465344,-0.081383, 0.000000,
                  -0.472402, 0.867390,-0.156432, 0.000000,
                  -0.002204, 0.176322, 0.984330, 0.000000,
                  -0.000000, 0.337279, 0.000000, 1.000000;;
                }
                Frame Armature_Bone_013 {
                  FrameTransformMatrix {
                     0.940590,-0.256939,-0.221976, 0.000000,
                    -0.023686, 0.602501,-0.797766, 0.000000,
                     0.338718, 0.755628, 0.560621, 0.000000,
                    -0.000000, 0.699206, 0.000000, 1.000000;;
                  }
                  Frame Armature_Bone_016 {
                    FrameTransformMatrix {
                       0.286159, 0.493194, 0.821507, 0.000000,
                      -0.788258, 0.608608,-0.090802, 0.000000,
                      -0.544758,-0.621575, 0.562923, 0.000000,
                      -0.000000, 0.717308,-0.000000, 1.000000;;
                    }
                  } // End of Armature_Bone_016
                  Frame Armature_Bone_019 {
                    FrameTransformMatrix {
                       0.779615,-0.128092, 0.613020, 0.000000,
                      -0.308933, 0.772811, 0.554368, 0.000000,
                      -0.544759,-0.621576, 0.562923, 0.000000,
                      -0.000000, 0.717308,-0.000000, 1.000000;;
                    }
                  } // End of Armature_Bone_019
                } // End of Armature_Bone_013
              } // End of Armature_Bone_010
            } // End of Armature_Bone_007
            Frame Armature_Bone_022 {
              FrameTransformMatrix {
                 0.000000,-1.000000, 0.000000, 0.000000,
                 1.000000, 0.000000, 0.000000, 0.000000,
                 0.000000, 0.000000, 1.000000, 0.000000,
                 0.000000, 0.281284, 0.000000, 1.000000;;
              }
              Frame Armature_Bone_025 {
                FrameTransformMatrix {
                   0.610441,-0.617878,-0.495569, 0.000000,
                   0.570323, 0.777052,-0.266311, 0.000000,
                   0.549631,-0.120067, 0.826735, 0.000000,
                  -0.000000, 0.337917, 0.000000, 1.000000;;
                }
                Frame Armature_Bone_028 {
                  FrameTransformMatrix {
                     0.945093, 0.187293, 0.267805, 0.000000,
                     0.039799, 0.747414,-0.663165, 0.000000,
                    -0.324367, 0.637411, 0.698922, 0.000000,
                     0.000000, 0.696020, 0.000000, 1.000000;;
                  }
                  Frame Armature_Bone_031 {
                    FrameTransformMatrix {
                       0.764100,-0.548141,-0.340136, 0.000000,
                       0.644544, 0.670551, 0.367322, 0.000000,
                       0.026734,-0.499903, 0.865669, 0.000000,
                      -0.000000, 0.687858, 0.000000, 1.000000;;
                    }
                  } // End of Armature_Bone_031
                  Frame Armature_Bone_034 {
                    FrameTransformMatrix {
                       0.200109,-0.845774,-0.494594, 0.000000,
                       0.979409, 0.186450, 0.077424, 0.000000,
                       0.026735,-0.499903, 0.865669, 0.000000,
                      -0.000000, 0.687858, 0.000000, 1.000000;;
                    }
                  } // End of Armature_Bone_034
                } // End of Armature_Bone_028
              } // End of Armature_Bone_025
            } // End of Armature_Bone_022
            Frame Armature_Bone_035 {
              FrameTransformMatrix {
                 1.000000, 0.000000, 0.000000, 0.000000,
                 0.000000, 1.000000, 0.000000, 0.000000,
                 0.000000, 0.000000, 1.000000, 0.000000,
                 0.000000, 0.281284, 0.000000, 1.000000;;
              }
            } // End of Armature_Bone_035
          } // End of Armature_Bone_003
        } // End of Armature_Bone_004
        Frame Armature_Bone_006 {
          FrameTransformMatrix {
             0.000000, 1.000000,-0.000000, 0.000000,
            -1.000000, 0.000000, 0.000000, 0.000000,
             0.000000, 0.000000, 1.000000, 0.000000,
             0.000000, 0.299259,-0.000000, 1.000000;;
          }
          Frame Armature_Bone_009 {
            FrameTransformMatrix {
               0.358592, 0.737777, 0.571924, 0.000000,
              -0.445810, 0.673635,-0.589465, 0.000000,
              -0.820162,-0.043592, 0.570469, 0.000000,
              -0.000000, 0.337279,-0.000000, 1.000000;;
            }
            Frame Armature_Bone_012 {
              FrameTransformMatrix {
                 0.917225, 0.325005,-0.230369, 0.000000,
                -0.071817, 0.703710, 0.706848, 0.000000,
                 0.391842,-0.631794, 0.668801, 0.000000,
                 0.000000, 0.699206,-0.000000, 1.000000;;
              }
              Frame Armature_Bone_015 {
                FrameTransformMatrix {
                   0.799654, 0.554937,-0.229341, 0.000000,
                  -0.523419, 0.831379, 0.186660, 0.000000,
                   0.294254,-0.029222, 0.955280, 0.000000,
                  -0.000000, 0.717308,-0.000000, 1.000000;;
                }
              } // End of Armature_Bone_015
              Frame Armature_Bone_018 {
                FrameTransformMatrix {
                   0.922187,-0.253791,-0.291824, 0.000000,
                   0.250969, 0.966818,-0.047731, 0.000000,
                   0.294254,-0.029222, 0.955280, 0.000000,
                  -0.000000, 0.717308,-0.000000, 1.000000;;
                }
              } // End of Armature_Bone_018
            } // End of Armature_Bone_012
          } // End of Armature_Bone_009
        } // End of Armature_Bone_006
        Frame Armature_Bone_021 {
          FrameTransformMatrix {
             0.000000,-1.000000, 0.000000, 0.000000,
             1.000000, 0.000000, 0.000000, 0.000000,
             0.000000, 0.000000, 1.000000, 0.000000,
             0.000000, 0.299259,-0.000000, 1.000000;;
          }
          Frame Armature_Bone_024 {
            FrameTransformMatrix {
               0.825945,-0.562247, 0.041157, 0.000000,
               0.546860, 0.781322,-0.300801, 0.000000,
               0.136968, 0.270952, 0.952799, 0.000000,
               0.000000, 0.337917,-0.000000, 1.000000;;
            }
            Frame Armature_Bone_027 {
              FrameTransformMatrix {
                 0.880759,-0.440862,-0.172926, 0.000000,
                 0.439507, 0.896947,-0.048169, 0.000000,
                 0.176342,-0.033577, 0.983756, 0.000000,
                -0.000000, 0.696021, 0.000000, 1.000000;;
              }
              Frame Armature_Bone_030 {
                FrameTransformMatrix {
                   0.998770,-0.022546, 0.044149, 0.000000,
                   0.014045, 0.982799, 0.184144, 0.000000,
                  -0.047541,-0.183297, 0.981907, 0.000000,
                  -0.000000, 0.687857, 0.000000, 1.000000;;
                }
              } // End of Armature_Bone_030
              Frame Armature_Bone_033 {
                FrameTransformMatrix {
                   0.775065,-0.626861,-0.079493, 0.000000,
                   0.630091, 0.757263, 0.171869, 0.000000,
                  -0.047541,-0.183297, 0.981907, 0.000000,
                  -0.000000, 0.687857, 0.000000, 1.000000;;
                }
              } // End of Armature_Bone_033
            } // End of Armature_Bone_027
          } // End of Armature_Bone_024
        } // End of Armature_Bone_021
      } // End of Armature_Bone_002
    } // End of Armature_Bone_001
    Frame Armature_Bone_005 {
      FrameTransformMatrix {
        -1.000000, 0.000000, 0.000000, 0.000000,
         0.000000,-1.000000, 0.000000, 0.000000,
         0.000000, 0.000000, 1.000000, 0.000000,
         0.239379, 0.000000, 0.583602, 1.000000;;
      }
      Frame Armature_Bone_008 {
        FrameTransformMatrix {
           0.893649, 0.448767, 0.000000, 0.000000,
          -0.408523, 0.813509,-0.413900, 0.000000,
          -0.185745, 0.369881, 0.910322, 0.000000,
           0.000000, 0.337279, 0.000000, 1.000000;;
        }
        Frame Armature_Bone_011 {
          FrameTransformMatrix {
             0.570472, 0.820479,-0.037085, 0.000000,
            -0.816741, 0.561955,-0.130924, 0.000000,
            -0.086580, 0.104977, 0.990698, 0.000000,
             0.000000, 0.699206,-0.000000, 1.000000;;
          }
          Frame Armature_Bone_014 {
            FrameTransformMatrix {
               0.828834, 0.361432, 0.427085, 0.000000,
              -0.387525, 0.921442,-0.027734, 0.000000,
              -0.403558,-0.142519, 0.903786, 0.000000,
               0.000000, 0.717308, 0.000000, 1.000000;;
            }
          } // End of Armature_Bone_014
          Frame Armature_Bone_017 {
            FrameTransformMatrix {
               0.839878,-0.449567, 0.304129, 0.000000,
               0.362968, 0.881804, 0.301125, 0.000000,
              -0.403558,-0.142519, 0.903786, 0.000000,
               0.000000, 0.717308, 0.000000, 1.000000;;
            }
          } // End of Armature_Bone_017
        } // End of Armature_Bone_011
      } // End of Armature_Bone_008
    } // End of Armature_Bone_005
    Frame Armature_Bone_020 {
      FrameTransformMatrix {
         1.000000, 0.000000, 0.000000, 0.000000,
         0.000000, 1.000000, 0.000000, 0.000000,
         0.000000, 0.000000, 1.000000, 0.000000,
         0.239379, 0.000000, 0.583602, 1.000000;;
      }
      Frame Armature_Bone_023 {
        FrameTransformMatrix {
           0.906488,-0.395453, 0.147973, 0.000000,
           0.422231, 0.848999,-0.317683, 0.000000,
          -0.000000, 0.350454, 0.936580, 0.000000,
           0.000000, 0.337917, 0.000000, 1.000000;;
        }
        Frame Armature_Bone_026 {
          FrameTransformMatrix {
             0.627516,-0.778332, 0.020559, 0.000000,
             0.719586, 0.569665,-0.397086, 0.000000,
             0.297353, 0.263972, 0.917551, 0.000000,
             0.000000, 0.696020,-0.000000, 1.000000;;
          }
          Frame Armature_Bone_029 {
            FrameTransformMatrix {
               0.905858, 0.351605,-0.236212, 0.000000,
              -0.213208, 0.860340, 0.462988, 0.000000,
               0.366011,-0.369039, 0.854310, 0.000000,
              -0.000000, 0.687858,-0.000000, 1.000000;;
            }
          } // End of Armature_Bone_029
          Frame Armature_Bone_032 {
            FrameTransformMatrix {
               0.843012,-0.257348,-0.472338, 0.000000,
               0.394166, 0.893075, 0.216912, 0.000000,
               0.366012,-0.369039, 0.854310, 0.000000,
              -0.000000, 0.687858,-0.000000, 1.000000;;
            }
          } // End of Armature_Bone_032
        } // End of Armature_Bone_026
      } // End of Armature_Bone_023
    } // End of Armature_Bone_020
    Frame Cube_004 {
      FrameTransformMatrix {
         0.009036, 0.000000,-0.262788, 0.000000,
         0.000000, 0.344107, 0.000000, 0.000000,
         0.286770, 0.000000, 0.009860, 0.000000,
         0.231718, 0.000000, 0.376253, 1.000000;;
      }
      Mesh { // Cube_004 mesh
        1200;
        -0.199819;-3.035621;-0.219666;,
        -0.231332;-1.035766;-0.219666;,
         0.129257;-1.032449;-0.219666;,
         0.160771;-3.032304;-0.219666;,
        -0.199819;-3.035621; 0.134676;,
         0.160771;-3.032304; 0.134676;,
         0.129257;-1.032449; 0.134676;,
        -0.231332;-1.035766; 0.134676;,
        -0.199819;-3.035621;-0.219666;,
        -0.199819;-3.035621; 0.134676;,
        -0.231332;-1.035766; 0.134676;,
        -0.231332;-1.035766;-0.219666;,
        -0.231332;-1.035766;-0.219666;,
        -0.231332;-1.035766; 0.134676;,
         0.129257;-1.032449; 0.134676;,
         0.129257;-1.032449;-0.219666;,
         0.129257;-1.032449;-0.219666;,
         0.129257;-1.032449; 0.134676;,
         0.160771;-3.032304; 0.134676;,
         0.160771;-3.032304;-0.219666;,
        -0.199819;-3.035621; 0.134676;,
        -0.199819;-3.035621;-0.219666;,
         0.160771;-3.032304;-0.219666;,
         0.160771;-3.032304; 0.134676;,
        -0.104108;-5.065030;-0.181361;,
        -0.135622;-3.065175;-0.181361;,
         0.097522;-3.063030;-0.181361;,
         0.129036;-5.062885;-0.181361;,
        -0.104108;-5.065030; 0.096372;,
         0.129036;-5.062885; 0.096372;,
         0.097522;-3.063030; 0.096372;,
        -0.135622;-3.065175; 0.096372;,
        -0.104108;-5.065030;-0.181361;,
        -0.104108;-5.065030; 0.096372;,
        -0.135622;-3.065175; 0.096372;,
        -0.135622;-3.065175;-0.181361;,
        -0.135622;-3.065175;-0.181361;,
        -0.135622;-3.065175; 0.096372;,
         0.097522;-3.063030; 0.096372;,
         0.097522;-3.063030;-0.181361;,
         0.097522;-3.063030;-0.181361;,
         0.097522;-3.063030; 0.096372;,
         0.129036;-5.062885; 0.096372;,
         0.129036;-5.062885;-0.181361;,
        -0.104108;-5.065030; 0.096372;,
        -0.104108;-5.065030;-0.181361;,
         0.129036;-5.062885;-0.181361;,
         0.129036;-5.062885; 0.096372;,
        -0.056132;-5.925269; 0.230120;,
        -0.068924;-5.113487;-0.085848;,
         0.095387;-5.111975;-0.085848;,
         0.108179;-5.923757; 0.230120;,
        -0.056813;-5.882010; 0.389978;,
         0.107497;-5.880498; 0.389978;,
         0.094706;-5.068717; 0.074011;,
        -0.069605;-5.070228; 0.074011;,
        -0.056132;-5.925269; 0.230120;,
        -0.056813;-5.882010; 0.389978;,
        -0.069605;-5.070228; 0.074011;,
        -0.068924;-5.113487;-0.085848;,
        -0.068924;-5.113487;-0.085848;,
        -0.069605;-5.070228; 0.074011;,
         0.094706;-5.068717; 0.074011;,
         0.095387;-5.111975;-0.085848;,
         0.095387;-5.111975;-0.085848;,
         0.094706;-5.068717; 0.074011;,
         0.107497;-5.880498; 0.389978;,
         0.108179;-5.923757; 0.230120;,
        -0.056813;-5.882010; 0.389978;,
        -0.056132;-5.925269; 0.230120;,
         0.108179;-5.923757; 0.230120;,
         0.107497;-5.880498; 0.389978;,
        -0.056982;-5.871323;-0.537320;,
        -0.069544;-5.074132;-0.171803;,
         0.094767;-5.072620;-0.171803;,
         0.107329;-5.869812;-0.537320;,
        -0.056193;-5.921365;-0.380334;,
         0.108118;-5.919853;-0.380334;,
         0.095556;-5.122663;-0.014818;,
        -0.068755;-5.124174;-0.014818;,
        -0.056982;-5.871323;-0.537320;,
        -0.056193;-5.921365;-0.380334;,
        -0.068755;-5.124174;-0.014818;,
        -0.069544;-5.074132;-0.171803;,
        -0.069544;-5.074132;-0.171803;,
        -0.068755;-5.124174;-0.014818;,
         0.095556;-5.122663;-0.014818;,
         0.094767;-5.072620;-0.171803;,
         0.094767;-5.072620;-0.171803;,
         0.095556;-5.122663;-0.014818;,
         0.108118;-5.919853;-0.380334;,
         0.107329;-5.869812;-0.537320;,
        -0.056193;-5.921365;-0.380334;,
        -0.056982;-5.871323;-0.537320;,
         0.107329;-5.869812;-0.537320;,
         0.108118;-5.919853;-0.380334;,
        -0.056982;-5.871323;-2.524514;,
        -0.069544;-5.074132;-2.158998;,
         0.094767;-5.072620;-2.158998;,
         0.107329;-5.869812;-2.524514;,
        -0.056193;-5.921365;-2.367529;,
         0.108118;-5.919853;-2.367529;,
         0.095556;-5.122663;-2.002012;,
        -0.068755;-5.124174;-2.002012;,
        -0.056982;-5.871323;-2.524514;,
        -0.056193;-5.921365;-2.367529;,
        -0.068755;-5.124174;-2.002012;,
        -0.069544;-5.074132;-2.158998;,
        -0.069544;-5.074132;-2.158998;,
        -0.068755;-5.124174;-2.002012;,
         0.095556;-5.122663;-2.002012;,
         0.094767;-5.072620;-2.158998;,
         0.094767;-5.072620;-2.158998;,
         0.095556;-5.122663;-2.002012;,
         0.108118;-5.919853;-2.367529;,
         0.107329;-5.869812;-2.524514;,
        -0.056193;-5.921365;-2.367529;,
        -0.056982;-5.871323;-2.524514;,
         0.107329;-5.869812;-2.524514;,
         0.108118;-5.919853;-2.367529;,
        -0.056132;-5.925269;-1.757074;,
        -0.068924;-5.113487;-2.073042;,
         0.095387;-5.111975;-2.073042;,
         0.108179;-5.923757;-1.757074;,
        -0.056813;-5.882010;-1.597216;,
         0.107497;-5.880498;-1.597216;,
         0.094706;-5.068717;-1.913183;,
        -0.069605;-5.070228;-1.913183;,
        -0.056132;-5.925269;-1.757074;,
        -0.056813;-5.882010;-1.597216;,
        -0.069605;-5.070228;-1.913183;,
        -0.068924;-5.113487;-2.073042;,
        -0.068924;-5.113487;-2.073042;,
        -0.069605;-5.070228;-1.913183;,
         0.094706;-5.068717;-1.913183;,
         0.095387;-5.111975;-2.073042;,
         0.095387;-5.111975;-2.073042;,
         0.094706;-5.068717;-1.913183;,
         0.107497;-5.880498;-1.597216;,
         0.108179;-5.923757;-1.757074;,
        -0.056813;-5.882010;-1.597216;,
        -0.056132;-5.925269;-1.757074;,
         0.108179;-5.923757;-1.757074;,
         0.107497;-5.880498;-1.597216;,
        -0.104108;-5.065030;-2.168556;,
        -0.135622;-3.065175;-2.168556;,
         0.097522;-3.063030;-2.168556;,
         0.129036;-5.062885;-2.168556;,
        -0.104108;-5.065030;-1.890823;,
         0.129036;-5.062885;-1.890823;,
         0.097522;-3.063030;-1.890823;,
        -0.135622;-3.065175;-1.890823;,
        -0.104108;-5.065030;-2.168556;,
        -0.104108;-5.065030;-1.890823;,
        -0.135622;-3.065175;-1.890823;,
        -0.135622;-3.065175;-2.168556;,
        -0.135622;-3.065175;-2.168556;,
        -0.135622;-3.065175;-1.890823;,
         0.097522;-3.063030;-1.890823;,
         0.097522;-3.063030;-2.168556;,
         0.097522;-3.063030;-2.168556;,
         0.097522;-3.063030;-1.890823;,
         0.129036;-5.062885;-1.890823;,
         0.129036;-5.062885;-2.168556;,
        -0.104108;-5.065030;-1.890823;,
        -0.104108;-5.065030;-2.168556;,
         0.129036;-5.062885;-2.168556;,
         0.129036;-5.062885;-1.890823;,
        -0.199819;-3.035621;-2.206860;,
        -0.231332;-1.035766;-2.206860;,
         0.129257;-1.032449;-2.206860;,
         0.160771;-3.032304;-2.206860;,
        -0.199819;-3.035621;-1.852518;,
         0.160771;-3.032304;-1.852518;,
         0.129257;-1.032449;-1.852518;,
        -0.231332;-1.035766;-1.852518;,
        -0.199819;-3.035621;-2.206860;,
        -0.199819;-3.035621;-1.852518;,
        -0.231332;-1.035766;-1.852518;,
        -0.231332;-1.035766;-2.206860;,
        -0.231332;-1.035766;-2.206860;,
        -0.231332;-1.035766;-1.852518;,
         0.129257;-1.032449;-1.852518;,
         0.129257;-1.032449;-2.206860;,
         0.129257;-1.032449;-2.206860;,
         0.129257;-1.032449;-1.852518;,
         0.160771;-3.032304;-1.852518;,
         0.160771;-3.032304;-2.206860;,
        -0.199819;-3.035621;-1.852518;,
        -0.199819;-3.035621;-2.206860;,
         0.160771;-3.032304;-2.206860;,
         0.160771;-3.032304;-1.852518;,
        -0.199819;-3.035621;-4.210985;,
        -0.231332;-1.035766;-4.210985;,
         0.129257;-1.032449;-4.210985;,
         0.160771;-3.032304;-4.210985;,
        -0.199819;-3.035621;-3.856642;,
         0.160771;-3.032304;-3.856642;,
         0.129257;-1.032449;-3.856642;,
        -0.231332;-1.035766;-3.856642;,
        -0.199819;-3.035621;-4.210985;,
        -0.199819;-3.035621;-3.856642;,
        -0.231332;-1.035766;-3.856642;,
        -0.231332;-1.035766;-4.210985;,
        -0.231332;-1.035766;-4.210985;,
        -0.231332;-1.035766;-3.856642;,
         0.129257;-1.032449;-3.856642;,
         0.129257;-1.032449;-4.210985;,
         0.129257;-1.032449;-4.210985;,
         0.129257;-1.032449;-3.856642;,
         0.160771;-3.032304;-3.856642;,
         0.160771;-3.032304;-4.210985;,
        -0.199819;-3.035621;-3.856642;,
        -0.199819;-3.035621;-4.210985;,
         0.160771;-3.032304;-4.210985;,
         0.160771;-3.032304;-3.856642;,
        -0.104108;-5.065030;-4.172680;,
        -0.135622;-3.065175;-4.172680;,
         0.097522;-3.063030;-4.172680;,
         0.129036;-5.062885;-4.172680;,
        -0.104108;-5.065030;-3.894947;,
         0.129036;-5.062885;-3.894947;,
         0.097522;-3.063030;-3.894947;,
        -0.135622;-3.065175;-3.894947;,
        -0.104108;-5.065030;-4.172680;,
        -0.104108;-5.065030;-3.894947;,
        -0.135622;-3.065175;-3.894947;,
        -0.135622;-3.065175;-4.172680;,
        -0.135622;-3.065175;-4.172680;,
        -0.135622;-3.065175;-3.894947;,
         0.097522;-3.063030;-3.894947;,
         0.097522;-3.063030;-4.172680;,
         0.097522;-3.063030;-4.172680;,
         0.097522;-3.063030;-3.894947;,
         0.129036;-5.062885;-3.894947;,
         0.129036;-5.062885;-4.172680;,
        -0.104108;-5.065030;-3.894947;,
        -0.104108;-5.065030;-4.172680;,
         0.129036;-5.062885;-4.172680;,
         0.129036;-5.062885;-3.894947;,
        -0.056132;-5.925269;-3.761198;,
        -0.068924;-5.113487;-4.077166;,
         0.095387;-5.111975;-4.077166;,
         0.108179;-5.923757;-3.761198;,
        -0.056813;-5.882010;-3.601339;,
         0.107497;-5.880498;-3.601339;,
         0.094706;-5.068717;-3.917307;,
        -0.069605;-5.070228;-3.917307;,
        -0.056132;-5.925269;-3.761198;,
        -0.056813;-5.882010;-3.601339;,
        -0.069605;-5.070228;-3.917307;,
        -0.068924;-5.113487;-4.077166;,
        -0.068924;-5.113487;-4.077166;,
        -0.069605;-5.070228;-3.917307;,
         0.094706;-5.068717;-3.917307;,
         0.095387;-5.111975;-4.077166;,
         0.095387;-5.111975;-4.077166;,
         0.094706;-5.068717;-3.917307;,
         0.107497;-5.880498;-3.601339;,
         0.108179;-5.923757;-3.761198;,
        -0.056813;-5.882010;-3.601339;,
        -0.056132;-5.925269;-3.761198;,
         0.108179;-5.923757;-3.761198;,
         0.107497;-5.880498;-3.601339;,
        -0.056982;-5.871323;-4.528638;,
        -0.069544;-5.074132;-4.163122;,
         0.094767;-5.072620;-4.163122;,
         0.107329;-5.869812;-4.528638;,
        -0.056193;-5.921365;-4.371653;,
         0.108118;-5.919853;-4.371653;,
         0.095556;-5.122663;-4.006136;,
        -0.068755;-5.124174;-4.006136;,
        -0.056982;-5.871323;-4.528638;,
        -0.056193;-5.921365;-4.371653;,
        -0.068755;-5.124174;-4.006136;,
        -0.069544;-5.074132;-4.163122;,
        -0.069544;-5.074132;-4.163122;,
        -0.068755;-5.124174;-4.006136;,
         0.095556;-5.122663;-4.006136;,
         0.094767;-5.072620;-4.163122;,
         0.094767;-5.072620;-4.163122;,
         0.095556;-5.122663;-4.006136;,
         0.108118;-5.919853;-4.371653;,
         0.107329;-5.869812;-4.528638;,
        -0.056193;-5.921365;-4.371653;,
        -0.056982;-5.871323;-4.528638;,
         0.107329;-5.869812;-4.528638;,
         0.108118;-5.919853;-4.371653;,
         0.082161; 5.874769;-4.528638;,
         0.082161; 5.077520;-4.163122;,
        -0.082161; 5.077520;-4.163122;,
        -0.082161; 5.874770;-4.528638;,
         0.082161; 5.924815;-4.371653;,
        -0.082161; 5.924815;-4.371653;,
        -0.082161; 5.127566;-4.006136;,
         0.082161; 5.127566;-4.006136;,
         0.082161; 5.874769;-4.528638;,
         0.082161; 5.924815;-4.371653;,
         0.082161; 5.127566;-4.006136;,
         0.082161; 5.077520;-4.163122;,
         0.082161; 5.077520;-4.163122;,
         0.082161; 5.127566;-4.006136;,
        -0.082161; 5.127566;-4.006136;,
        -0.082161; 5.077520;-4.163122;,
        -0.082161; 5.077520;-4.163122;,
        -0.082161; 5.127566;-4.006136;,
        -0.082161; 5.924815;-4.371653;,
        -0.082161; 5.874770;-4.528638;,
         0.082161; 5.924815;-4.371653;,
         0.082161; 5.874769;-4.528638;,
        -0.082161; 5.874770;-4.528638;,
        -0.082161; 5.924815;-4.371653;,
         0.082161; 5.928719;-3.761198;,
         0.082161; 5.116879;-4.077166;,
        -0.082161; 5.116879;-4.077166;,
        -0.082161; 5.928719;-3.761198;,
         0.082161; 5.885457;-3.601339;,
        -0.082161; 5.885457;-3.601339;,
        -0.082161; 5.073617;-3.917307;,
         0.082161; 5.073617;-3.917307;,
         0.082161; 5.928719;-3.761198;,
         0.082161; 5.885457;-3.601339;,
         0.082161; 5.073617;-3.917307;,
         0.082161; 5.116879;-4.077166;,
         0.082161; 5.116879;-4.077166;,
         0.082161; 5.073617;-3.917307;,
        -0.082161; 5.073617;-3.917307;,
        -0.082161; 5.116879;-4.077166;,
        -0.082161; 5.116879;-4.077166;,
        -0.082161; 5.073617;-3.917307;,
        -0.082161; 5.885457;-3.601339;,
        -0.082161; 5.928719;-3.761198;,
         0.082161; 5.885457;-3.601339;,
         0.082161; 5.928719;-3.761198;,
        -0.082161; 5.928719;-3.761198;,
        -0.082161; 5.885457;-3.601339;,
         0.116580; 5.068101;-4.172680;,
         0.116580; 3.068101;-4.172680;,
        -0.116580; 3.068102;-4.172680;,
        -0.116580; 5.068102;-4.172680;,
         0.116581; 5.068101;-3.894947;,
        -0.116580; 5.068101;-3.894947;,
        -0.116580; 3.068102;-3.894947;,
         0.116580; 3.068101;-3.894947;,
         0.116580; 5.068101;-4.172680;,
         0.116581; 5.068101;-3.894947;,
         0.116580; 3.068101;-3.894947;,
         0.116580; 3.068101;-4.172680;,
         0.116580; 3.068101;-4.172680;,
         0.116580; 3.068101;-3.894947;,
        -0.116580; 3.068102;-3.894947;,
        -0.116580; 3.068102;-4.172680;,
        -0.116580; 3.068102;-4.172680;,
        -0.116580; 3.068102;-3.894947;,
        -0.116580; 5.068101;-3.894947;,
        -0.116580; 5.068102;-4.172680;,
         0.116581; 5.068101;-3.894947;,
         0.116580; 5.068101;-4.172680;,
        -0.116580; 5.068102;-4.172680;,
        -0.116580; 5.068101;-3.894947;,
         0.180308; 3.037959;-4.210985;,
         0.180308; 1.037959;-4.210985;,
        -0.180308; 1.037959;-4.210985;,
        -0.180308; 3.037960;-4.210985;,
         0.180308; 3.037959;-3.856642;,
        -0.180308; 3.037959;-3.856642;,
        -0.180308; 1.037959;-3.856642;,
         0.180308; 1.037959;-3.856642;,
         0.180308; 3.037959;-4.210985;,
         0.180308; 3.037959;-3.856642;,
         0.180308; 1.037959;-3.856642;,
         0.180308; 1.037959;-4.210985;,
         0.180308; 1.037959;-4.210985;,
         0.180308; 1.037959;-3.856642;,
        -0.180308; 1.037959;-3.856642;,
        -0.180308; 1.037959;-4.210985;,
        -0.180308; 1.037959;-4.210985;,
        -0.180308; 1.037959;-3.856642;,
        -0.180308; 3.037959;-3.856642;,
        -0.180308; 3.037960;-4.210985;,
         0.180308; 3.037959;-3.856642;,
         0.180308; 3.037959;-4.210985;,
        -0.180308; 3.037960;-4.210985;,
        -0.180308; 3.037959;-3.856642;,
         0.180308; 3.037959;-0.183404;,
         0.180308; 1.037959;-0.183404;,
        -0.180308; 1.037959;-0.183404;,
        -0.180308; 3.037960;-0.183404;,
         0.180308; 3.037959; 0.170938;,
        -0.180308; 3.037959; 0.170938;,
        -0.180308; 1.037959; 0.170938;,
         0.180308; 1.037959; 0.170938;,
         0.180308; 3.037959;-0.183404;,
         0.180308; 3.037959; 0.170938;,
         0.180308; 1.037959; 0.170938;,
         0.180308; 1.037959;-0.183404;,
         0.180308; 1.037959;-0.183404;,
         0.180308; 1.037959; 0.170938;,
        -0.180308; 1.037959; 0.170938;,
        -0.180308; 1.037959;-0.183404;,
        -0.180308; 1.037959;-0.183404;,
        -0.180308; 1.037959; 0.170938;,
        -0.180308; 3.037959; 0.170938;,
        -0.180308; 3.037960;-0.183404;,
         0.180308; 3.037959; 0.170938;,
         0.180308; 3.037959;-0.183404;,
        -0.180308; 3.037960;-0.183404;,
        -0.180308; 3.037959; 0.170938;,
         0.116580; 5.068101;-0.145100;,
         0.116580; 3.068101;-0.145100;,
        -0.116580; 3.068102;-0.145100;,
        -0.116580; 5.068102;-0.145100;,
         0.116581; 5.068101; 0.132633;,
        -0.116580; 5.068101; 0.132633;,
        -0.116580; 3.068102; 0.132633;,
         0.116580; 3.068101; 0.132633;,
         0.116580; 5.068101;-0.145100;,
         0.116581; 5.068101; 0.132633;,
         0.116580; 3.068101; 0.132633;,
         0.116580; 3.068101;-0.145100;,
         0.116580; 3.068101;-0.145100;,
         0.116580; 3.068101; 0.132633;,
        -0.116580; 3.068102; 0.132633;,
        -0.116580; 3.068102;-0.145100;,
        -0.116580; 3.068102;-0.145100;,
        -0.116580; 3.068102; 0.132633;,
        -0.116580; 5.068101; 0.132633;,
        -0.116580; 5.068102;-0.145100;,
         0.116581; 5.068101; 0.132633;,
         0.116580; 5.068101;-0.145100;,
        -0.116580; 5.068102;-0.145100;,
        -0.116580; 5.068101; 0.132633;,
         0.082161; 5.928719; 0.266381;,
         0.082161; 5.116879;-0.049586;,
        -0.082161; 5.116879;-0.049586;,
        -0.082161; 5.928719; 0.266381;,
         0.082161; 5.885457; 0.426240;,
        -0.082161; 5.885457; 0.426240;,
        -0.082161; 5.073617; 0.110272;,
         0.082161; 5.073617; 0.110272;,
         0.082161; 5.928719; 0.266381;,
         0.082161; 5.885457; 0.426240;,
         0.082161; 5.073617; 0.110272;,
         0.082161; 5.116879;-0.049586;,
         0.082161; 5.116879;-0.049586;,
         0.082161; 5.073617; 0.110272;,
        -0.082161; 5.073617; 0.110272;,
        -0.082161; 5.116879;-0.049586;,
        -0.082161; 5.116879;-0.049586;,
        -0.082161; 5.073617; 0.110272;,
        -0.082161; 5.885457; 0.426240;,
        -0.082161; 5.928719; 0.266381;,
         0.082161; 5.885457; 0.426240;,
         0.082161; 5.928719; 0.266381;,
        -0.082161; 5.928719; 0.266381;,
        -0.082161; 5.885457; 0.426240;,
         0.082161; 5.874769;-0.501058;,
         0.082161; 5.077520;-0.135542;,
        -0.082161; 5.077520;-0.135542;,
        -0.082161; 5.874770;-0.501058;,
         0.082161; 5.924815;-0.344073;,
        -0.082161; 5.924815;-0.344073;,
        -0.082161; 5.127566; 0.021444;,
         0.082161; 5.127566; 0.021444;,
         0.082161; 5.874769;-0.501058;,
         0.082161; 5.924815;-0.344073;,
         0.082161; 5.127566; 0.021444;,
         0.082161; 5.077520;-0.135542;,
         0.082161; 5.077520;-0.135542;,
         0.082161; 5.127566; 0.021444;,
        -0.082161; 5.127566; 0.021444;,
        -0.082161; 5.077520;-0.135542;,
        -0.082161; 5.077520;-0.135542;,
        -0.082161; 5.127566; 0.021444;,
        -0.082161; 5.924815;-0.344073;,
        -0.082161; 5.874770;-0.501058;,
         0.082161; 5.924815;-0.344073;,
         0.082161; 5.874769;-0.501058;,
        -0.082161; 5.874770;-0.501058;,
        -0.082161; 5.924815;-0.344073;,
         0.082161; 5.874769;-2.549245;,
         0.082161; 5.077520;-2.183728;,
        -0.082161; 5.077520;-2.183728;,
        -0.082161; 5.874770;-2.549245;,
         0.082161; 5.924815;-2.392259;,
        -0.082161; 5.924815;-2.392259;,
        -0.082161; 5.127566;-2.026743;,
         0.082161; 5.127566;-2.026743;,
         0.082161; 5.874769;-2.549245;,
         0.082161; 5.924815;-2.392259;,
         0.082161; 5.127566;-2.026743;,
         0.082161; 5.077520;-2.183728;,
         0.082161; 5.077520;-2.183728;,
         0.082161; 5.127566;-2.026743;,
        -0.082161; 5.127566;-2.026743;,
        -0.082161; 5.077520;-2.183728;,
        -0.082161; 5.077520;-2.183728;,
        -0.082161; 5.127566;-2.026743;,
        -0.082161; 5.924815;-2.392259;,
        -0.082161; 5.874770;-2.549245;,
         0.082161; 5.924815;-2.392259;,
         0.082161; 5.874769;-2.549245;,
        -0.082161; 5.874770;-2.549245;,
        -0.082161; 5.924815;-2.392259;,
         0.082161; 5.928719;-1.781805;,
         0.082161; 5.116879;-2.097773;,
        -0.082161; 5.116879;-2.097773;,
        -0.082161; 5.928719;-1.781805;,
         0.082161; 5.885457;-1.621946;,
        -0.082161; 5.885457;-1.621946;,
        -0.082161; 5.073617;-1.937914;,
         0.082161; 5.073617;-1.937914;,
         0.082161; 5.928719;-1.781805;,
         0.082161; 5.885457;-1.621946;,
         0.082161; 5.073617;-1.937914;,
         0.082161; 5.116879;-2.097773;,
         0.082161; 5.116879;-2.097773;,
         0.082161; 5.073617;-1.937914;,
        -0.082161; 5.073617;-1.937914;,
        -0.082161; 5.116879;-2.097773;,
        -0.082161; 5.116879;-2.097773;,
        -0.082161; 5.073617;-1.937914;,
        -0.082161; 5.885457;-1.621946;,
        -0.082161; 5.928719;-1.781805;,
         0.082161; 5.885457;-1.621946;,
         0.082161; 5.928719;-1.781805;,
        -0.082161; 5.928719;-1.781805;,
        -0.082161; 5.885457;-1.621946;,
         0.116580; 5.068101;-2.193286;,
         0.116580; 3.068101;-2.193286;,
        -0.116580; 3.068102;-2.193286;,
        -0.116580; 5.068102;-2.193286;,
         0.116581; 5.068101;-1.915554;,
        -0.116580; 5.068101;-1.915554;,
        -0.116580; 3.068102;-1.915554;,
         0.116580; 3.068101;-1.915554;,
         0.116580; 5.068101;-2.193286;,
         0.116581; 5.068101;-1.915554;,
         0.116580; 3.068101;-1.915554;,
         0.116580; 3.068101;-2.193286;,
         0.116580; 3.068101;-2.193286;,
         0.116580; 3.068101;-1.915554;,
        -0.116580; 3.068102;-1.915554;,
        -0.116580; 3.068102;-2.193286;,
        -0.116580; 3.068102;-2.193286;,
        -0.116580; 3.068102;-1.915554;,
        -0.116580; 5.068101;-1.915554;,
        -0.116580; 5.068102;-2.193286;,
         0.116581; 5.068101;-1.915554;,
         0.116580; 5.068101;-2.193286;,
        -0.116580; 5.068102;-2.193286;,
        -0.116580; 5.068101;-1.915554;,
         0.180308; 3.037959;-2.231591;,
