xof 0303txt 0032

template XSkinMeshHeader {
  <3cf169ce-ff7c-44ab-93c0-f78f62d172e2>
  WORD nMaxSkinWeightsPerVertex;
  WORD nMaxSkinWeightsPerFace;
  WORD nBones;
}

template SkinWeights {
  <6f0d123b-bad2-4167-a0d0-80224f25fabb>
  STRING transformNodeName;
  DWORD nWeights;
  array DWORD vertexIndices[nWeights];
  array float weights[nWeights];
  Matrix4x4 matrixOffset;
}

Frame Root {
  FrameTransformMatrix {
     1.000000, 0.000000, 0.000000, 0.000000,
     0.000000,-0.000000, 1.000000, 0.000000,
     0.000000, 1.000000, 0.000000, 0.000000,
     0.000000, 0.000000, 0.000000, 1.000000;;
  }
  Frame Armature_001 {
    FrameTransformMatrix {
       1.000000, 0.000000, 0.000000, 0.000000,
       0.000000,-0.999602,-0.028207, 0.000000,
       0.000000, 0.028207,-0.999602, 0.000000,
       0.000000, 0.000000,-0.336448, 1.000000;;
    }
    Frame Armature_001_Bone {
      FrameTransformMatrix {
         0.285268, 0.000000, 0.958448, 0.000000,
        -0.958448, 0.000000, 0.285268, 0.000000,
         0.000000,-1.000000, 0.000000, 0.000000,
         0.041985,-0.000442,-0.263195, 1.000000;;
      }
      Frame Armature_001_Bone_001 {
        FrameTransformMatrix {
           0.000000, 0.000000,-1.000000, 0.000000,
          -0.643211, 0.765689,-0.000000, 0.000000,
           0.765689, 0.643211, 0.000000, 0.000000,
          -0.000000, 0.278682, 0.000000, 1.000000;;
        }
        Frame Armature_001_Bone_003 {
          FrameTransformMatrix {
             1.000000, 0.000000,-0.000000, 0.000000,
             0.000000, 0.873628, 0.486595, 0.000000,
             0.000000,-0.486595, 0.873628, 0.000000,
            -0.000000, 0.369069, 0.000000, 1.000000;;
          }
        } // End of Armature_001_Bone_003
      } // End of Armature_001_Bone_001
      Frame Armature_001_Bone_002 {
        FrameTransformMatrix {
           0.000000, 0.000000,-1.000000, 0.000000,
          -0.285268, 0.958448,-0.000000, 0.000000,
           0.958448, 0.285268, 0.000000, 0.000000,
          -0.000000, 0.278682, 0.000000, 1.000000;;
        }
        Frame Armature_001_Bone_004 {
          FrameTransformMatrix {
             0.155816, 0.987786,-0.000364, 0.000000,
            -0.982756, 0.155059, 0.100732, 0.000000,
             0.099559,-0.015338, 0.994914, 0.000000,
            -0.000000, 0.278758, 0.000000, 1.000000;;
          }
          Frame Armature_001_Bone_005 {
            FrameTransformMatrix {
               0.155817,-0.982756, 0.099558, 0.000000,
               0.986575, 0.149845,-0.064925, 0.000000,
               0.048887, 0.108338, 0.992911, 0.000000,
              -0.000000, 0.130366, 0.000000, 1.000000;;
            }
            Frame Armature_001_Bone_009 {
              FrameTransformMatrix {
                 1.000000,-0.000000, 0.000000, 0.000000,
                -0.000000, 0.997117, 0.075875, 0.000000,
                -0.000000,-0.075875, 0.997117, 0.000000,
                -0.000000, 0.182338, 0.000000, 1.000000;;
              }
              Frame Armature_001_Bone_011 {
                FrameTransformMatrix {
                   0.999890,-0.014852, 0.000006, 0.000000,
                   0.014852, 0.999890,-0.000406, 0.000000,
                   0.000000, 0.000406, 1.000000, 0.000000,
                  -0.000000, 0.247187,-0.000000, 1.000000;;
                }
                Frame Armature_001_Bone_013 {
                  FrameTransformMatrix {
                     0.999986,-0.005251,-0.000000, 0.000000,
                     0.005251, 0.999986,-0.000000, 0.000000,
                     0.000000,-0.000000, 1.000000, 0.000000,
                    -0.000000, 0.876929, 0.000000, 1.000000;;
                  }
                } // End of Armature_001_Bone_013
                Frame Armature_001_Bone_016 {
                  FrameTransformMatrix {
                     0.968960,-0.247217,-0.000439, 0.000000,
                     0.247202, 0.968878, 0.012934, 0.000000,
                    -0.002772,-0.012641, 0.999916, 0.000000,
                    -0.000000, 0.876929, 0.000000, 1.000000;;
                  }
                } // End of Armature_001_Bone_016
                Frame Armature_001_Bone_017 {
                  FrameTransformMatrix {
                     0.967179, 0.254097,-0.000430, 0.000000,
                    -0.254070, 0.967049,-0.016245, 0.000000,
                    -0.003712, 0.015821, 0.999868, 0.000000,
                    -0.000000, 0.876929, 0.000000, 1.000000;;
                  }
                } // End of Armature_001_Bone_017
              } // End of Armature_001_Bone_011
            } // End of Armature_001_Bone_009
          } // End of Armature_001_Bone_005
        } // End of Armature_001_Bone_004
        Frame Armature_001_Bone_006 {
          FrameTransformMatrix {
            -0.012633,-0.999918,-0.001947, 0.000000,
             0.988242,-0.012782, 0.152363, 0.000000,
            -0.152376, 0.000000, 0.988323, 0.000000,
            -0.000000, 0.278758, 0.000000, 1.000000;;
          }
          Frame Armature_001_Bone_007 {
            FrameTransformMatrix {
              -0.012632, 0.988242,-0.152376, 0.000000,
              -0.998347,-0.021011,-0.053501, 0.000000,
              -0.056074, 0.151448, 0.986873, 0.000000,
              -0.000000, 0.092435,-0.000000, 1.000000;;
            }
            Frame Armature_001_Bone_008 {
              FrameTransformMatrix {
                 1.000000, 0.000000, 0.000000, 0.000000,
                -0.000000, 0.997351, 0.072738, 0.000000,
                -0.000000,-0.072738, 0.997351, 0.000000,
                -0.000000, 0.203082, 0.000000, 1.000000;;
              }
              Frame Armature_001_Bone_010 {
                FrameTransformMatrix {
                   0.999956,-0.009427, 0.000000, 0.000000,
                   0.009427, 0.999955,-0.000422, 0.000000,
                   0.000004, 0.000422, 1.000000, 0.000000,
                  -0.000000, 0.251373,-0.000000, 1.000000;;
                }
                Frame Armature_001_Bone_012 {
                  FrameTransformMatrix {
                     0.999845,-0.017618, 0.000068, 0.000000,
                     0.017617, 0.999763,-0.012806, 0.000000,
                     0.000158, 0.012805, 0.999918, 0.000000,
                     0.000000, 0.861907,-0.000000, 1.000000;;
                  }
                } // End of Armature_001_Bone_012
                Frame Armature_001_Bone_014 {
                  FrameTransformMatrix {
                     0.975237,-0.221161, 0.000381, 0.000000,
                     0.221107, 0.974958,-0.023836, 0.000000,
                     0.004900, 0.023330, 0.999716, 0.000000,
                     0.000000, 0.861907,-0.000000, 1.000000;;
                  }
                } // End of Armature_001_Bone_014
                Frame Armature_001_Bone_015 {
                  FrameTransformMatrix {
                     0.970440, 0.241341, 0.000000, 0.000000,
                    -0.241341, 0.970440,-0.000000, 0.000000,
                    -0.000000,-0.000000, 1.000000, 0.000000,
                     0.000000, 0.861907,-0.000000, 1.000000;;
                  }
                } // End of Armature_001_Bone_015
              } // End of Armature_001_Bone_010
            } // End of Armature_001_Bone_008
          } // End of Armature_001_Bone_007
        } // End of Armature_001_Bone_006
      } // End of Armature_001_Bone_002
    } // End of Armature_001_Bone
    Frame Armature_001_Bone_018 {
      FrameTransformMatrix {
         0.000000,-1.000000,-0.000000, 0.000000,
         0.999999,-0.000000,-0.001057, 0.000000,
         0.001057,-0.000000, 0.999999, 0.000000,
         0.041985,-0.000442,-0.263195, 1.000000;;
      }
      Frame Armature_001_Bone_019 {
        FrameTransformMatrix {
           1.000000,-0.000000, 0.000000, 0.000000,
           0.000000, 0.999999, 0.001440, 0.000000,
          -0.000000,-0.001440, 0.999999, 0.000000,
           0.000000, 0.373970, 0.000000, 1.000000;;
        }
        Frame Armature_001_Bone_020 {
          FrameTransformMatrix {
             1.000000,-0.000000,-0.000000, 0.000000,
             0.000000, 1.000000,-0.000170, 0.000000,
             0.000000, 0.000170, 1.000000, 0.000000,
             0.000000, 0.320806,-0.000000, 1.000000;;
          }
          Frame Armature_001_Bone_021 {
            FrameTransformMatrix {
               1.000000,-0.000000, 0.000000, 0.000000,
              -0.000000, 1.000000, 0.000170, 0.000000,
              -0.000000,-0.000170, 1.000000, 0.000000,
              -0.000000, 0.165229,-0.000000, 1.000000;;
            }
          } // End of Armature_001_Bone_021
          Frame Armature_001_Bone_046 {
            FrameTransformMatrix {
              -1.000000,-0.000000, 0.000000, 0.000000,
               0.000000,-0.877106,-0.480296, 0.000000,
               0.000000,-0.480296, 0.877106, 0.000000,
              -0.000000, 0.165229,-0.000000, 1.000000;;
            }
            Frame Armature_001_Bone_047 {
              FrameTransformMatrix {
                 1.000000,-0.000000,-0.000000, 0.000000,
                 0.000000, 0.991323, 0.131450, 0.000000,
                 0.000000,-0.131450, 0.991323, 0.000000,
                 0.000000, 0.135205,-0.000000, 1.000000;;
              }
            } // End of Armature_001_Bone_047
          } // End of Armature_001_Bone_046
        } // End of Armature_001_Bone_020
        Frame Armature_001_Bone_022 {
          FrameTransformMatrix {
            -0.000000, 0.190259,-0.981734, 0.000000,
            -0.000000, 0.981734, 0.190259, 0.000000,
             1.000000,-0.000000,-0.000000, 0.000000,
             0.000000, 0.320806,-0.000000, 1.000000;;
          }
          Frame Armature_001_Bone_023 {
            FrameTransformMatrix {
              -0.000000, 0.000000, 1.000000, 0.000000,
               0.190259, 0.981734,-0.000000, 0.000000,
              -0.981734, 0.190259,-0.000000, 0.000000,
              -0.000000, 0.167597, 0.000000, 1.000000;;
            }
          } // End of Armature_001_Bone_023
        } // End of Armature_001_Bone_022
      } // End of Armature_001_Bone_019
    } // End of Armature_001_Bone_018
    Frame Armature_001_Bone_024 {
      FrameTransformMatrix {
         1.000000, 0.000000, 0.000000, 0.000000,
         0.000000, 1.000000, 0.000000, 0.000000,
         0.000000, 0.000000, 1.000000, 0.000000,
         0.041985,-0.000442,-0.263195, 1.000000;;
      }
      Frame Armature_001_Bone_025 {
        FrameTransformMatrix {
           1.000000, 0.000000, 0.000000, 0.000000,
           0.000000, 0.993202,-0.116404, 0.000000,
           0.000000, 0.116404, 0.993202, 0.000000,
           0.000000, 0.179638, 0.000000, 1.000000;;
        }
        Frame Armature_001_Bone_026 {
          FrameTransformMatrix {
             0.999123,-0.004861, 0.041582, 0.000000,
             0.000306, 0.994058, 0.108852, 0.000000,
            -0.041864,-0.108744, 0.993188, 0.000000,
             0.000000, 0.329247, 0.000000, 1.000000;;
          }
          Frame Armature_001_Bone_027 {
            FrameTransformMatrix {
               0.995166, 0.089492, 0.040444, 0.000000,
              -0.089659, 0.995970, 0.002325, 0.000000,
              -0.040073,-0.005940, 0.999179, 0.000000,
               0.000000, 1.352213,-0.000000, 1.000000;;
            }
          } // End of Armature_001_Bone_027
        } // End of Armature_001_Bone_026
      } // End of Armature_001_Bone_025
    } // End of Armature_001_Bone_024
    Frame Armature_001_Bone_028 {
      FrameTransformMatrix {
        -1.000000, 0.000000, 0.000000, 0.000000,
         0.000000,-1.000000, 0.000000, 0.000000,
         0.000000, 0.000000, 1.000000, 0.000000,
         0.041985,-0.000442,-0.263195, 1.000000;;
      }
      Frame Armature_001_Bone_029 {
        FrameTransformMatrix {
           1.000000, 0.000000, 0.000000, 0.000000,
           0.000000, 0.979944,-0.199275, 0.000000,
           0.000000, 0.199275, 0.979944, 0.000000,
           0.000000, 0.195630, 0.000000, 1.000000;;
        }
        Frame Armature_001_Bone_030 {
          FrameTransformMatrix {
             0.996893, 0.015598,-0.077212, 0.000000,
             0.000939, 0.977777, 0.209645, 0.000000,
             0.078766,-0.209066, 0.974724, 0.000000,
            -0.000000, 0.279583,-0.000000, 1.000000;;
          }
          Frame Armature_001_Bone_031 {
            FrameTransformMatrix {
               0.991752,-0.113999,-0.058589, 0.000000,
               0.115027, 0.993257, 0.014470, 0.000000,
               0.056544,-0.021090, 0.998177, 0.000000,
               0.000000, 1.321131, 0.000000, 1.000000;;
            }
          } // End of Armature_001_Bone_031
        } // End of Armature_001_Bone_030
      } // End of Armature_001_Bone_029
    } // End of Armature_001_Bone_028
    Frame Armature_001_Bone_032 {
      FrameTransformMatrix {
        -0.955112,-0.296252, 0.000000, 0.000000,
         0.296252,-0.955110, 0.000000, 0.000000,
         0.000000, 0.000000, 1.000000, 0.000000,
         0.041985,-0.000442,-0.263195, 1.000000;;
      }
      Frame Armature_001_Bone_033 {
        FrameTransformMatrix {
           0.615146, 0.788413, 0.000340, 0.000000,
          -0.788413, 0.615146,-0.000898, 0.000000,
          -0.000917, 0.000284, 1.000000, 0.000000,
          -0.000000, 0.126687, 0.000000, 1.000000;;
        }
        Frame Armature_001_Bone_034 {
          FrameTransformMatrix {
             0.926069, 0.377353, 0.000030, 0.000000,
            -0.377353, 0.926069, 0.001205, 0.000000,
             0.000427,-0.001128, 0.999999, 0.000000,
            -0.000000, 0.320493,-0.000000, 1.000000;;
          }
          Frame Armature_001_Bone_035 {
            FrameTransformMatrix {
               0.998907,-0.046751, 0.000000, 0.000000,
               0.046751, 0.998906, 0.000000, 0.000000,
               0.000000,-0.000000, 1.000000, 0.000000,
               0.000000, 0.336366,-0.000000, 1.000000;;
            }
            Frame Armature_001_Bone_036 {
              FrameTransformMatrix {
                 0.999437,-0.033536, 0.000033, 0.000000,
                 0.033524, 0.999041,-0.028155, 0.000000,
                 0.000911, 0.028140, 0.999604, 0.000000,
                -0.000000, 0.163374,-0.000000, 1.000000;;
              }
            } // End of Armature_001_Bone_036
          } // End of Armature_001_Bone_035
          Frame Armature_001_Bone_037 {
            FrameTransformMatrix {
               0.996914,-0.019245,-0.076102, 0.000000,
               0.032433, 0.983844, 0.176068, 0.000000,
               0.071484,-0.177993, 0.981432, 0.000000,
               0.000000, 0.336366,-0.000000, 1.000000;;
            }
            Frame Armature_001_Bone_038 {
              FrameTransformMatrix {
                 0.994675,-0.055200, 0.087031, 0.000000,
                 0.069499, 0.982829,-0.170929, 0.000000,
                -0.076102, 0.176068, 0.981432, 0.000000,
                -0.000000, 0.150004, 0.000000, 1.000000;;
              }
            } // End of Armature_001_Bone_038
          } // End of Armature_001_Bone_037
        } // End of Armature_001_Bone_034
      } // End of Armature_001_Bone_033
    } // End of Armature_001_Bone_032
    Frame Armature_001_Bone_039 {
      FrameTransformMatrix {
         0.944182,-0.329423, 0.000000, 0.000000,
         0.329423, 0.944182, 0.000000, 0.000000,
         0.000000, 0.000000, 1.000000, 0.000000,
         0.041985,-0.000442,-0.263195, 1.000000;;
      }
      Frame Armature_001_Bone_040 {
        FrameTransformMatrix {
           0.637938,-0.770088,-0.000407, 0.000000,
           0.770087, 0.637938,-0.001093, 0.000000,
           0.001101, 0.000384, 0.999999, 0.000000,
           0.000000, 0.124241, 0.000000, 1.000000;;
        }
        Frame Armature_001_Bone_041 {
          FrameTransformMatrix {
             0.930983,-0.365063,-0.000029, 0.000000,
             0.365062, 0.930982, 0.001628, 0.000000,
            -0.000568,-0.001526, 0.999999, 0.000000,
             0.000000, 0.333599, 0.000000, 1.000000;;
          }
          Frame Armature_001_Bone_042 {
            FrameTransformMatrix {
               0.997435, 0.071574, 0.000000, 0.000000,
              -0.071574, 0.997435, 0.000000, 0.000000,
               0.000000,-0.000000, 1.000000, 0.000000,
              -0.000000, 0.325196, 0.000000, 1.000000;;
            }
            Frame Armature_001_Bone_043 {
              FrameTransformMatrix {
                 0.998104,-0.061548, 0.000000, 0.000000,
                 0.061548, 0.998104,-0.000000, 0.000000,
                 0.000000, 0.000000, 1.000000, 0.000000,
                -0.000000, 0.142976, 0.000000, 1.000000;;
              }
            } // End of Armature_001_Bone_043
          } // End of Armature_001_Bone_042
          Frame Armature_001_Bone_044 {
            FrameTransformMatrix {
               0.996769, 0.069638, 0.040034, 0.000000,
              -0.075231, 0.984011, 0.161438, 0.000000,
              -0.028151,-0.163928, 0.986071, 0.000000,
              -0.000000, 0.325196, 0.000000, 1.000000;;
            }
            Frame Armature_001_Bone_045 {
              FrameTransformMatrix {
                 0.730745,-0.170843,-0.660927, 0.000000,
                 0.079077, 0.982844,-0.166625, 0.000000,
                 0.678055, 0.069496, 0.731718, 0.000000,
                 0.000000, 0.154819,-0.000000, 1.000000;;
              }
            } // End of Armature_001_Bone_045
          } // End of Armature_001_Bone_044
        } // End of Armature_001_Bone_041
      } // End of Armature_001_Bone_040
    } // End of Armature_001_Bone_039
    Frame Armature {
      FrameTransformMatrix {
         0.321655, 0.000000, 0.000000, 0.000000,
         0.000000, 0.321655, 0.000000, 0.000000,
         0.000000, 0.000000, 0.321655, 0.000000,
        -0.346824, 0.021946,-0.061336, 1.000000;;
      }
    } // End of Armature
    Frame Cube_001 {
      FrameTransformMatrix {
         0.154508, 0.000000, 0.000000, 0.000000,
         0.000000, 0.178540, 0.000000, 0.000000,
         0.000000, 0.000000, 0.156242, 0.000000,
        -0.066155, 0.000000, 0.000000, 1.000000;;
      }
      Mesh { // Cube_001 mesh
        2496;
         3.283049; 0.152168;-1.703399;,
         3.283049;-0.152168;-1.703399;,
         3.204720;-0.152168;-1.475046;,
         3.204720; 0.152168;-1.475046;,
         3.283049;-0.152168;-1.703399;,
         5.523090;-0.152168;-0.951989;,
         5.444761;-0.152168;-0.723636;,
         3.204720;-0.152168;-1.475046;,
         5.523090;-0.152168;-0.951989;,
         5.523090; 0.152168;-0.951989;,
         5.444761; 0.152168;-0.723636;,
         5.444761;-0.152168;-0.723636;,
         5.523090; 0.152168;-0.951989;,
         3.283049; 0.152168;-1.703399;,
         3.204720; 0.152168;-1.475046;,
         5.444761; 0.152168;-0.723636;,
         3.204720; 0.152168;-1.475046;,
         3.204720;-0.152168;-1.475046;,
         5.444761;-0.152168;-0.723636;,
         5.444761; 0.152168;-0.723636;,
         5.523090; 0.152168;-0.951989;,
         5.523090;-0.152168;-0.951989;,
         3.283049;-0.152168;-1.703399;,
         3.283049; 0.152168;-1.703399;,
         8.003874; 0.173667;-0.325159;,
         8.003874;-0.173667;-0.325159;,
         8.003874;-0.173667;-0.411383;,
         8.003874; 0.173667;-0.411383;,
         8.003874;-0.173667;-0.325159;,
         5.916093;-0.173667;-0.325159;,
         5.916093;-0.173667;-0.411383;,
         8.003874;-0.173667;-0.411383;,
         5.916093;-0.173667;-0.325159;,
         5.916093; 0.173667;-0.325159;,
         5.916093; 0.173667;-0.411383;,
         5.916093;-0.173667;-0.411383;,
         5.916093; 0.173667;-0.325159;,
         8.003874; 0.173667;-0.325159;,
         8.003874; 0.173667;-0.411383;,
         5.916093; 0.173667;-0.411383;,
         8.003874; 0.173667;-0.411383;,
         8.003874;-0.173667;-0.411383;,
         5.916093;-0.173667;-0.411383;,
         5.916093; 0.173667;-0.411383;,
         5.916093; 0.173667;-0.325159;,
         5.916093;-0.173667;-0.325159;,
         8.003874;-0.173667;-0.325159;,
         8.003874; 0.173667;-0.325159;,
         8.003874; 0.116226;-0.157788;,
         8.003874;-0.116226;-0.157788;,
         8.003874;-0.116226;-0.219146;,
         8.003874; 0.116226;-0.219146;,
         8.003874;-0.116226;-0.157788;,
         5.916093;-0.116226;-0.157788;,
         5.916093;-0.116226;-0.219146;,
         8.003874;-0.116226;-0.219146;,
         5.916093;-0.116226;-0.157788;,
         5.916093; 0.116226;-0.157788;,
         5.916093; 0.116226;-0.219146;,
         5.916093;-0.116226;-0.219146;,
         5.916093; 0.116226;-0.157788;,
         8.003874; 0.116226;-0.157788;,
         8.003874; 0.116226;-0.219146;,
         5.916093; 0.116226;-0.219146;,
         8.003874; 0.116226;-0.219146;,
         8.003874;-0.116226;-0.219146;,
         5.916093;-0.116226;-0.219146;,
         5.916093; 0.116226;-0.219146;,
         5.916093; 0.116226;-0.157788;,
         5.916093;-0.116226;-0.157788;,
         8.003874;-0.116226;-0.157788;,
         8.003874; 0.116226;-0.157788;,
         6.315369; 0.438720;-0.068557;,
         6.315369;-0.438720;-0.068557;,
         6.315369;-0.438720;-0.918863;,
         6.315369; 0.438720;-0.918863;,
         6.315369;-0.438720;-0.068557;,
         5.236371;-0.438720;-0.068557;,
         5.236371;-0.438720;-0.918863;,
         6.315369;-0.438720;-0.918863;,
         5.236371;-0.438720;-0.068557;,
         5.236371; 0.438720;-0.068557;,
         5.236371; 0.438720;-0.918863;,
         5.236371;-0.438720;-0.918863;,
         5.236371; 0.438720;-0.068557;,
         6.315369; 0.438720;-0.068557;,
         6.315369; 0.438720;-0.918863;,
         5.236371; 0.438720;-0.918863;,
         6.315369; 0.438720;-0.918863;,
         6.315369;-0.438720;-0.918863;,
         5.236371;-0.438720;-0.918863;,
         5.236371; 0.438720;-0.918863;,
         5.236371; 0.438720;-0.068557;,
         5.236371;-0.438720;-0.068557;,
         6.315369;-0.438720;-0.068557;,
         6.315369; 0.438720;-0.068557;,
         5.217599; 0.314522;-0.096954;,
         5.217599;-0.314522;-0.096954;,
         5.217599;-0.314522;-0.668957;,
         5.217599; 0.314522;-0.668957;,
         5.217599;-0.314522;-0.096954;,
         3.129818;-0.314522;-0.096954;,
         3.129818;-0.314522;-0.668957;,
         5.217599;-0.314522;-0.668957;,
         3.129818;-0.314522;-0.096954;,
         3.129818; 0.314522;-0.096954;,
         3.129818; 0.314522;-0.668957;,
         3.129818;-0.314522;-0.668957;,
         3.129818; 0.314522;-0.096954;,
         5.217599; 0.314522;-0.096954;,
         5.217599; 0.314522;-0.668957;,
         3.129818; 0.314522;-0.668957;,
         5.217599; 0.314522;-0.668957;,
         5.217599;-0.314522;-0.668957;,
         3.129818;-0.314522;-0.668957;,
         3.129818; 0.314522;-0.668957;,
         3.129818; 0.314522;-0.096954;,
         3.129818;-0.314522;-0.096954;,
         5.217599;-0.314522;-0.096954;,
         5.217599; 0.314522;-0.096954;,
         3.098417; 0.314522;-0.096954;,
         3.098417;-0.314522;-0.096954;,
         3.098417;-0.314522;-0.668957;,
         3.098417; 0.314522;-0.668957;,
         3.098417;-0.314522;-0.096954;,
         1.017043;-0.314522;-0.096954;,
         1.017043;-0.314522;-0.668957;,
         3.098417;-0.314522;-0.668957;,
         1.017043;-0.314522;-0.096954;,
         1.017043; 0.314522;-0.096954;,
         1.017043; 0.314522;-0.668957;,
         1.017043;-0.314522;-0.668957;,
         1.017043; 0.314522;-0.096954;,
         3.098417; 0.314522;-0.096954;,
         3.098417; 0.314522;-0.668957;,
         1.017043; 0.314522;-0.668957;,
         3.098417; 0.314522;-0.668957;,
         3.098417;-0.314522;-0.668957;,
         1.017043;-0.314522;-0.668957;,
         1.017043; 0.314522;-0.668957;,
         1.017043; 0.314522;-0.096954;,
         1.017043;-0.314522;-0.096954;,
         3.098417;-0.314522;-0.096954;,
         3.098417; 0.314522;-0.096954;,
        -12.591096; 0.279697; 0.284328;,
        -12.612223; 0.358838; 0.284328;,
        -12.612223; 0.358838; 0.071132;,
        -12.591096; 0.279697; 0.071132;,
        -12.612223; 0.358838; 0.284328;,
        -12.493484; 0.382576; 0.284328;,
        -12.493484; 0.382576; 0.071132;,
        -12.612223; 0.358838; 0.071132;,
        -12.493484; 0.382576; 0.284328;,
        -12.472357; 0.303435; 0.284328;,
        -12.472357; 0.303435; 0.071132;,
        -12.493484; 0.382576; 0.071132;,
        -12.472357; 0.303435; 0.284328;,
        -12.591096; 0.279697; 0.284328;,
        -12.591096; 0.279697; 0.071132;,
        -12.472357; 0.303435; 0.071132;,
        -12.591096; 0.279697; 0.071132;,
        -12.612223; 0.358838; 0.071132;,
        -12.493484; 0.382576; 0.071132;,
        -12.472357; 0.303435; 0.071132;,
        -12.472357; 0.303435; 0.284328;,
        -12.493484; 0.382576; 0.284328;,
        -12.612223; 0.358838; 0.284328;,
        -12.591096; 0.279697; 0.284328;,
        -12.595219; 0.278872; 0.294088;,
        -12.616344; 0.358013; 0.294088;,
        -12.616344; 0.358013; 0.185472;,
        -12.595219; 0.278872; 0.185472;,
        -12.616344; 0.358013; 0.294088;,
        -11.443523; 0.592483; 0.294088;,
        -11.443523; 0.592483; 0.185472;,
        -12.616344; 0.358013; 0.185472;,
        -11.443523; 0.592483; 0.294088;,
        -11.422398; 0.513342; 0.294088;,
        -11.422398; 0.513342; 0.185472;,
        -11.443523; 0.592483; 0.185472;,
        -11.422398; 0.513342; 0.294088;,
        -12.595219; 0.278872; 0.294088;,
        -12.595219; 0.278872; 0.185472;,
        -11.422398; 0.513342; 0.185472;,
        -12.595219; 0.278872; 0.185472;,
        -12.616344; 0.358013; 0.185472;,
        -11.443523; 0.592483; 0.185472;,
        -11.422398; 0.513342; 0.185472;,
        -11.422398; 0.513342; 0.294088;,
        -11.443523; 0.592483; 0.294088;,
        -12.616344; 0.358013; 0.294088;,
        -12.595219; 0.278872; 0.294088;,
        -12.611283; 0.770472; 0.284328;,
        -12.592768; 0.850101; 0.284328;,
        -12.592768; 0.850101; 0.071132;,
        -12.611283; 0.770472; 0.071132;,
        -12.592768; 0.850101; 0.284328;,
        -12.473297; 0.829297; 0.284328;,
        -12.473297; 0.829297; 0.071132;,
        -12.592768; 0.850101; 0.071132;,
        -12.473297; 0.829297; 0.284328;,
        -12.491813; 0.749667; 0.284328;,
        -12.491813; 0.749667; 0.071132;,
        -12.473297; 0.829297; 0.071132;,
        -12.491813; 0.749667; 0.284328;,
        -12.611283; 0.770472; 0.284328;,
        -12.611283; 0.770472; 0.071132;,
        -12.491813; 0.749667; 0.071132;,
        -12.611283; 0.770472; 0.071132;,
        -12.592768; 0.850101; 0.071132;,
        -12.473297; 0.829297; 0.071132;,
        -12.491813; 0.749667; 0.071132;,
        -12.491813; 0.749667; 0.284328;,
        -12.473297; 0.829297; 0.284328;,
        -12.592768; 0.850101; 0.284328;,
        -12.611283; 0.770472; 0.284328;,
        -12.615432; 0.771194; 0.294088;,
        -12.596916; 0.850824; 0.294088;,
        -12.596916; 0.850824; 0.185472;,
        -12.615432; 0.771194; 0.185472;,
        -12.596916; 0.850824; 0.294088;,
        -11.416861; 0.645330; 0.294088;,
        -11.416861; 0.645330; 0.185472;,
        -12.596916; 0.850824; 0.185472;,
        -11.416861; 0.645330; 0.294088;,
        -11.435376; 0.565700; 0.294088;,
        -11.435376; 0.565700; 0.185472;,
        -11.416861; 0.645330; 0.185472;,
        -11.435376; 0.565700; 0.294088;,
        -12.615432; 0.771194; 0.294088;,
        -12.615432; 0.771194; 0.185472;,
        -11.435376; 0.565700; 0.185472;,
        -12.615432; 0.771194; 0.185472;,
        -12.596916; 0.850824; 0.185472;,
        -11.416861; 0.645330; 0.185472;,
        -11.435376; 0.565700; 0.185472;,
        -11.435376; 0.565700; 0.294088;,
        -11.416861; 0.645330; 0.294088;,
        -12.596916; 0.850824; 0.294088;,
        -12.615432; 0.771194; 0.294088;,
        -12.603223; 0.543058; 0.284328;,
        -12.603223; 0.624284; 0.284328;,
        -12.603223; 0.624284; 0.071132;,
        -12.603223; 0.543058; 0.071132;,
        -12.603223; 0.624284; 0.284328;,
        -12.481357; 0.624284; 0.284328;,
        -12.481357; 0.624284; 0.071132;,
        -12.603223; 0.624284; 0.071132;,
        -12.481357; 0.624284; 0.284328;,
        -12.481357; 0.543058; 0.284328;,
        -12.481357; 0.543058; 0.071132;,
        -12.481357; 0.624284; 0.071132;,
        -12.481357; 0.543058; 0.284328;,
        -12.603223; 0.543058; 0.284328;,
        -12.603223; 0.543058; 0.071132;,
        -12.481357; 0.543058; 0.071132;,
        -12.603223; 0.543058; 0.071132;,
        -12.603223; 0.624284; 0.071132;,
        -12.481357; 0.624284; 0.071132;,
        -12.481357; 0.543058; 0.071132;,
        -12.481357; 0.543058; 0.284328;,
        -12.481357; 0.624284; 0.284328;,
        -12.603223; 0.624284; 0.284328;,
        -12.603223; 0.543058; 0.284328;,
        -12.607454; 0.543058; 0.294088;,
        -12.607454; 0.624284; 0.294088;,
        -12.607454; 0.624284; 0.185472;,
        -12.607454; 0.543058; 0.185472;,
        -12.607454; 0.624284; 0.294088;,
        -11.403745; 0.624284; 0.294088;,
        -11.403745; 0.624284; 0.185472;,
        -12.607454; 0.624284; 0.185472;,
        -11.403745; 0.624284; 0.294088;,
        -11.403744; 0.543058; 0.294088;,
        -11.403744; 0.543058; 0.185472;,
        -11.403745; 0.624284; 0.185472;,
        -11.403744; 0.543058; 0.294088;,
        -12.607454; 0.543058; 0.294088;,
        -12.607454; 0.543058; 0.185472;,
        -11.403744; 0.543058; 0.185472;,
        -12.607454; 0.543058; 0.185472;,
        -12.607454; 0.624284; 0.185472;,
        -11.403745; 0.624284; 0.185472;,
        -11.403744; 0.543058; 0.185472;,
        -11.403744; 0.543058; 0.294088;,
        -11.403745; 0.624284; 0.294088;,
        -12.607454; 0.624284; 0.294088;,
        -12.607454; 0.543058; 0.294088;,
        -11.383524; 0.490897; 0.301902;,
        -11.383524; 0.676446; 0.301902;,
        -11.383524; 0.676446; 0.177658;,
        -11.383524; 0.490897; 0.177658;,
        -11.383524; 0.676446; 0.301902;,
        -5.792009; 0.676446; 0.301902;,
        -5.792009; 0.676446; 0.177658;,
        -11.383524; 0.676446; 0.177658;,
        -5.792009; 0.676446; 0.301902;,
        -5.792009; 0.490897; 0.301902;,
        -5.792009; 0.490897; 0.177658;,
        -5.792009; 0.676446; 0.177658;,
        -5.792009; 0.490897; 0.301902;,
        -11.383524; 0.490897; 0.301902;,
        -11.383524; 0.490897; 0.177658;,
        -5.792009; 0.490897; 0.177658;,
        -11.383524; 0.490897; 0.177658;,
        -11.383524; 0.676446; 0.177658;,
        -5.792009; 0.676446; 0.177658;,
        -5.792009; 0.490897; 0.177658;,
        -5.792009; 0.490897; 0.301902;,
        -5.792009; 0.676446; 0.301902;,
        -11.383524; 0.676446; 0.301902;,
        -11.383524; 0.490897; 0.301902;,
        -5.771953; 0.455873; 0.341226;,
        -5.771953; 0.711469; 0.341226;,
        -5.771953; 0.711469; 0.138334;,
        -5.771953; 0.455873; 0.138334;,
        -5.771953; 0.711469; 0.341226;,
        -4.116008; 0.711469; 0.341226;,
        -4.116008; 0.711469; 0.138334;,
        -5.771953; 0.711469; 0.138334;,
        -4.116008; 0.711469; 0.341226;,
        -4.116007; 0.455873; 0.341226;,
        -4.116007; 0.455873; 0.138334;,
        -4.116008; 0.711469; 0.138334;,
        -4.116007; 0.455873; 0.341226;,
        -5.771953; 0.455873; 0.341226;,
        -5.771953; 0.455873; 0.138334;,
        -4.116007; 0.455873; 0.138334;,
        -5.771953; 0.455873; 0.138334;,
        -5.771953; 0.711469; 0.138334;,
        -4.116008; 0.711469; 0.138334;,
        -4.116007; 0.455873; 0.138334;,
        -4.116007; 0.455873; 0.341226;,
        -4.116008; 0.711469; 0.341226;,
        -5.771953; 0.711469; 0.341226;,
        -5.771953; 0.455873; 0.341226;,
        -4.168836; 0.337483; 0.459051;,
        -4.168836; 0.829859; 0.459051;,
        -4.168836; 0.829859; 0.020510;,
        -4.168836; 0.337483; 0.020510;,
        -4.168836; 0.829859; 0.459051;,
        -3.041127; 0.829859; 0.459051;,
        -3.041127; 0.829859; 0.020510;,
        -4.168836; 0.829859; 0.020510;,
        -3.041127; 0.829859; 0.459051;,
        -3.041126; 0.337483; 0.459051;,
        -3.041126; 0.337483; 0.020510;,
        -3.041127; 0.829859; 0.020510;,
        -3.041126; 0.337483; 0.459051;,
        -4.168836; 0.337483; 0.459051;,
        -4.168836; 0.337483; 0.020510;,
        -3.041126; 0.337483; 0.020510;,
        -4.168836; 0.337483; 0.020510;,
        -4.168836; 0.829859; 0.020510;,
        -3.041127; 0.829859; 0.020510;,
        -3.041126; 0.337483; 0.020510;,
        -3.041126; 0.337483; 0.459051;,
        -3.041127; 0.829859; 0.459051;,
        -4.168836; 0.829859; 0.459051;,
        -4.168836; 0.337483; 0.459051;,
        -12.591096;-0.932261; 0.284328;,
        -12.612223;-0.853120; 0.284328;,
        -12.612223;-0.853120; 0.071132;,
        -12.591096;-0.932261; 0.071132;,
        -12.612223;-0.853120; 0.284328;,
        -12.493484;-0.829382; 0.284328;,
        -12.493484;-0.829382; 0.071132;,
        -12.612223;-0.853120; 0.071132;,
        -12.493484;-0.829382; 0.284328;,
        -12.472357;-0.908523; 0.284328;,
        -12.472357;-0.908523; 0.071132;,
        -12.493484;-0.829382; 0.071132;,
        -12.472357;-0.908523; 0.284328;,
        -12.591096;-0.932261; 0.284328;,
        -12.591096;-0.932261; 0.071132;,
        -12.472357;-0.908523; 0.071132;,
        -12.591096;-0.932261; 0.071132;,
        -12.612223;-0.853120; 0.071132;,
        -12.493484;-0.829382; 0.071132;,
        -12.472357;-0.908523; 0.071132;,
        -12.472357;-0.908523; 0.284328;,
        -12.493484;-0.829382; 0.284328;,
        -12.612223;-0.853120; 0.284328;,
        -12.591096;-0.932261; 0.284328;,
        -12.595219;-0.933085; 0.294088;,
        -12.616344;-0.853944; 0.294088;,
        -12.616344;-0.853944; 0.185472;,
        -12.595219;-0.933085; 0.185472;,
        -12.616344;-0.853944; 0.294088;,
        -11.443523;-0.619475; 0.294088;,
        -11.443523;-0.619475; 0.185472;,
        -12.616344;-0.853944; 0.185472;,
        -11.443523;-0.619475; 0.294088;,
        -11.422398;-0.698616; 0.294088;,
        -11.422398;-0.698616; 0.185472;,
        -11.443523;-0.619475; 0.185472;,
        -11.422398;-0.698616; 0.294088;,
        -12.595219;-0.933085; 0.294088;,
        -12.595219;-0.933085; 0.185472;,
        -11.422398;-0.698616; 0.185472;,
        -12.595219;-0.933085; 0.185472;,
        -12.616344;-0.853944; 0.185472;,
        -11.443523;-0.619475; 0.185472;,
        -11.422398;-0.698616; 0.185472;,
        -11.422398;-0.698616; 0.294088;,
        -11.443523;-0.619475; 0.294088;,
        -12.616344;-0.853944; 0.294088;,
        -12.595219;-0.933085; 0.294088;,
        -12.611283;-0.441486; 0.284328;,
        -12.592768;-0.361856; 0.284328;,
        -12.592768;-0.361856; 0.071132;,
        -12.611283;-0.441486; 0.071132;,
        -12.592768;-0.361856; 0.284328;,
        -12.473297;-0.382661; 0.284328;,
        -12.473297;-0.382661; 0.071132;,
        -12.592768;-0.361856; 0.071132;,
        -12.473297;-0.382661; 0.284328;,
        -12.491813;-0.462290; 0.284328;,
        -12.491813;-0.462290; 0.071132;,
        -12.473297;-0.382661; 0.071132;,
        -12.491813;-0.462290; 0.284328;,
        -12.611283;-0.441486; 0.284328;,
        -12.611283;-0.441486; 0.071132;,
        -12.491813;-0.462290; 0.071132;,
        -12.611283;-0.441486; 0.071132;,
        -12.592768;-0.361856; 0.071132;,
        -12.473297;-0.382661; 0.071132;,
        -12.491813;-0.462290; 0.071132;,
        -12.491813;-0.462290; 0.284328;,
        -12.473297;-0.382661; 0.284328;,
        -12.592768;-0.361856; 0.284328;,
        -12.611283;-0.441486; 0.284328;,
        -12.615432;-0.440763; 0.294088;,
        -12.596916;-0.361134; 0.294088;,
        -12.596916;-0.361134; 0.185472;,
        -12.615432;-0.440763; 0.185472;,
        -12.596916;-0.361134; 0.294088;,
        -11.416861;-0.566628; 0.294088;,
        -11.416861;-0.566628; 0.185472;,
        -12.596916;-0.361134; 0.185472;,
        -11.416861;-0.566628; 0.294088;,
        -11.435376;-0.646257; 0.294088;,
        -11.435376;-0.646257; 0.185472;,
        -11.416861;-0.566628; 0.185472;,
        -11.435376;-0.646257; 0.294088;,
        -12.615432;-0.440763; 0.294088;,
        -12.615432;-0.440763; 0.185472;,
        -11.435376;-0.646257; 0.185472;,
        -12.615432;-0.440763; 0.185472;,
        -12.596916;-0.361134; 0.185472;,
        -11.416861;-0.566628; 0.185472;,
        -11.435376;-0.646257; 0.185472;,
        -11.435376;-0.646257; 0.294088;,
        -11.416861;-0.566628; 0.294088;,
        -12.596916;-0.361134; 0.294088;,
        -12.615432;-0.440763; 0.294088;,
        -12.603223;-0.668899; 0.284328;,
        -12.603223;-0.587674; 0.284328;,
        -12.603223;-0.587674; 0.071132;,
        -12.603223;-0.668899; 0.071132;,
        -12.603223;-0.587674; 0.284328;,
        -12.481357;-0.587674; 0.284328;,
        -12.481357;-0.587674; 0.071132;,
        -12.603223;-0.587674; 0.071132;,
        -12.481357;-0.587674; 0.284328;,
        -12.481357;-0.668899; 0.284328;,
        -12.481357;-0.668899; 0.071132;,
        -12.481357;-0.587674; 0.071132;,
        -12.481357;-0.668899; 0.284328;,
        -12.603223;-0.668899; 0.284328;,
        -12.603223;-0.668899; 0.071132;,
        -12.481357;-0.668899; 0.071132;,
        -12.603223;-0.668899; 0.071132;,
        -12.603223;-0.587674; 0.071132;,
        -12.481357;-0.587674; 0.071132;,
        -12.481357;-0.668899; 0.071132;,
        -12.481357;-0.668899; 0.284328;,
        -12.481357;-0.587674; 0.284328;,
        -12.603223;-0.587674; 0.284328;,
        -12.603223;-0.668899; 0.284328;,
        -12.607454;-0.668899; 0.294088;,
        -12.607454;-0.587674; 0.294088;,
        -12.607454;-0.587674; 0.185472;,
        -12.607454;-0.668899; 0.185472;,
        -12.607454;-0.587674; 0.294088;,
        -11.403745;-0.587674; 0.294088;,
        -11.403745;-0.587674; 0.185472;,
        -12.607454;-0.587674; 0.185472;,
        -11.403745;-0.587674; 0.294088;,
        -11.403744;-0.668899; 0.294088;,
        -11.403744;-0.668899; 0.185472;,
        -11.403745;-0.587674; 0.185472;,
        -11.403744;-0.668899; 0.294088;,
        -12.607454;-0.668899; 0.294088;,
        -12.607454;-0.668899; 0.185472;,
        -11.403744;-0.668899; 0.185472;,
        -12.607454;-0.668899; 0.185472;,
        -12.607454;-0.587674; 0.185472;,
        -11.403745;-0.587674; 0.185472;,
        -11.403744;-0.668899; 0.185472;,
        -11.403744;-0.668899; 0.294088;,
        -11.403745;-0.587674; 0.294088;,
        -12.607454;-0.587674; 0.294088;,
        -12.607454;-0.668899; 0.294088;,
        -11.383524;-0.721061; 0.301902;,
        -11.383524;-0.535512; 0.301902;,
        -11.383524;-0.535512; 0.177658;,
        -11.383524;-0.721061; 0.177658;,
        -11.383524;-0.535512; 0.301902;,
        -5.792009;-0.535512; 0.301902;,
        -5.792009;-0.535512; 0.177658;,
        -11.383524;-0.535512; 0.177658;,
        -5.792009;-0.535512; 0.301902;,
