xof 0303txt 0032

template XSkinMeshHeader {
  <3cf169ce-ff7c-44ab-93c0-f78f62d172e2>
  WORD nMaxSkinWeightsPerVertex;
  WORD nMaxSkinWeightsPerFace;
  WORD nBones;
}

template SkinWeights {
  <6f0d123b-bad2-4167-a0d0-80224f25fabb>
  STRING transformNodeName;
  DWORD nWeights;
  array DWORD vertexIndices[nWeights];
  array float weights[nWeights];
  Matrix4x4 matrixOffset;
}

Frame Root {
  FrameTransformMatrix {
     1.000000, 0.000000, 0.000000, 0.000000,
     0.000000,-0.000000, 1.000000, 0.000000,
     0.000000, 1.000000, 0.000000, 0.000000,
     0.000000, 0.000000, 0.000000, 1.000000;;
  }
  Frame Armature_001 {
    FrameTransformMatrix {
      -0.000000, 1.000000, 0.000000, 0.000000,
       0.999851, 0.000000,-0.017288, 0.000000,
      -0.017288,-0.000000,-0.999851, 0.000000,
       0.000000, 0.000000, 0.004859, 1.000000;;
    }
    Frame Armature_001_Bone {
      FrameTransformMatrix {
         0.982278, 0.000000, 0.187432, 0.000000,
        -0.187432,-0.000000, 0.982277, 0.000000,
         0.000000,-1.000000, 0.000000, 0.000000,
         0.041985,-0.000442,-0.053684, 1.000000;;
      }
      Frame Armature_001_Bone_001 {
        FrameTransformMatrix {
           0.000000, 0.000000,-1.000000, 0.000000,
          -0.643211, 0.765689,-0.000000, 0.000000,
           0.765689, 0.643211, 0.000000, 0.000000,
          -0.000000, 0.278682, 0.000000, 1.000000;;
        }
        Frame Armature_001_Bone_003 {
          FrameTransformMatrix {
             1.000000, 0.000000,-0.000000, 0.000000,
            -0.000000, 0.958094,-0.286452, 0.000000,
             0.000000, 0.286453, 0.958094, 0.000000,
            -0.000000, 0.369069, 0.000000, 1.000000;;
          }
        } // End of Armature_001_Bone_003
      } // End of Armature_001_Bone_001
      Frame Armature_001_Bone_002 {
        FrameTransformMatrix {
           0.000000, 0.000000,-1.000000, 0.000000,
          -0.285268, 0.958448, 0.000000, 0.000000,
           0.958448, 0.285268, 0.000000, 0.000000,
          -0.000000, 0.278682, 0.000000, 1.000000;;
        }
        Frame Armature_001_Bone_004 {
          FrameTransformMatrix {
             0.155816, 0.987786,-0.000364, 0.000000,
            -0.982756, 0.155059, 0.100732, 0.000000,
             0.099559,-0.015338, 0.994913, 0.000000,
            -0.000000, 0.278757,-0.000000, 1.000000;;
          }
          Frame Armature_001_Bone_005 {
            FrameTransformMatrix {
               0.155817,-0.982756, 0.099559, 0.000000,
               0.667992, 0.179084, 0.722299, 0.000000,
              -0.727673,-0.046041, 0.684377, 0.000000,
               0.000000, 0.130366,-0.000000, 1.000000;;
            }
            Frame Armature_001_Bone_009 {
              FrameTransformMatrix {
                 1.000000,-0.000000,-0.000000, 0.000000,
                 0.000000, 0.999427,-0.033837, 0.000000,
                 0.000000, 0.033837, 0.999427, 0.000000,
                 0.000000, 0.182338, 0.000000, 1.000000;;
              }
              Frame Armature_001_Bone_011 {
                FrameTransformMatrix {
                   0.999890, 0.002256, 0.014679, 0.000000,
                   0.014851,-0.151997,-0.988269, 0.000000,
                   0.000001, 0.988378,-0.152014, 0.000000,
                  -0.000000, 0.247187, 0.000000, 1.000000;;
                }
                Frame Armature_001_Bone_013 {
                  FrameTransformMatrix {
                     0.999986,-0.005251,-0.000000, 0.000000,
                     0.005251, 0.999986,-0.000000, 0.000000,
                     0.000000,-0.000000, 1.000000, 0.000000,
                    -0.000000, 0.876929,-0.000000, 1.000000;;
                  }
                } // End of Armature_001_Bone_013
                Frame Armature_001_Bone_016 {
                  FrameTransformMatrix {
                     0.968960,-0.247217,-0.000439, 0.000000,
                     0.247202, 0.968878, 0.012934, 0.000000,
                    -0.002772,-0.012641, 0.999916, 0.000000,
                    -0.000000, 0.876929,-0.000000, 1.000000;;
                  }
                } // End of Armature_001_Bone_016
                Frame Armature_001_Bone_017 {
                  FrameTransformMatrix {
                     0.967179, 0.254097,-0.000430, 0.000000,
                    -0.254070, 0.967049,-0.016245, 0.000000,
                    -0.003712, 0.015821, 0.999868, 0.000000,
                    -0.000000, 0.876929,-0.000000, 1.000000;;
                  }
                } // End of Armature_001_Bone_017
              } // End of Armature_001_Bone_011
            } // End of Armature_001_Bone_009
          } // End of Armature_001_Bone_005
        } // End of Armature_001_Bone_004
        Frame Armature_001_Bone_006 {
          FrameTransformMatrix {
            -0.012633,-0.999918,-0.001947, 0.000000,
             0.988242,-0.012782, 0.152363, 0.000000,
            -0.152376, 0.000000, 0.988323, 0.000000,
            -0.000000, 0.278757,-0.000000, 1.000000;;
          }
          Frame Armature_001_Bone_007 {
            FrameTransformMatrix {
              -0.012633, 0.988242,-0.152376, 0.000000,
              -0.679137, 0.103367, 0.726697, 0.000000,
               0.733903, 0.112664, 0.669846, 0.000000,
              -0.000000, 0.092435,-0.000000, 1.000000;;
            }
            Frame Armature_001_Bone_008 {
              FrameTransformMatrix {
                 1.000000,-0.000000, 0.000000, 0.000000,
                 0.000000, 0.998320,-0.057937, 0.000000,
                -0.000000, 0.057937, 0.998320, 0.000000,
                 0.000000, 0.203082,-0.000000, 1.000000;;
              }
              Frame Armature_001_Bone_010 {
                FrameTransformMatrix {
                   0.999956, 0.001434, 0.009317, 0.000000,
                   0.009427,-0.152114,-0.988318, 0.000000,
                  -0.000000, 0.988362,-0.152121, 0.000000,
                   0.000000, 0.251373, 0.000000, 1.000000;;
                }
                Frame Armature_001_Bone_012 {
                  FrameTransformMatrix {
                     0.999845,-0.017618, 0.000068, 0.000000,
                     0.017617, 0.999763,-0.012806, 0.000000,
                     0.000158, 0.012805, 0.999918, 0.000000,
                    -0.000000, 0.861907,-0.000000, 1.000000;;
                  }
                } // End of Armature_001_Bone_012
                Frame Armature_001_Bone_014 {
                  FrameTransformMatrix {
                     0.975237,-0.221161, 0.000381, 0.000000,
                     0.221107, 0.974958,-0.023836, 0.000000,
                     0.004900, 0.023330, 0.999716, 0.000000,
                    -0.000000, 0.861907,-0.000000, 1.000000;;
                  }
                } // End of Armature_001_Bone_014
                Frame Armature_001_Bone_015 {
                  FrameTransformMatrix {
                     0.970440, 0.241341, 0.000000, 0.000000,
                    -0.241341, 0.970440, 0.000000, 0.000000,
                    -0.000000,-0.000000, 1.000000, 0.000000,
                    -0.000000, 0.861907,-0.000000, 1.000000;;
                  }
                } // End of Armature_001_Bone_015
              } // End of Armature_001_Bone_010
            } // End of Armature_001_Bone_008
          } // End of Armature_001_Bone_007
        } // End of Armature_001_Bone_006
      } // End of Armature_001_Bone_002
    } // End of Armature_001_Bone
    Frame Armature_001_Bone_018 {
      FrameTransformMatrix {
        -0.000000,-1.000000,-0.000000, 0.000000,
         0.993128,-0.000000,-0.117032, 0.000000,
         0.117032,-0.000000, 0.993128, 0.000000,
         0.041985,-0.000442,-0.053684, 1.000000;;
      }
      Frame Armature_001_Bone_019 {
        FrameTransformMatrix {
           1.000000,-0.000000,-0.000000, 0.000000,
           0.000000, 0.931051, 0.364889, 0.000000,
           0.000000,-0.364889, 0.931051, 0.000000,
          -0.000000, 0.373970, 0.000000, 1.000000;;
        }
        Frame Armature_001_Bone_020 {
          FrameTransformMatrix {
             1.000000,-0.000000,-0.000000, 0.000000,
             0.000000, 1.000000,-0.000170, 0.000000,
             0.000000, 0.000170, 1.000000, 0.000000,
             0.000000, 0.320806,-0.000000, 1.000000;;
          }
          Frame Armature_001_Bone_021 {
            FrameTransformMatrix {
               1.000000, 0.000000, 0.000000, 0.000000,
              -0.000000, 1.000000, 0.000170, 0.000000,
              -0.000000,-0.000170, 1.000000, 0.000000,
               0.000000, 0.165229, 0.000000, 1.000000;;
            }
          } // End of Armature_001_Bone_021
        } // End of Armature_001_Bone_020
        Frame Armature_001_Bone_022 {
          FrameTransformMatrix {
            -0.000000, 0.190259,-0.981734, 0.000000,
             0.000000, 0.981734, 0.190259, 0.000000,
             1.000000,-0.000000,-0.000000, 0.000000,
             0.000000, 0.320806,-0.000000, 1.000000;;
          }
          Frame Armature_001_Bone_023 {
            FrameTransformMatrix {
              -0.000000, 0.000000, 1.000000, 0.000000,
               0.190259, 0.981734,-0.000000, 0.000000,
              -0.981734, 0.190259,-0.000000, 0.000000,
               0.000000, 0.167597, 0.000000, 1.000000;;
            }
          } // End of Armature_001_Bone_023
        } // End of Armature_001_Bone_022
      } // End of Armature_001_Bone_019
    } // End of Armature_001_Bone_018
    Frame Armature_001_Bone_024 {
      FrameTransformMatrix {
         0.459856, 0.000000,-0.887994, 0.000000,
         0.000000, 1.000000, 0.000000, 0.000000,
         0.887994, 0.000000, 0.459856, 0.000000,
         0.041985,-0.000442,-0.053684, 1.000000;;
      }
      Frame Armature_001_Bone_025 {
        FrameTransformMatrix {
           0.874961,-0.479843, 0.064752, 0.000000,
           0.454116, 0.766841,-0.453578, 0.000000,
           0.167992, 0.426268, 0.888861, 0.000000,
          -0.000000, 0.179638, 0.000000, 1.000000;;
        }
        Frame Armature_001_Bone_026 {
          FrameTransformMatrix {
             0.963005, 0.214925, 0.162570, 0.000000,
            -0.259070, 0.904442, 0.338919, 0.000000,
            -0.074193,-0.368498, 0.926663, 0.000000,
             0.000000, 0.329246, 0.000000, 1.000000;;
          }
          Frame Armature_001_Bone_027 {
            FrameTransformMatrix {
               0.997843, 0.065642, 0.000032, 0.000000,
              -0.064586, 0.981707, 0.179110, 0.000000,
               0.011726,-0.178726, 0.983829, 0.000000,
              -0.000000, 1.352213,-0.000000, 1.000000;;
            }
          } // End of Armature_001_Bone_027
        } // End of Armature_001_Bone_026
      } // End of Armature_001_Bone_025
    } // End of Armature_001_Bone_024
    Frame Armature_001_Bone_028 {
      FrameTransformMatrix {
        -0.459856, 0.000000, 0.887994, 0.000000,
         0.000000,-1.000000, 0.000000, 0.000000,
         0.887994, 0.000000, 0.459856, 0.000000,
         0.041985,-0.000442,-0.053684, 1.000000;;
      }
      Frame Armature_001_Bone_029 {
        FrameTransformMatrix {
           0.845615, 0.527772,-0.079950, 0.000000,
          -0.480149, 0.686616,-0.545907, 0.000000,
          -0.233220, 0.500015, 0.834022, 0.000000,
           0.000000, 0.195630, 0.000000, 1.000000;;
        }
        Frame Armature_001_Bone_030 {
          FrameTransformMatrix {
             0.955173,-0.218896,-0.199323, 0.000000,
             0.289401, 0.832267, 0.472841, 0.000000,
             0.062387,-0.509329, 0.858308, 0.000000,
             0.000000, 0.279583,-0.000000, 1.000000;;
          }
          Frame Armature_001_Bone_031 {
            FrameTransformMatrix {
               0.975633,-0.210211, 0.062860, 0.000000,
               0.186633, 0.945738, 0.265986, 0.000000,
              -0.115362,-0.247773, 0.961925, 0.000000,
               0.000000, 1.321131, 0.000000, 1.000000;;
            }
          } // End of Armature_001_Bone_031
        } // End of Armature_001_Bone_030
      } // End of Armature_001_Bone_029
    } // End of Armature_001_Bone_028
    Frame Armature {
      FrameTransformMatrix {
         0.321655,-0.000000,-0.000000, 0.000000,
        -0.000000, 0.321655, 0.000000, 0.000000,
        -0.000000, 0.000000, 0.321655, 0.000000,
        -0.346824, 0.021946,-0.061336, 1.000000;;
      }
    } // End of Armature
    Frame Cube_001 {
      FrameTransformMatrix {
         0.154508, 0.000000,-0.000000, 0.000000,
        -0.000000, 0.178540, 0.000000, 0.000000,
        -0.000000, 0.000000, 0.156242, 0.000000,
        -0.066155, 0.000000, 0.000000, 1.000000;;
      }
      Mesh { // Cube_001 mesh
        2232;
         8.003874; 0.173667;-0.325159;,
         8.003874;-0.173667;-0.325159;,
         8.003874;-0.173667;-0.411383;,
         8.003874; 0.173667;-0.411383;,
         8.003874;-0.173667;-0.325159;,
         5.916093;-0.173667;-0.325159;,
         5.916093;-0.173667;-0.411383;,
         8.003874;-0.173667;-0.411383;,
         5.916093;-0.173667;-0.325159;,
         5.916093; 0.173667;-0.325159;,
         5.916093; 0.173667;-0.411383;,
         5.916093;-0.173667;-0.411383;,
         5.916093; 0.173667;-0.325159;,
         8.003874; 0.173667;-0.325159;,
         8.003874; 0.173667;-0.411383;,
         5.916093; 0.173667;-0.411383;,
         8.003874; 0.173667;-0.411383;,
         8.003874;-0.173667;-0.411383;,
         5.916093;-0.173667;-0.411383;,
         5.916093; 0.173667;-0.411383;,
         5.916093; 0.173667;-0.325159;,
         5.916093;-0.173667;-0.325159;,
         8.003874;-0.173667;-0.325159;,
         8.003874; 0.173667;-0.325159;,
         8.003874; 0.116226;-0.157788;,
         8.003874;-0.116226;-0.157788;,
         8.003874;-0.116226;-0.219146;,
         8.003874; 0.116226;-0.219146;,
         8.003874;-0.116226;-0.157788;,
         5.916093;-0.116226;-0.157788;,
         5.916093;-0.116226;-0.219146;,
         8.003874;-0.116226;-0.219146;,
         5.916093;-0.116226;-0.157788;,
         5.916093; 0.116226;-0.157788;,
         5.916093; 0.116226;-0.219146;,
         5.916093;-0.116226;-0.219146;,
         5.916093; 0.116226;-0.157788;,
         8.003874; 0.116226;-0.157788;,
         8.003874; 0.116226;-0.219146;,
         5.916093; 0.116226;-0.219146;,
         8.003874; 0.116226;-0.219146;,
         8.003874;-0.116226;-0.219146;,
         5.916093;-0.116226;-0.219146;,
         5.916093; 0.116226;-0.219146;,
         5.916093; 0.116226;-0.157788;,
         5.916093;-0.116226;-0.157788;,
         8.003874;-0.116226;-0.157788;,
         8.003874; 0.116226;-0.157788;,
         6.315369; 0.438720;-0.068557;,
         6.315369;-0.438720;-0.068557;,
         6.315369;-0.438720;-0.918863;,
         6.315369; 0.438720;-0.918863;,
         6.315369;-0.438720;-0.068557;,
         5.236371;-0.438720;-0.068557;,
         5.236371;-0.438720;-0.918863;,
         6.315369;-0.438720;-0.918863;,
         5.236371;-0.438720;-0.068557;,
         5.236371; 0.438720;-0.068557;,
         5.236371; 0.438720;-0.918863;,
         5.236371;-0.438720;-0.918863;,
         5.236371; 0.438720;-0.068557;,
         6.315369; 0.438720;-0.068557;,
         6.315369; 0.438720;-0.918863;,
         5.236371; 0.438720;-0.918863;,
         6.315369; 0.438720;-0.918863;,
         6.315369;-0.438720;-0.918863;,
         5.236371;-0.438720;-0.918863;,
         5.236371; 0.438720;-0.918863;,
         5.236371; 0.438720;-0.068557;,
         5.236371;-0.438720;-0.068557;,
         6.315369;-0.438720;-0.068557;,
         6.315369; 0.438720;-0.068557;,
         5.217599; 0.314522;-0.096954;,
         5.217599;-0.314522;-0.096954;,
         5.217599;-0.314522;-0.668957;,
         5.217599; 0.314522;-0.668957;,
         5.217599;-0.314522;-0.096954;,
         3.129818;-0.314522;-0.096954;,
         3.129818;-0.314522;-0.668957;,
         5.217599;-0.314522;-0.668957;,
         3.129818;-0.314522;-0.096954;,
         3.129818; 0.314522;-0.096954;,
         3.129818; 0.314522;-0.668957;,
         3.129818;-0.314522;-0.668957;,
         3.129818; 0.314522;-0.096954;,
         5.217599; 0.314522;-0.096954;,
         5.217599; 0.314522;-0.668957;,
         3.129818; 0.314522;-0.668957;,
         5.217599; 0.314522;-0.668957;,
         5.217599;-0.314522;-0.668957;,
         3.129818;-0.314522;-0.668957;,
         3.129818; 0.314522;-0.668957;,
         3.129818; 0.314522;-0.096954;,
         3.129818;-0.314522;-0.096954;,
         5.217599;-0.314522;-0.096954;,
         5.217599; 0.314522;-0.096954;,
         3.098417; 0.314522;-0.096954;,
         3.098417;-0.314522;-0.096954;,
         3.098417;-0.314522;-0.668957;,
         3.098417; 0.314522;-0.668957;,
         3.098417;-0.314522;-0.096954;,
         1.017043;-0.314522;-0.096954;,
         1.017043;-0.314522;-0.668957;,
         3.098417;-0.314522;-0.668957;,
         1.017043;-0.314522;-0.096954;,
         1.017043; 0.314522;-0.096954;,
         1.017043; 0.314522;-0.668957;,
         1.017043;-0.314522;-0.668957;,
         1.017043; 0.314522;-0.096954;,
         3.098417; 0.314522;-0.096954;,
         3.098417; 0.314522;-0.668957;,
         1.017043; 0.314522;-0.668957;,
         3.098417; 0.314522;-0.668957;,
         3.098417;-0.314522;-0.668957;,
         1.017043;-0.314522;-0.668957;,
         1.017043; 0.314522;-0.668957;,
         1.017043; 0.314522;-0.096954;,
         1.017043;-0.314522;-0.096954;,
         3.098417;-0.314522;-0.096954;,
         3.098417; 0.314522;-0.096954;,
        -12.591096; 0.279697; 0.284328;,
        -12.612223; 0.358838; 0.284328;,
        -12.612223; 0.358838; 0.071132;,
        -12.591096; 0.279697; 0.071132;,
        -12.612223; 0.358838; 0.284328;,
        -12.493484; 0.382576; 0.284328;,
        -12.493484; 0.382576; 0.071132;,
        -12.612223; 0.358838; 0.071132;,
        -12.493484; 0.382576; 0.284328;,
        -12.472357; 0.303435; 0.284328;,
        -12.472357; 0.303435; 0.071132;,
        -12.493484; 0.382576; 0.071132;,
        -12.472357; 0.303435; 0.284328;,
        -12.591096; 0.279697; 0.284328;,
        -12.591096; 0.279697; 0.071132;,
        -12.472357; 0.303435; 0.071132;,
        -12.591096; 0.279697; 0.071132;,
        -12.612223; 0.358838; 0.071132;,
        -12.493484; 0.382576; 0.071132;,
        -12.472357; 0.303435; 0.071132;,
        -12.472357; 0.303435; 0.284328;,
        -12.493484; 0.382576; 0.284328;,
        -12.612223; 0.358838; 0.284328;,
        -12.591096; 0.279697; 0.284328;,
        -12.595219; 0.278872; 0.294088;,
        -12.616344; 0.358013; 0.294088;,
        -12.616344; 0.358013; 0.185472;,
        -12.595219; 0.278872; 0.185472;,
        -12.616344; 0.358013; 0.294088;,
        -11.443523; 0.592483; 0.294088;,
        -11.443523; 0.592483; 0.185472;,
        -12.616344; 0.358013; 0.185472;,
        -11.443523; 0.592483; 0.294088;,
        -11.422398; 0.513342; 0.294088;,
        -11.422398; 0.513342; 0.185472;,
        -11.443523; 0.592483; 0.185472;,
        -11.422398; 0.513342; 0.294088;,
        -12.595219; 0.278872; 0.294088;,
        -12.595219; 0.278872; 0.185472;,
        -11.422398; 0.513342; 0.185472;,
        -12.595219; 0.278872; 0.185472;,
        -12.616344; 0.358013; 0.185472;,
        -11.443523; 0.592483; 0.185472;,
        -11.422398; 0.513342; 0.185472;,
        -11.422398; 0.513342; 0.294088;,
        -11.443523; 0.592483; 0.294088;,
        -12.616344; 0.358013; 0.294088;,
        -12.595219; 0.278872; 0.294088;,
        -12.611283; 0.770472; 0.284328;,
        -12.592768; 0.850101; 0.284328;,
        -12.592768; 0.850101; 0.071132;,
        -12.611283; 0.770472; 0.071132;,
        -12.592768; 0.850101; 0.284328;,
        -12.473297; 0.829297; 0.284328;,
        -12.473297; 0.829297; 0.071132;,
        -12.592768; 0.850101; 0.071132;,
        -12.473297; 0.829297; 0.284328;,
        -12.491813; 0.749667; 0.284328;,
        -12.491813; 0.749667; 0.071132;,
        -12.473297; 0.829297; 0.071132;,
        -12.491813; 0.749667; 0.284328;,
        -12.611283; 0.770472; 0.284328;,
        -12.611283; 0.770472; 0.071132;,
        -12.491813; 0.749667; 0.071132;,
        -12.611283; 0.770472; 0.071132;,
        -12.592768; 0.850101; 0.071132;,
        -12.473297; 0.829297; 0.071132;,
        -12.491813; 0.749667; 0.071132;,
        -12.491813; 0.749667; 0.284328;,
        -12.473297; 0.829297; 0.284328;,
        -12.592768; 0.850101; 0.284328;,
        -12.611283; 0.770472; 0.284328;,
        -12.615432; 0.771194; 0.294088;,
        -12.596916; 0.850824; 0.294088;,
        -12.596916; 0.850824; 0.185472;,
        -12.615432; 0.771194; 0.185472;,
        -12.596916; 0.850824; 0.294088;,
        -11.416861; 0.645330; 0.294088;,
        -11.416861; 0.645330; 0.185472;,
        -12.596916; 0.850824; 0.185472;,
        -11.416861; 0.645330; 0.294088;,
        -11.435376; 0.565700; 0.294088;,
        -11.435376; 0.565700; 0.185472;,
        -11.416861; 0.645330; 0.185472;,
        -11.435376; 0.565700; 0.294088;,
        -12.615432; 0.771194; 0.294088;,
        -12.615432; 0.771194; 0.185472;,
        -11.435376; 0.565700; 0.185472;,
        -12.615432; 0.771194; 0.185472;,
        -12.596916; 0.850824; 0.185472;,
        -11.416861; 0.645330; 0.185472;,
        -11.435376; 0.565700; 0.185472;,
        -11.435376; 0.565700; 0.294088;,
        -11.416861; 0.645330; 0.294088;,
        -12.596916; 0.850824; 0.294088;,
        -12.615432; 0.771194; 0.294088;,
        -12.603223; 0.543058; 0.284328;,
        -12.603223; 0.624284; 0.284328;,
        -12.603223; 0.624284; 0.071132;,
        -12.603223; 0.543058; 0.071132;,
        -12.603223; 0.624284; 0.284328;,
        -12.481357; 0.624284; 0.284328;,
        -12.481357; 0.624284; 0.071132;,
        -12.603223; 0.624284; 0.071132;,
        -12.481357; 0.624284; 0.284328;,
        -12.481357; 0.543058; 0.284328;,
        -12.481357; 0.543058; 0.071132;,
        -12.481357; 0.624284; 0.071132;,
        -12.481357; 0.543058; 0.284328;,
        -12.603223; 0.543058; 0.284328;,
        -12.603223; 0.543058; 0.071132;,
        -12.481357; 0.543058; 0.071132;,
        -12.603223; 0.543058; 0.071132;,
        -12.603223; 0.624284; 0.071132;,
        -12.481357; 0.624284; 0.071132;,
        -12.481357; 0.543058; 0.071132;,
        -12.481357; 0.543058; 0.284328;,
        -12.481357; 0.624284; 0.284328;,
        -12.603223; 0.624284; 0.284328;,
        -12.603223; 0.543058; 0.284328;,
        -12.607454; 0.543058; 0.294088;,
        -12.607454; 0.624284; 0.294088;,
        -12.607454; 0.624284; 0.185472;,
        -12.607454; 0.543058; 0.185472;,
        -12.607454; 0.624284; 0.294088;,
        -11.403745; 0.624284; 0.294088;,
        -11.403745; 0.624284; 0.185472;,
        -12.607454; 0.624284; 0.185472;,
        -11.403745; 0.624284; 0.294088;,
        -11.403744; 0.543058; 0.294088;,
        -11.403744; 0.543058; 0.185472;,
        -11.403745; 0.624284; 0.185472;,
        -11.403744; 0.543058; 0.294088;,
        -12.607454; 0.543058; 0.294088;,
        -12.607454; 0.543058; 0.185472;,
        -11.403744; 0.543058; 0.185472;,
        -12.607454; 0.543058; 0.185472;,
        -12.607454; 0.624284; 0.185472;,
        -11.403745; 0.624284; 0.185472;,
        -11.403744; 0.543058; 0.185472;,
        -11.403744; 0.543058; 0.294088;,
        -11.403745; 0.624284; 0.294088;,
        -12.607454; 0.624284; 0.294088;,
        -12.607454; 0.543058; 0.294088;,
        -11.383524; 0.490897; 0.301902;,
        -11.383524; 0.676446; 0.301902;,
        -11.383524; 0.676446; 0.177658;,
        -11.383524; 0.490897; 0.177658;,
        -11.383524; 0.676446; 0.301902;,
        -5.792009; 0.676446; 0.301902;,
        -5.792009; 0.676446; 0.177658;,
        -11.383524; 0.676446; 0.177658;,
        -5.792009; 0.676446; 0.301902;,
        -5.792009; 0.490897; 0.301902;,
        -5.792009; 0.490897; 0.177658;,
        -5.792009; 0.676446; 0.177658;,
        -5.792009; 0.490897; 0.301902;,
        -11.383524; 0.490897; 0.301902;,
        -11.383524; 0.490897; 0.177658;,
        -5.792009; 0.490897; 0.177658;,
        -11.383524; 0.490897; 0.177658;,
        -11.383524; 0.676446; 0.177658;,
        -5.792009; 0.676446; 0.177658;,
        -5.792009; 0.490897; 0.177658;,
        -5.792009; 0.490897; 0.301902;,
        -5.792009; 0.676446; 0.301902;,
        -11.383524; 0.676446; 0.301902;,
        -11.383524; 0.490897; 0.301902;,
        -5.771953; 0.455873; 0.341226;,
        -5.771953; 0.711469; 0.341226;,
        -5.771953; 0.711469; 0.138334;,
        -5.771953; 0.455873; 0.138334;,
        -5.771953; 0.711469; 0.341226;,
        -4.116008; 0.711469; 0.341226;,
        -4.116008; 0.711469; 0.138334;,
        -5.771953; 0.711469; 0.138334;,
        -4.116008; 0.711469; 0.341226;,
        -4.116007; 0.455873; 0.341226;,
        -4.116007; 0.455873; 0.138334;,
        -4.116008; 0.711469; 0.138334;,
        -4.116007; 0.455873; 0.341226;,
        -5.771953; 0.455873; 0.341226;,
        -5.771953; 0.455873; 0.138334;,
        -4.116007; 0.455873; 0.138334;,
        -5.771953; 0.455873; 0.138334;,
        -5.771953; 0.711469; 0.138334;,
        -4.116008; 0.711469; 0.138334;,
        -4.116007; 0.455873; 0.138334;,
        -4.116007; 0.455873; 0.341226;,
        -4.116008; 0.711469; 0.341226;,
        -5.771953; 0.711469; 0.341226;,
        -5.771953; 0.455873; 0.341226;,
        -4.168836; 0.337483; 0.459051;,
        -4.168836; 0.829859; 0.459051;,
        -4.168836; 0.829859; 0.020510;,
        -4.168836; 0.337483; 0.020510;,
        -4.168836; 0.829859; 0.459051;,
        -3.041127; 0.829859; 0.459051;,
        -3.041127; 0.829859; 0.020510;,
        -4.168836; 0.829859; 0.020510;,
        -3.041127; 0.829859; 0.459051;,
        -3.041126; 0.337483; 0.459051;,
        -3.041126; 0.337483; 0.020510;,
        -3.041127; 0.829859; 0.020510;,
        -3.041126; 0.337483; 0.459051;,
        -4.168836; 0.337483; 0.459051;,
        -4.168836; 0.337483; 0.020510;,
        -3.041126; 0.337483; 0.020510;,
        -4.168836; 0.337483; 0.020510;,
        -4.168836; 0.829859; 0.020510;,
        -3.041127; 0.829859; 0.020510;,
        -3.041126; 0.337483; 0.020510;,
        -3.041126; 0.337483; 0.459051;,
        -3.041127; 0.829859; 0.459051;,
        -4.168836; 0.829859; 0.459051;,
        -4.168836; 0.337483; 0.459051;,
        -12.591096;-0.932261; 0.284328;,
        -12.612223;-0.853120; 0.284328;,
        -12.612223;-0.853120; 0.071132;,
        -12.591096;-0.932261; 0.071132;,
        -12.612223;-0.853120; 0.284328;,
        -12.493484;-0.829382; 0.284328;,
        -12.493484;-0.829382; 0.071132;,
        -12.612223;-0.853120; 0.071132;,
        -12.493484;-0.829382; 0.284328;,
        -12.472357;-0.908523; 0.284328;,
        -12.472357;-0.908523; 0.071132;,
        -12.493484;-0.829382; 0.071132;,
        -12.472357;-0.908523; 0.284328;,
        -12.591096;-0.932261; 0.284328;,
        -12.591096;-0.932261; 0.071132;,
        -12.472357;-0.908523; 0.071132;,
        -12.591096;-0.932261; 0.071132;,
        -12.612223;-0.853120; 0.071132;,
        -12.493484;-0.829382; 0.071132;,
        -12.472357;-0.908523; 0.071132;,
        -12.472357;-0.908523; 0.284328;,
        -12.493484;-0.829382; 0.284328;,
        -12.612223;-0.853120; 0.284328;,
        -12.591096;-0.932261; 0.284328;,
        -12.595219;-0.933085; 0.294088;,
        -12.616344;-0.853944; 0.294088;,
        -12.616344;-0.853944; 0.185472;,
        -12.595219;-0.933085; 0.185472;,
        -12.616344;-0.853944; 0.294088;,
        -11.443523;-0.619475; 0.294088;,
        -11.443523;-0.619475; 0.185472;,
        -12.616344;-0.853944; 0.185472;,
        -11.443523;-0.619475; 0.294088;,
        -11.422398;-0.698616; 0.294088;,
        -11.422398;-0.698616; 0.185472;,
        -11.443523;-0.619475; 0.185472;,
        -11.422398;-0.698616; 0.294088;,
        -12.595219;-0.933085; 0.294088;,
        -12.595219;-0.933085; 0.185472;,
        -11.422398;-0.698616; 0.185472;,
        -12.595219;-0.933085; 0.185472;,
        -12.616344;-0.853944; 0.185472;,
        -11.443523;-0.619475; 0.185472;,
        -11.422398;-0.698616; 0.185472;,
        -11.422398;-0.698616; 0.294088;,
        -11.443523;-0.619475; 0.294088;,
        -12.616344;-0.853944; 0.294088;,
        -12.595219;-0.933085; 0.294088;,
        -12.611283;-0.441486; 0.284328;,
        -12.592768;-0.361856; 0.284328;,
        -12.592768;-0.361856; 0.071132;,
        -12.611283;-0.441486; 0.071132;,
        -12.592768;-0.361856; 0.284328;,
        -12.473297;-0.382661; 0.284328;,
        -12.473297;-0.382661; 0.071132;,
        -12.592768;-0.361856; 0.071132;,
        -12.473297;-0.382661; 0.284328;,
        -12.491813;-0.462290; 0.284328;,
        -12.491813;-0.462290; 0.071132;,
        -12.473297;-0.382661; 0.071132;,
        -12.491813;-0.462290; 0.284328;,
        -12.611283;-0.441486; 0.284328;,
        -12.611283;-0.441486; 0.071132;,
        -12.491813;-0.462290; 0.071132;,
        -12.611283;-0.441486; 0.071132;,
        -12.592768;-0.361856; 0.071132;,
        -12.473297;-0.382661; 0.071132;,
        -12.491813;-0.462290; 0.071132;,
        -12.491813;-0.462290; 0.284328;,
        -12.473297;-0.382661; 0.284328;,
        -12.592768;-0.361856; 0.284328;,
        -12.611283;-0.441486; 0.284328;,
        -12.615432;-0.440763; 0.294088;,
        -12.596916;-0.361134; 0.294088;,
        -12.596916;-0.361134; 0.185472;,
        -12.615432;-0.440763; 0.185472;,
        -12.596916;-0.361134; 0.294088;,
        -11.416861;-0.566628; 0.294088;,
        -11.416861;-0.566628; 0.185472;,
        -12.596916;-0.361134; 0.185472;,
        -11.416861;-0.566628; 0.294088;,
        -11.435376;-0.646257; 0.294088;,
        -11.435376;-0.646257; 0.185472;,
        -11.416861;-0.566628; 0.185472;,
        -11.435376;-0.646257; 0.294088;,
        -12.615432;-0.440763; 0.294088;,
        -12.615432;-0.440763; 0.185472;,
        -11.435376;-0.646257; 0.185472;,
        -12.615432;-0.440763; 0.185472;,
        -12.596916;-0.361134; 0.185472;,
        -11.416861;-0.566628; 0.185472;,
        -11.435376;-0.646257; 0.185472;,
        -11.435376;-0.646257; 0.294088;,
        -11.416861;-0.566628; 0.294088;,
        -12.596916;-0.361134; 0.294088;,
        -12.615432;-0.440763; 0.294088;,
        -12.603223;-0.668899; 0.284328;,
        -12.603223;-0.587674; 0.284328;,
        -12.603223;-0.587674; 0.071132;,
        -12.603223;-0.668899; 0.071132;,
        -12.603223;-0.587674; 0.284328;,
        -12.481357;-0.587674; 0.284328;,
        -12.481357;-0.587674; 0.071132;,
        -12.603223;-0.587674; 0.071132;,
        -12.481357;-0.587674; 0.284328;,
        -12.481357;-0.668899; 0.284328;,
        -12.481357;-0.668899; 0.071132;,
        -12.481357;-0.587674; 0.071132;,
        -12.481357;-0.668899; 0.284328;,
        -12.603223;-0.668899; 0.284328;,
        -12.603223;-0.668899; 0.071132;,
        -12.481357;-0.668899; 0.071132;,
        -12.603223;-0.668899; 0.071132;,
        -12.603223;-0.587674; 0.071132;,
        -12.481357;-0.587674; 0.071132;,
        -12.481357;-0.668899; 0.071132;,
        -12.481357;-0.668899; 0.284328;,
        -12.481357;-0.587674; 0.284328;,
        -12.603223;-0.587674; 0.284328;,
        -12.603223;-0.668899; 0.284328;,
        -12.607454;-0.668899; 0.294088;,
        -12.607454;-0.587674; 0.294088;,
        -12.607454;-0.587674; 0.185472;,
        -12.607454;-0.668899; 0.185472;,
        -12.607454;-0.587674; 0.294088;,
        -11.403745;-0.587674; 0.294088;,
        -11.403745;-0.587674; 0.185472;,
        -12.607454;-0.587674; 0.185472;,
        -11.403745;-0.587674; 0.294088;,
        -11.403744;-0.668899; 0.294088;,
        -11.403744;-0.668899; 0.185472;,
        -11.403745;-0.587674; 0.185472;,
        -11.403744;-0.668899; 0.294088;,
        -12.607454;-0.668899; 0.294088;,
        -12.607454;-0.668899; 0.185472;,
        -11.403744;-0.668899; 0.185472;,
        -12.607454;-0.668899; 0.185472;,
        -12.607454;-0.587674; 0.185472;,
        -11.403745;-0.587674; 0.185472;,
        -11.403744;-0.668899; 0.185472;,
        -11.403744;-0.668899; 0.294088;,
        -11.403745;-0.587674; 0.294088;,
        -12.607454;-0.587674; 0.294088;,
        -12.607454;-0.668899; 0.294088;,
        -11.383524;-0.721061; 0.301902;,
        -11.383524;-0.535512; 0.301902;,
        -11.383524;-0.535512; 0.177658;,
        -11.383524;-0.721061; 0.177658;,
        -11.383524;-0.535512; 0.301902;,
        -5.792009;-0.535512; 0.301902;,
        -5.792009;-0.535512; 0.177658;,
        -11.383524;-0.535512; 0.177658;,
        -5.792009;-0.535512; 0.301902;,
        -5.792009;-0.721061; 0.301902;,
        -5.792009;-0.721061; 0.177658;,
        -5.792009;-0.535512; 0.177658;,
        -5.792009;-0.721061; 0.301902;,
        -11.383524;-0.721061; 0.301902;,
        -11.383524;-0.721061; 0.177658;,
        -5.792009;-0.721061; 0.177658;,
        -11.383524;-0.721061; 0.177658;,
        -11.383524;-0.535512; 0.177658;,
        -5.792009;-0.535512; 0.177658;,
        -5.792009;-0.721061; 0.177658;,
        -5.792009;-0.721061; 0.301902;,
        -5.792009;-0.535512; 0.301902;,
        -11.383524;-0.535512; 0.301902;,
        -11.383524;-0.721061; 0.301902;,
        -5.771953;-0.756084; 0.341226;,
        -5.771953;-0.500489; 0.341226;,
        -5.771953;-0.500489; 0.138334;,
        -5.771953;-0.756084; 0.138334;,
        -5.771953;-0.500489; 0.341226;,
        -4.116008;-0.500489; 0.341226;,
        -4.116008;-0.500489; 0.138334;,
        -5.771953;-0.500489; 0.138334;,
        -4.116008;-0.500489; 0.341226;,
        -4.116007;-0.756084; 0.341226;,
        -4.116007;-0.756084; 0.138334;,
        -4.116008;-0.500489; 0.138334;,
        -4.116007;-0.756084; 0.341226;,
        -5.771953;-0.756084; 0.341226;,
        -5.771953;-0.756084; 0.138334;,
        -4.116007;-0.756084; 0.138334;,
        -5.771953;-0.756084; 0.138334;,
        -5.771953;-0.500489; 0.138334;,
        -4.116008;-0.500489; 0.138334;,
        -4.116007;-0.756084; 0.138334;,
        -4.116007;-0.756084; 0.341226;,
        -4.116008;-0.500489; 0.341226;,
        -5.771953;-0.500489; 0.341226;,
        -5.771953;-0.756084; 0.341226;,
        -4.168836;-0.874475; 0.459051;,
        -4.168836;-0.382098; 0.459051;,
        -4.168836;-0.382098; 0.020510;,
        -4.168836;-0.874475; 0.020510;,
        -4.168836;-0.382098; 0.459051;,
        -3.041127;-0.382099; 0.459051;,
        -3.041127;-0.382099; 0.020510;,
        -4.168836;-0.382098; 0.020510;,
        -3.041127;-0.382099; 0.459051;,
        -3.041126;-0.874475; 0.459051;,
        -3.041126;-0.874475; 0.020510;,
        -3.041127;-0.382099; 0.020510;,
        -3.041126;-0.874475; 0.459051;,
        -4.168836;-0.874475; 0.459051;,
        -4.168836;-0.874475; 0.020510;,
        -3.041126;-0.874475; 0.020510;,
        -4.168836;-0.874475; 0.020510;,
        -4.168836;-0.382098; 0.020510;,
        -3.041127;-0.382099; 0.020510;,
        -3.041126;-0.874475; 0.020510;,
        -3.041126;-0.874475; 0.459051;,
        -3.041127;-0.382099; 0.459051;,
        -4.168836;-0.382098; 0.459051;,
        -4.168836;-0.874475; 0.459051;,
        -6.440949;-0.568696;-0.776893;,
        -6.440949;-0.260931;-0.776893;,
        -6.440949;-0.260931;-0.885926;,
        -6.440949;-0.568696;-0.885926;,
        -6.440949;-0.260931;-0.776893;,
        -4.660429;-0.260931;-0.776893;,
        -4.660429;-0.260931;-0.885926;,
        -6.440949;-0.260931;-0.885926;,
        -4.660429;-0.260931;-0.776893;,
        -4.660429;-0.568696;-0.776893;,
        -4.660429;-0.568696;-0.885926;,
        -4.660429;-0.260931;-0.885926;,
        -4.660429;-0.568696;-0.776893;,
        -6.440949;-0.568696;-0.776893;,
        -6.440949;-0.568696;-0.885926;,
        -4.660429;-0.568696;-0.885926;,
        -6.440949;-0.568696;-0.885926;,
        -6.440949;-0.260931;-0.885926;,
        -4.660429;-0.260931;-0.885926;,
        -4.660429;-0.568696;-0.885926;,
        -4.660429;-0.568696;-0.776893;,
        -4.660429;-0.260931;-0.776893;,
        -6.440949;-0.260931;-0.776893;,
        -6.440949;-0.568696;-0.776893;,
        -6.440949;-0.962035;-0.776893;,
        -6.440949;-0.654270;-0.776893;,
        -6.440949;-0.654270;-0.885926;,
        -6.440949;-0.962035;-0.885926;,
        -6.440949;-0.654270;-0.776893;,
        -4.660429;-0.654270;-0.776893;,
        -4.660429;-0.654270;-0.885926;,
        -6.440949;-0.654270;-0.885926;,
        -4.660429;-0.654270;-0.776893;,
        -4.660429;-0.962035;-0.776893;,
        -4.660429;-0.962035;-0.885926;,
        -4.660429;-0.654270;-0.885926;,
        -4.660429;-0.962035;-0.776893;,
        -6.440949;-0.962035;-0.776893;,
        -6.440949;-0.962035;-0.885926;,
        -4.660429;-0.962035;-0.885926;,
        -6.440949;-0.962035;-0.885926;,
        -6.440949;-0.654270;-0.885926;,
        -4.660429;-0.654270;-0.885926;,
        -4.660429;-0.962035;-0.885926;,
        -4.660429;-0.962035;-0.776893;,
        -4.660429;-0.654270;-0.776893;,
        -6.440949;-0.654270;-0.776893;,
        -6.440949;-0.962035;-0.776893;,
        -6.440949; 0.644152;-0.776893;,
        -6.440949; 0.951917;-0.776893;,
        -6.440949; 0.951917;-0.885926;,
        -6.440949; 0.644152;-0.885926;,
        -6.440949; 0.951917;-0.776893;,
        -4.660429; 0.951917;-0.776893;,
        -4.660429; 0.951917;-0.885926;,
        -6.440949; 0.951917;-0.885926;,
        -4.660429; 0.951917;-0.776893;,
        -4.660429; 0.644152;-0.776893;,
        -4.660429; 0.644152;-0.885926;,
        -4.660429; 0.951917;-0.885926;,
        -4.660429; 0.644152;-0.776893;,
        -6.440949; 0.644152;-0.776893;,
        -6.440949; 0.644152;-0.885926;,
        -4.660429; 0.644152;-0.885926;,
        -6.440949; 0.644152;-0.885926;,
        -6.440949; 0.951917;-0.885926;,
        -4.660429; 0.951917;-0.885926;,
        -4.660429; 0.644152;-0.885926;,
        -4.660429; 0.644152;-0.776893;,
        -4.660429; 0.951917;-0.776893;,
        -6.440949; 0.951917;-0.776893;,
        -6.440949; 0.644152;-0.776893;,
        -6.440949; 0.244190;-0.776893;,
        -6.440949; 0.551955;-0.776893;,
        -6.440949; 0.551955;-0.885926;,
        -6.440949; 0.244190;-0.885926;,
        -6.440949; 0.551955;-0.776893;,
        -4.660429; 0.551955;-0.776893;,
        -4.660429; 0.551955;-0.885926;,
        -6.440949; 0.551955;-0.885926;,
        -4.660429; 0.551955;-0.776893;,
        -4.660429; 0.244190;-0.776893;,
        -4.660429; 0.244190;-0.885926;,
        -4.660429; 0.551955;-0.885926;,
        -4.660429; 0.244190;-0.776893;,
        -6.440949; 0.244190;-0.776893;,
        -6.440949; 0.244190;-0.885926;,
        -4.660429; 0.244190;-0.885926;,
        -6.440949; 0.244190;-0.885926;,
        -6.440949; 0.551955;-0.885926;,
        -4.660429; 0.551955;-0.885926;,
        -4.660429; 0.244190;-0.885926;,
        -4.660429; 0.244190;-0.776893;,
        -4.660429; 0.551955;-0.776893;,
        -6.440949; 0.551955;-0.776893;,
        -6.440949; 0.244190;-0.776893;,
        -6.440949;-0.153883;-0.776893;,
        -6.440949; 0.153883;-0.776893;,
        -6.440949; 0.153883;-0.885926;,
        -6.440949;-0.153883;-0.885926;,
        -6.440949; 0.153883;-0.776893;,
        -4.660429; 0.153883;-0.776893;,
        -4.660429; 0.153883;-0.885926;,
        -6.440949; 0.153883;-0.885926;,
        -4.660429; 0.153883;-0.776893;,
        -4.660429;-0.153883;-0.776893;,
        -4.660429;-0.153883;-0.885926;,
        -4.660429; 0.153883;-0.885926;,
        -4.660429;-0.153883;-0.776893;,
        -6.440949;-0.153883;-0.776893;,
        -6.440949;-0.153883;-0.885926;,
        -4.660429;-0.153883;-0.885926;,
        -6.440949;-0.153883;-0.885926;,
        -6.440949; 0.153883;-0.885926;,
        -4.660429; 0.153883;-0.885926;,
        -4.660429;-0.153883;-0.885926;,
        -4.660429;-0.153883;-0.776893;,
        -4.660429; 0.153883;-0.776893;,
        -6.440949; 0.153883;-0.776893;,
        -6.440949;-0.153883;-0.776893;,
        -4.831772;-1.000000;-0.453660;,
        -4.831772; 1.000000;-0.453660;,
        -4.831772; 1.000000;-0.941899;,
