xof 0303txt 0032

template XSkinMeshHeader {
  <3cf169ce-ff7c-44ab-93c0-f78f62d172e2>
  WORD nMaxSkinWeightsPerVertex;
  WORD nMaxSkinWeightsPerFace;
  WORD nBones;
}

template SkinWeights {
  <6f0d123b-bad2-4167-a0d0-80224f25fabb>
  STRING transformNodeName;
  DWORD nWeights;
  array DWORD vertexIndices[nWeights];
  array float weights[nWeights];
  Matrix4x4 matrixOffset;
}

Frame Root {
  FrameTransformMatrix {
     1.000000, 0.000000, 0.000000, 0.000000,
     0.000000,-0.000000, 1.000000, 0.000000,
     0.000000, 1.000000, 0.000000, 0.000000,
     0.000000, 0.000000, 0.000000, 1.000000;;
  }
  Frame Armature {
    FrameTransformMatrix {
      -0.017586, 0.999845, 0.000000, 0.000000,
      -0.999845,-0.017586, 0.000000, 0.000000,
       0.000000, 0.000000, 1.000000, 0.000000,
       0.000000, 0.000000, 2.022889, 1.000000;;
    }
    Frame Armature_Bone {
      FrameTransformMatrix {
         0.023474, 0.000000,-0.999725, 0.000000,
         0.999725, 0.000000, 0.023474, 0.000000,
         0.000000,-1.000000,-0.000000, 0.000000,
        -0.659806, 0.000000,-1.973480, 1.000000;;
      }
      Frame Armature_Bone_001 {
        FrameTransformMatrix {
           0.004659, 0.858391,-0.512975, 0.000000,
          -0.228901,-0.498445,-0.836156, 0.000000,
          -0.973439, 0.121316, 0.194164, 0.000000,
           0.000000, 2.111425, 0.000000, 1.000000;;
        }
        Frame Armature_Bone_003 {
          FrameTransformMatrix {
             0.992256,-0.114405, 0.048367, 0.000000,
             0.116978, 0.991654,-0.054205, 0.000000,
            -0.041762, 0.059443, 0.997358, 0.000000,
            -0.000000, 1.774389, 0.000000, 1.000000;;
          }
          Frame Armature_Bone_004 {
            FrameTransformMatrix {
               0.959911,-0.278483, 0.031917, 0.000000,
               0.277852, 0.960352, 0.022845, 0.000000,
              -0.037013,-0.013061, 0.999229, 0.000000,
               0.000000, 0.681628, 0.000000, 1.000000;;
            }
            Frame Armature_Bone_005 {
              FrameTransformMatrix {
                 0.997957,-0.063031,-0.010437, 0.000000,
                 0.060338, 0.983534,-0.170355, 0.000000,
                 0.021003, 0.169378, 0.985327, 0.000000,
                 0.000000, 1.360815,-0.000000, 1.000000;;
              }
              Frame Armature_Bone_006 {
                FrameTransformMatrix {
                   0.999875,-0.002156,-0.015657, 0.000000,
                  -0.000717, 0.983441,-0.181229, 0.000000,
                   0.015789, 0.181218, 0.983316, 0.000000,
                   0.000000, 1.894468,-0.000000, 1.000000;;
                }
              } // End of Armature_Bone_006
            } // End of Armature_Bone_005
          } // End of Armature_Bone_004
        } // End of Armature_Bone_003
      } // End of Armature_Bone_001
      Frame Armature_Bone_002 {
        FrameTransformMatrix {
          -0.011944,-0.881624,-0.471802, 0.000000,
          -0.252739,-0.453853, 0.854482, 0.000000,
          -0.967461, 0.129448,-0.217400, 0.000000,
           0.000000, 2.111425, 0.000000, 1.000000;;
        }
        Frame Armature_Bone_007 {
          FrameTransformMatrix {
             0.999366,-0.031577, 0.016462, 0.000000,
             0.031164, 0.999208, 0.024748, 0.000000,
            -0.017231,-0.024219, 0.999558, 0.000000,
             0.000000, 1.720235, 0.000000, 1.000000;;
          }
          Frame Armature_Bone_008 {
            FrameTransformMatrix {
               0.913269, 0.390385,-0.116361, 0.000000,
              -0.405454, 0.898712,-0.167105, 0.000000,
               0.039340, 0.199791, 0.979048, 0.000000,
              -0.000000, 0.754474,-0.000000, 1.000000;;
            }
            Frame Armature_Bone_009 {
              FrameTransformMatrix {
                 0.985268, 0.170684,-0.010619, 0.000000,
                -0.170918, 0.984895,-0.027705, 0.000000,
                 0.005730, 0.029112, 0.999560, 0.000000,
                -0.000000, 1.430619,-0.000000, 1.000000;;
              }
              Frame Armature_Bone_010 {
                FrameTransformMatrix {
                   0.999911,-0.004955,-0.012359, 0.000000,
                   0.003081, 0.989091,-0.147276, 0.000000,
                   0.012953, 0.147225, 0.989018, 0.000000,
                  -0.000000, 1.893673,-0.000000, 1.000000;;
                }
              } // End of Armature_Bone_010
            } // End of Armature_Bone_009
          } // End of Armature_Bone_008
        } // End of Armature_Bone_007
      } // End of Armature_Bone_002
      Frame Armature_Bone_011 {
        FrameTransformMatrix {
          -0.166679,-0.052883, 0.984592, 0.000000,
          -0.243607, 0.969813, 0.010849, 0.000000,
          -0.955444,-0.238045,-0.174531, 0.000000,
           0.000000, 2.111425, 0.000000, 1.000000;;
        }
        Frame Armature_Bone_012 {
          FrameTransformMatrix {
             0.941460,-0.255543, 0.219887, 0.000000,
             0.099915, 0.834443, 0.541961, 0.000000,
            -0.321978,-0.488265, 0.811127, 0.000000,
            -0.000000, 0.580301,-0.000000, 1.000000;;
          }
          Frame Armature_Bone_013 {
            FrameTransformMatrix {
               0.967277, 0.071533,-0.243431, 0.000000,
              -0.137372, 0.954294,-0.265427, 0.000000,
               0.213318, 0.290182, 0.932893, 0.000000,
               0.000000, 1.751334, 0.000000, 1.000000;;
            }
            Frame Armature_Bone_014 {
              FrameTransformMatrix {
                -0.384609, 0.701379,-0.600120, 0.000000,
                -0.131387,-0.685104,-0.716498, 0.000000,
                -0.913681,-0.196723, 0.355649, 0.000000,
                -0.000000, 1.635398,-0.000000, 1.000000;;
              }
              Frame Armature_Bone_015 {
                FrameTransformMatrix {
                  -0.257520, 0.087479,-0.962305, 0.000000,
                   0.917824,-0.289246,-0.271910, 0.000000,
                  -0.302129,-0.953249,-0.005804, 0.000000,
                  -0.000000, 0.822311, 0.000000, 1.000000;;
                }
              } // End of Armature_Bone_015
            } // End of Armature_Bone_014
            Frame Armature_Bone_016 {
              FrameTransformMatrix {
                 0.896258,-0.182897,-0.404067, 0.000000,
                -0.144837, 0.740387,-0.656391, 0.000000,
                 0.419218, 0.646820, 0.637087, 0.000000,
                -0.000000, 1.635398,-0.000000, 1.000000;;
              }
            } // End of Armature_Bone_016
          } // End of Armature_Bone_013
        } // End of Armature_Bone_012
      } // End of Armature_Bone_011
    } // End of Armature_Bone
    Frame Armature_Bone_017 {
      FrameTransformMatrix {
         0.976522, 0.087776,-0.196722, 0.000000,
        -0.196494, 0.737224,-0.646445, 0.000000,
         0.088286, 0.669923, 0.737163, 0.000000,
        -0.659806, 0.000000,-1.973480, 1.000000;;
      }
      Frame Armature_Bone_021 {
        FrameTransformMatrix {
           0.054090, 0.748536, 0.660884, 0.000000,
           0.231219, 0.634475,-0.737549, 0.000000,
          -0.971397, 0.192703,-0.138757, 0.000000,
           0.000000, 1.166709, 0.000000, 1.000000;;
        }
        Frame Armature_Bone_022 {
          FrameTransformMatrix {
             0.930273, 0.243586,-0.274330, 0.000000,
             0.070340, 0.615466, 0.785019, 0.000000,
             0.360060,-0.749578, 0.555418, 0.000000,
            -0.000000, 0.522297, 0.000000, 1.000000;;
          }
          Frame Armature_Bone_035 {
            FrameTransformMatrix {
               0.098366, 0.103656,-0.989737, 0.000000,
              -0.903587, 0.426015,-0.045187, 0.000000,
               0.416959, 0.898759, 0.135568, 0.000000,
               0.000000, 1.171345, 0.000000, 1.000000;;
            }
          } // End of Armature_Bone_035
          Frame Armature_Bone_036 {
            FrameTransformMatrix {
              -0.921595, 0.013023,-0.387935, 0.000000,
              -0.206024, 0.830620, 0.517325, 0.000000,
               0.328964, 0.556688,-0.762812, 0.000000,
               0.000000, 1.171345, 0.000000, 1.000000;;
            }
          } // End of Armature_Bone_036
          Frame Armature_Bone_037 {
            FrameTransformMatrix {
               0.526526, 0.079506,-0.846433, 0.000000,
               0.719512, 0.488658, 0.493474, 0.000000,
               0.452850,-0.868846, 0.200085, 0.000000,
               0.000000, 1.171345, 0.000000, 1.000000;;
            }
          } // End of Armature_Bone_037
        } // End of Armature_Bone_022
      } // End of Armature_Bone_021
      Frame Armature_Bone_034 {
        FrameTransformMatrix {
           0.068959, 0.733623, 0.676049, 0.000000,
          -0.862346, 0.384562,-0.329350, 0.000000,
          -0.501602,-0.560276, 0.659156, 0.000000,
           0.000000, 1.166709, 0.000000, 1.000000;;
        }
      } // End of Armature_Bone_034
    } // End of Armature_Bone_017
    Frame Armature_Bone_018 {
      FrameTransformMatrix {
         0.960339,-0.276945, 0.032398, 0.000000,
        -0.227637,-0.845800,-0.482497, 0.000000,
         0.161027, 0.455986,-0.875298, 0.000000,
        -0.659806, 0.000000,-1.973480, 1.000000;;
      }
      Frame Armature_Bone_019 {
        FrameTransformMatrix {
           0.970133,-0.109165,-0.216623, 0.000000,
           0.241420, 0.347480, 0.906077, 0.000000,
          -0.023640,-0.931312, 0.363456, 0.000000,
          -0.000000, 1.529180, 0.000000, 1.000000;;
        }
        Frame Armature_Bone_020 {
          FrameTransformMatrix {
            -0.288091,-0.137377, 0.947698, 0.000000,
            -0.895937, 0.388067,-0.216102, 0.000000,
            -0.338083,-0.911335,-0.234879, 0.000000,
             0.000000, 0.472086,-0.000000, 1.000000;;
          }
          Frame Armature_Bone_023 {
            FrameTransformMatrix {
              -0.573475, 0.397469,-0.716340, 0.000000,
               0.049871, 0.889731, 0.453752, 0.000000,
               0.817703, 0.224491,-0.530061, 0.000000,
              -0.000000, 1.173263, 0.000000, 1.000000;;
            }
          } // End of Armature_Bone_023
          Frame Armature_Bone_024 {
            FrameTransformMatrix {
              -0.471164,-0.112723,-0.874813, 0.000000,
              -0.800033, 0.472249, 0.370038, 0.000000,
               0.371418, 0.874228,-0.312688, 0.000000,
              -0.000000, 1.173263, 0.000000, 1.000000;;
            }
          } // End of Armature_Bone_024
          Frame Armature_Bone_025 {
            FrameTransformMatrix {
               0.011922, 0.013926,-0.999832, 0.000000,
               0.833855, 0.551701, 0.017627, 0.000000,
               0.551854,-0.833926,-0.005035, 0.000000,
              -0.000000, 1.173263, 0.000000, 1.000000;;
            }
          } // End of Armature_Bone_025
          Frame Armature_Bone_026 {
            FrameTransformMatrix {
              -0.294088, 0.949463,-0.109686, 0.000000,
               0.189772, 0.170483, 0.966913, 0.000000,
               0.936749, 0.263542,-0.230319, 0.000000,
              -0.000000, 1.173263, 0.000000, 1.000000;;
            }
          } // End of Armature_Bone_026
        } // End of Armature_Bone_020
      } // End of Armature_Bone_019
      Frame Armature_Bone_033 {
        FrameTransformMatrix {
          -0.248228,-0.841211, 0.480362, 0.000000,
          -0.926374, 0.351122, 0.136181, 0.000000,
          -0.283223,-0.411190,-0.866434, 0.000000,
          -0.000000, 1.529180, 0.000000, 1.000000;;
        }
      } // End of Armature_Bone_033
    } // End of Armature_Bone_018
    Frame Armature_Bone_027 {
      FrameTransformMatrix {
         0.377113, 0.902545, 0.207843, 0.000000,
        -0.867128, 0.265227, 0.421596, 0.000000,
         0.325383,-0.339216, 0.882643, 0.000000,
        -0.659806, 0.000000,-1.973480, 1.000000;;
      }
      Frame Armature_Bone_030 {
        FrameTransformMatrix {
           0.937603,-0.098809,-0.333372, 0.000000,
           0.211204, 0.923474, 0.320294, 0.000000,
           0.276213,-0.370718, 0.886721, 0.000000,
          -0.000000, 2.169288,-0.000000, 1.000000;;
        }
      } // End of Armature_Bone_030
    } // End of Armature_Bone_027
    Frame Armature_Bone_028 {
      FrameTransformMatrix {
        -0.272811, 0.960381, 0.056934, 0.000000,
        -0.870348,-0.271588, 0.410774, 0.000000,
         0.409962, 0.062512, 0.909958, 0.000000,
        -0.659806, 0.000000,-1.973480, 1.000000;;
      }
      Frame Armature_Bone_032 {
        FrameTransformMatrix {
           0.994553, 0.079158,-0.067807, 0.000000,
          -0.048392, 0.926868, 0.372255, 0.000000,
           0.092315,-0.366946, 0.925650, 0.000000,
           0.000000, 2.196773, 0.000000, 1.000000;;
        }
      } // End of Armature_Bone_032
    } // End of Armature_Bone_028
    Frame Armature_Bone_029 {
      FrameTransformMatrix {
        -0.014613, 0.998789,-0.046981, 0.000000,
        -0.893616, 0.008034, 0.448759, 0.000000,
         0.448593, 0.048541, 0.892417, 0.000000,
        -0.659806, 0.000000,-1.973480, 1.000000;;
      }
      Frame Armature_Bone_031 {
        FrameTransformMatrix {
           0.997387, 0.066829, 0.027429, 0.000000,
          -0.071914, 0.954495, 0.289426, 0.000000,
          -0.006839,-0.290642, 0.956807, 0.000000,
           0.000000, 2.150515, 0.000000, 1.000000;;
        }
      } // End of Armature_Bone_031
    } // End of Armature_Bone_029
    Frame Cube {
      FrameTransformMatrix {
         1.000000, 0.000000, 0.000000, 0.000000,
         0.000000, 1.500000, 0.000000, 0.000000,
         0.000000, 0.000000, 1.200000, 0.000000,
         0.363954, 0.000000,-2.022889, 1.000000;;
      }
      Mesh { // Cube mesh
        672;
        -1.863954;-5.232481; 0.750000;,
        -1.863954;-3.632481; 0.750000;,
        -1.863954;-3.632481; 0.416667;,
        -1.863954;-5.232481; 0.416667;,
        -1.863954;-3.632481; 0.750000;,
         0.536046;-3.632481; 0.750000;,
         0.536046;-3.632481; 0.416667;,
        -1.863954;-3.632481; 0.416667;,
         0.536046;-3.632481; 0.750000;,
         0.536046;-5.232481; 0.750000;,
         0.536046;-5.232481; 0.416667;,
         0.536046;-3.632481; 0.416667;,
         0.536046;-5.232481; 0.750000;,
        -1.863954;-5.232481; 0.750000;,
        -1.863954;-5.232481; 0.416667;,
         0.536046;-5.232481; 0.416667;,
        -1.863954;-5.232481; 0.416667;,
        -1.863954;-3.632481; 0.416667;,
         0.536046;-3.632481; 0.416667;,
         0.536046;-5.232481; 0.416667;,
         0.536046;-5.232481; 0.750000;,
         0.536046;-3.632481; 0.750000;,
        -1.863954;-3.632481; 0.750000;,
        -1.863954;-5.232481; 0.750000;,
        -1.463954;-3.651990; 0.750000;,
        -1.463954;-2.318657; 0.750000;,
        -1.463954;-2.318657; 0.416667;,
        -1.463954;-3.651990; 0.416667;,
        -1.463954;-2.318657; 0.750000;,
         0.536046;-2.318657; 0.750000;,
         0.536046;-2.318657; 0.416667;,
        -1.463954;-2.318657; 0.416667;,
         0.536046;-2.318657; 0.750000;,
         0.536046;-3.651990; 0.750000;,
         0.536046;-3.651990; 0.416667;,
         0.536046;-2.318657; 0.416667;,
         0.536046;-3.651990; 0.750000;,
        -1.463954;-3.651990; 0.750000;,
        -1.463954;-3.651990; 0.416667;,
         0.536046;-3.651990; 0.416667;,
        -1.463954;-3.651990; 0.416667;,
        -1.463954;-2.318657; 0.416667;,
         0.536046;-2.318657; 0.416667;,
         0.536046;-3.651990; 0.416667;,
         0.536046;-3.651990; 0.750000;,
         0.536046;-2.318657; 0.750000;,
        -1.463954;-2.318657; 0.750000;,
        -1.463954;-3.651990; 0.750000;,
        -1.063954;-2.343909; 0.750000;,
        -1.063954;-1.277242; 0.750000;,
        -1.063954;-1.277242; 0.416667;,
        -1.063954;-2.343909; 0.416667;,
        -1.063954;-1.277242; 0.750000;,
         0.536046;-1.277242; 0.750000;,
         0.536046;-1.277242; 0.416667;,
        -1.063954;-1.277242; 0.416667;,
         0.536046;-1.277242; 0.750000;,
         0.536046;-2.343909; 0.750000;,
         0.536046;-2.343909; 0.416667;,
         0.536046;-1.277242; 0.416667;,
         0.536046;-2.343909; 0.750000;,
        -1.063954;-2.343909; 0.750000;,
        -1.063954;-2.343909; 0.416667;,
         0.536046;-2.343909; 0.416667;,
        -1.063954;-2.343909; 0.416667;,
        -1.063954;-1.277242; 0.416667;,
         0.536046;-1.277242; 0.416667;,
         0.536046;-2.343909; 0.416667;,
         0.536046;-2.343909; 0.750000;,
         0.536046;-1.277242; 0.750000;,
        -1.063954;-1.277242; 0.750000;,
        -1.063954;-2.343909; 0.750000;,
        -1.863954; 3.548944; 0.750000;,
        -1.863954; 5.148944; 0.750000;,
        -1.863954; 5.148944; 0.416667;,
        -1.863954; 3.548944; 0.416667;,
        -1.863954; 5.148944; 0.750000;,
         0.536046; 5.148944; 0.750000;,
         0.536046; 5.148944; 0.416667;,
        -1.863954; 5.148944; 0.416667;,
         0.536046; 5.148944; 0.750000;,
         0.536046; 3.548944; 0.750000;,
         0.536046; 3.548944; 0.416667;,
         0.536046; 5.148944; 0.416667;,
         0.536046; 3.548944; 0.750000;,
        -1.863954; 3.548944; 0.750000;,
        -1.863954; 3.548944; 0.416667;,
         0.536046; 3.548944; 0.416667;,
        -1.863954; 3.548944; 0.416667;,
        -1.863954; 5.148944; 0.416667;,
         0.536046; 5.148944; 0.416667;,
         0.536046; 3.548944; 0.416667;,
         0.536046; 3.548944; 0.750000;,
         0.536046; 5.148944; 0.750000;,
        -1.863954; 5.148944; 0.750000;,
        -1.863954; 3.548944; 0.750000;,
        -1.463954; 2.276130; 0.750000;,
        -1.463954; 3.609464; 0.750000;,
        -1.463954; 3.609464; 0.416667;,
        -1.463954; 2.276130; 0.416667;,
        -1.463954; 3.609464; 0.750000;,
         0.536046; 3.609464; 0.750000;,
         0.536046; 3.609464; 0.416667;,
        -1.463954; 3.609464; 0.416667;,
         0.536046; 3.609464; 0.750000;,
         0.536046; 2.276130; 0.750000;,
         0.536046; 2.276130; 0.416667;,
         0.536046; 3.609464; 0.416667;,
         0.536046; 2.276130; 0.750000;,
        -1.463954; 2.276130; 0.750000;,
        -1.463954; 2.276130; 0.416667;,
         0.536046; 2.276130; 0.416667;,
        -1.463954; 2.276130; 0.416667;,
        -1.463954; 3.609464; 0.416667;,
         0.536046; 3.609464; 0.416667;,
         0.536046; 2.276130; 0.416667;,
         0.536046; 2.276130; 0.750000;,
         0.536046; 3.609464; 0.750000;,
        -1.463954; 3.609464; 0.750000;,
        -1.463954; 2.276130; 0.750000;,
        -1.063954; 1.231781; 0.750000;,
        -1.063954; 2.298448; 0.750000;,
        -1.063954; 2.298448; 0.416667;,
        -1.063954; 1.231781; 0.416667;,
        -1.063954; 2.298448; 0.750000;,
         0.536046; 2.298448; 0.750000;,
         0.536046; 2.298448; 0.416667;,
        -1.063954; 2.298448; 0.416667;,
         0.536046; 2.298448; 0.750000;,
         0.536046; 1.231781; 0.750000;,
         0.536046; 1.231781; 0.416667;,
         0.536046; 2.298448; 0.416667;,
         0.536046; 1.231781; 0.750000;,
        -1.063954; 1.231781; 0.750000;,
        -1.063954; 1.231781; 0.416667;,
         0.536046; 1.231781; 0.416667;,
        -1.063954; 1.231781; 0.416667;,
        -1.063954; 2.298448; 0.416667;,
         0.536046; 2.298448; 0.416667;,
         0.536046; 1.231781; 0.416667;,
         0.536046; 1.231781; 0.750000;,
         0.536046; 2.298448; 0.750000;,
        -1.063954; 2.298448; 0.750000;,
        -1.063954; 1.231781; 0.750000;,
        -0.261923;-1.250302; 0.750000;,
         0.211619;-0.820440; 0.750000;,
         0.211619;-0.820440; 0.083333;,
        -0.261923;-1.250302; 0.083333;,
         0.211619;-0.820440; 0.750000;,
         0.534015;-0.978288; 0.750000;,
         0.534015;-0.978288; 0.083333;,
         0.211619;-0.820440; 0.083333;,
         0.534015;-0.978288; 0.750000;,
         0.060474;-1.408150; 0.750000;,
         0.060474;-1.408150; 0.083333;,
         0.534015;-0.978288; 0.083333;,
         0.060474;-1.408150; 0.750000;,
        -0.261923;-1.250302; 0.750000;,
        -0.261923;-1.250302; 0.083333;,
         0.060474;-1.408150; 0.083333;,
        -0.261923;-1.250302; 0.083333;,
         0.211619;-0.820440; 0.083333;,
         0.534015;-0.978288; 0.083333;,
         0.060474;-1.408150; 0.083333;,
         0.060474;-1.408150; 0.750000;,
         0.534015;-0.978288; 0.750000;,
         0.211619;-0.820440; 0.750000;,
        -0.261923;-1.250302; 0.750000;,
         0.204686; 0.831221; 0.750000;,
        -0.258670; 1.265989; 0.750000;,
        -0.258670; 1.265989; 0.083333;,
         0.204686; 0.831221; 0.083333;,
        -0.258670; 1.265989; 0.750000;,
         0.067406; 1.420441; 0.750000;,
         0.067406; 1.420441; 0.083333;,
        -0.258670; 1.265989; 0.083333;,
         0.067406; 1.420441; 0.750000;,
         0.530762; 0.985673; 0.750000;,
         0.530762; 0.985673; 0.083333;,
         0.067406; 1.420441; 0.083333;,
         0.530762; 0.985673; 0.750000;,
         0.204686; 0.831221; 0.750000;,
         0.204686; 0.831221; 0.083333;,
         0.530762; 0.985673; 0.083333;,
         0.204686; 0.831221; 0.083333;,
        -0.258670; 1.265989; 0.083333;,
         0.067406; 1.420441; 0.083333;,
         0.530762; 0.985673; 0.083333;,
         0.530762; 0.985673; 0.750000;,
         0.067406; 1.420441; 0.750000;,
        -0.258670; 1.265989; 0.750000;,
         0.204686; 0.831221; 0.750000;,
        -2.212100; 0.512606;-1.716821;,
        -2.212100; 0.712606;-1.716821;,
        -2.775911; 0.712606;-2.189782;,
        -2.775911; 0.512606;-2.189782;,
        -2.212100; 0.712606;-1.716821;,
        -1.999267; 0.712606;-1.893012;,
        -2.563078; 0.712606;-2.365973;,
        -2.775911; 0.712606;-2.189782;,
        -1.999267; 0.712606;-1.893012;,
        -1.999268; 0.512606;-1.893012;,
        -2.563079; 0.512606;-2.365973;,
        -2.563078; 0.712606;-2.365973;,
        -1.999268; 0.512606;-1.893012;,
        -2.212100; 0.512606;-1.716821;,
        -2.775911; 0.512606;-2.189782;,
        -2.563079; 0.512606;-2.365973;,
        -2.775911; 0.512606;-2.189782;,
        -2.775911; 0.712606;-2.189782;,
        -2.563078; 0.712606;-2.365973;,
        -2.563079; 0.512606;-2.365973;,
        -1.999268; 0.512606;-1.893012;,
        -1.999267; 0.712606;-1.893012;,
        -2.212100; 0.712606;-1.716821;,
        -2.212100; 0.512606;-1.716821;,
        -2.156666; 0.715087;-1.665650;,
        -2.007163; 0.856508;-1.540237;,
        -2.405837; 1.233632;-1.874671;,
        -2.555340; 1.092211;-2.000084;,
        -2.007163; 0.856508;-1.540237;,
        -1.794330; 0.856508;-1.716428;,
        -2.193005; 1.233632;-2.050862;,
        -2.405837; 1.233632;-1.874671;,
        -1.794330; 0.856508;-1.716428;,
        -1.943833; 0.715087;-1.841841;,
        -2.342508; 1.092211;-2.176275;,
        -2.193005; 1.233632;-2.050862;,
        -1.943833; 0.715087;-1.841841;,
        -2.156666; 0.715087;-1.665650;,
        -2.555340; 1.092211;-2.000084;,
        -2.342508; 1.092211;-2.176275;,
        -2.555340; 1.092211;-2.000084;,
        -2.405837; 1.233632;-1.874671;,
        -2.193005; 1.233632;-2.050862;,
        -2.342508; 1.092211;-2.176275;,
        -1.943833; 0.715087;-1.841841;,
        -1.794330; 0.856508;-1.716428;,
        -2.007163; 0.856508;-1.540237;,
        -2.156666; 0.715087;-1.665650;,
        -2.045225; 0.329592;-1.578308;,
        -1.746219; 0.612435;-1.327482;,
        -2.045225; 0.895278;-1.578308;,
        -2.344231; 0.612435;-1.829133;,
        -1.746219; 0.612435;-1.327482;,
        -1.533387; 0.612435;-1.503673;,
        -1.832393; 0.895278;-1.754498;,
        -2.045225; 0.895278;-1.578308;,
        -1.533387; 0.612435;-1.503673;,
        -1.832393; 0.329592;-1.754499;,
        -2.131399; 0.612435;-2.005324;,
        -1.832393; 0.895278;-1.754498;,
        -1.832393; 0.329592;-1.754499;,
        -2.045225; 0.329592;-1.578308;,
        -2.344231; 0.612435;-1.829133;,
        -2.131399; 0.612435;-2.005324;,
        -2.344231; 0.612435;-1.829133;,
        -2.045225; 0.895278;-1.578308;,
        -1.832393; 0.895278;-1.754498;,
        -2.131399; 0.612435;-2.005324;,
        -1.832393; 0.329592;-1.754499;,
        -1.533387; 0.612435;-1.503673;,
        -1.746219; 0.612435;-1.327482;,
        -2.045225; 0.329592;-1.578308;,
        -2.022558; 0.348551;-1.564962;,
        -2.172061; 0.489972;-1.690374;,
        -2.570736; 0.112848;-2.024809;,
        -2.421233;-0.028573;-1.899396;,
        -2.172061; 0.489972;-1.690374;,
        -1.959229; 0.489972;-1.866565;,
        -2.357903; 0.112848;-2.201000;,
        -2.570736; 0.112848;-2.024809;,
        -1.959229; 0.489972;-1.866565;,
        -1.809726; 0.348551;-1.741153;,
        -2.208400;-0.028573;-2.075587;,
        -2.357903; 0.112848;-2.201000;,
        -1.809726; 0.348551;-1.741153;,
        -2.022558; 0.348551;-1.564962;,
        -2.421233;-0.028573;-1.899396;,
        -2.208400;-0.028573;-2.075587;,
        -2.421233;-0.028573;-1.899396;,
        -2.570736; 0.112848;-2.024809;,
        -2.357903; 0.112848;-2.201000;,
        -2.208400;-0.028573;-2.075587;,
        -1.809726; 0.348551;-1.741153;,
        -1.959229; 0.489972;-1.866565;,
        -2.172061; 0.489972;-1.690374;,
        -2.022558; 0.348551;-1.564962;,
        -1.356399; 0.443297;-0.882388;,
        -1.356399; 0.749964;-0.882388;,
        -2.202116; 0.749964;-1.591830;,
        -2.202116; 0.443297;-1.591830;,
        -1.356399; 0.749964;-0.882388;,
        -1.072622; 0.749964;-1.117309;,
        -1.918339; 0.749964;-1.826751;,
        -2.202116; 0.749964;-1.591830;,
        -1.072622; 0.749964;-1.117309;,
        -1.072622; 0.443297;-1.117309;,
        -1.918339; 0.443297;-1.826751;,
        -1.918339; 0.749964;-1.826751;,
        -1.072622; 0.443297;-1.117309;,
        -1.356399; 0.443297;-0.882388;,
        -2.202116; 0.443297;-1.591830;,
        -1.918339; 0.443297;-1.826751;,
        -2.202116; 0.443297;-1.591830;,
        -2.202116; 0.749964;-1.591830;,
        -1.918339; 0.749964;-1.826751;,
        -1.918339; 0.443297;-1.826751;,
        -1.072622; 0.443297;-1.117309;,
        -1.072622; 0.749964;-1.117309;,
        -1.356399; 0.749964;-0.882388;,
        -1.356399; 0.443297;-0.882388;,
        -2.252213;-0.897992;-1.617705;,
        -2.252213;-0.697992;-1.617705;,
        -2.849719;-0.697992;-2.061008;,
        -2.849719;-0.897992;-2.061008;,
        -2.252213;-0.697992;-1.617705;,
        -2.052726;-0.697992;-1.804425;,
        -2.650233;-0.697992;-2.247729;,
        -2.849719;-0.697992;-2.061008;,
        -2.052726;-0.697992;-1.804425;,
        -2.052726;-0.897992;-1.804425;,
        -2.650233;-0.897992;-2.247729;,
        -2.650233;-0.697992;-2.247729;,
        -2.052726;-0.897992;-1.804425;,
        -2.252213;-0.897992;-1.617705;,
        -2.849719;-0.897992;-2.061008;,
        -2.650233;-0.897992;-2.247729;,
        -2.849719;-0.897992;-2.061008;,
        -2.849719;-0.697992;-2.061008;,
        -2.650233;-0.697992;-2.247729;,
        -2.650233;-0.897992;-2.247729;,
        -2.052726;-0.897992;-1.804425;,
        -2.052726;-0.697992;-1.804425;,
        -2.252213;-0.697992;-1.617705;,
        -2.252213;-0.897992;-1.617705;,
        -2.193122;-0.695511;-1.569458;,
        -2.034684;-0.554090;-1.451910;,
        -2.457185;-0.176966;-1.765372;,
        -2.615623;-0.318387;-1.882921;,
        -2.034684;-0.554090;-1.451910;,
        -1.835198;-0.554090;-1.638630;,
        -2.257699;-0.176966;-1.952093;,
        -2.457185;-0.176966;-1.765372;,
        -1.835198;-0.554090;-1.638630;,
        -1.993636;-0.695511;-1.756179;,
        -2.416137;-0.318387;-2.069642;,
        -2.257699;-0.176966;-1.952093;,
        -1.993636;-0.695511;-1.756179;,
        -2.193122;-0.695511;-1.569458;,
        -2.615623;-0.318387;-1.882921;,
        -2.416137;-0.318387;-2.069642;,
        -2.615623;-0.318387;-1.882921;,
        -2.457185;-0.176966;-1.765372;,
        -2.257699;-0.176966;-1.952093;,
        -2.416137;-0.318387;-2.069642;,
        -1.993636;-0.695511;-1.756179;,
        -1.835198;-0.554090;-1.638630;,
        -2.034684;-0.554090;-1.451910;,
        -2.193122;-0.695511;-1.569458;,
        -2.075473;-1.081006;-1.487967;,
        -1.758597;-0.798163;-1.252869;,
        -2.075473;-0.515320;-1.487966;,
        -2.392349;-0.798163;-1.723064;,
        -1.758597;-0.798163;-1.252869;,
        -1.559111;-0.798163;-1.439590;,
        -1.875986;-0.515320;-1.674687;,
        -2.075473;-0.515320;-1.487966;,
        -1.559111;-0.798163;-1.439590;,
        -1.875987;-1.081006;-1.674687;,
        -2.192862;-0.798163;-1.909784;,
        -1.875986;-0.515320;-1.674687;,
        -1.875987;-1.081006;-1.674687;,
        -2.075473;-1.081006;-1.487967;,
        -2.392349;-0.798163;-1.723064;,
        -2.192862;-0.798163;-1.909784;,
        -2.392349;-0.798163;-1.723064;,
        -2.075473;-0.515320;-1.487966;,
        -1.875986;-0.515320;-1.674687;,
        -2.192862;-0.798163;-1.909784;,
        -1.875987;-1.081006;-1.674687;,
        -1.559111;-0.798163;-1.439590;,
        -1.758597;-0.798163;-1.252869;,
        -2.075473;-1.081006;-1.487967;,
        -2.051868;-1.062047;-1.475802;,
        -2.210306;-0.920626;-1.593351;,
        -2.632807;-1.297750;-1.906814;,
        -2.474369;-1.439171;-1.789265;,
        -2.210306;-0.920626;-1.593351;,
        -2.010819;-0.920626;-1.780072;,
        -2.433320;-1.297750;-2.093534;,
        -2.632807;-1.297750;-1.906814;,
        -2.010819;-0.920626;-1.780072;,
        -1.852381;-1.062047;-1.662523;,
        -2.274882;-1.439171;-1.975986;,
        -2.433320;-1.297750;-2.093534;,
        -1.852381;-1.062047;-1.662523;,
        -2.051868;-1.062047;-1.475802;,
        -2.474369;-1.439171;-1.789265;,
        -2.274882;-1.439171;-1.975986;,
        -2.474369;-1.439171;-1.789265;,
        -2.632807;-1.297750;-1.906814;,
        -2.433320;-1.297750;-2.093534;,
        -2.274882;-1.439171;-1.975986;,
        -1.852381;-1.062047;-1.662523;,
        -2.010819;-0.920626;-1.780072;,
        -2.210306;-0.920626;-1.593351;,
        -2.051868;-1.062047;-1.475802;,
        -1.336803;-0.967301;-0.828502;,
        -1.336803;-0.660635;-0.828502;,
        -2.233063;-0.660635;-1.493458;,
        -2.233063;-0.967301;-1.493458;,
        -1.336803;-0.660635;-0.828502;,
        -1.070821;-0.660635;-1.077463;,
        -1.967081;-0.660635;-1.742419;,
        -2.233063;-0.660635;-1.493458;,
        -1.070821;-0.660635;-1.077463;,
        -1.070821;-0.967301;-1.077463;,
        -1.967081;-0.967301;-1.742419;,
        -1.967081;-0.660635;-1.742419;,
        -1.070821;-0.967301;-1.077463;,
        -1.336803;-0.967301;-0.828502;,
        -2.233063;-0.967301;-1.493458;,
        -1.967081;-0.967301;-1.742419;,
        -2.233063;-0.967301;-1.493458;,
        -2.233063;-0.660635;-1.493458;,
        -1.967081;-0.660635;-1.742419;,
        -1.967081;-0.967301;-1.742419;,
        -1.070821;-0.967301;-1.077463;,
        -1.070821;-0.660635;-1.077463;,
        -1.336803;-0.660635;-0.828502;,
        -1.336803;-0.967301;-0.828502;,
         3.939408;-0.266667; 2.036726;,
         3.939408; 0.266667; 2.036726;,
         3.939408; 0.266667; 1.703393;,
         3.939408;-0.266667; 1.703393;,
         3.939408; 0.266667; 2.036726;,
         5.539408; 0.266667; 2.036726;,
         5.539408; 0.266667; 1.703393;,
         3.939408; 0.266667; 1.703393;,
         5.539408; 0.266667; 2.036726;,
         5.539408;-0.266667; 2.036726;,
         5.539408;-0.266667; 1.703393;,
         5.539408; 0.266667; 1.703393;,
         5.539408;-0.266667; 2.036726;,
         3.939408;-0.266667; 2.036726;,
         3.939408;-0.266667; 1.703393;,
         5.539408;-0.266667; 1.703393;,
         3.939408;-0.266667; 1.703393;,
         3.939408; 0.266667; 1.703393;,
         5.539408; 0.266667; 1.703393;,
         5.539408;-0.266667; 1.703393;,
         5.539408;-0.266667; 2.036726;,
         5.539408; 0.266667; 2.036726;,
         3.939408; 0.266667; 2.036726;,
         3.939408;-0.266667; 2.036726;,
         4.128423;-0.266667; 1.596439;,
         4.128423; 0.266667; 1.596439;,
         4.128423; 0.266667; 1.396439;,
         4.128423;-0.266667; 1.396439;,
         4.128423; 0.266667; 1.596439;,
         5.328423; 0.266667; 1.596439;,
         5.328423; 0.266667; 1.396439;,
         4.128423; 0.266667; 1.396439;,
         5.328423; 0.266667; 1.596439;,
         5.328423;-0.266667; 1.596439;,
         5.328423;-0.266667; 1.396439;,
         5.328423; 0.266667; 1.396439;,
         5.328423;-0.266667; 1.596439;,
         4.128423;-0.266667; 1.596439;,
         4.128423;-0.266667; 1.396439;,
         5.328423;-0.266667; 1.396439;,
         4.128423;-0.266667; 1.396439;,
         4.128423; 0.266667; 1.396439;,
         5.328423; 0.266667; 1.396439;,
         5.328423;-0.266667; 1.396439;,
         5.328423;-0.266667; 1.596439;,
         5.328423; 0.266667; 1.596439;,
         4.128423; 0.266667; 1.596439;,
         4.128423;-0.266667; 1.596439;,
         2.069575; 0.495684;-0.594468;,
         2.069575;-0.837649;-0.594468;,
         0.469575;-0.837649;-0.594468;,
         0.469575; 0.495685;-0.594468;,
         2.069576; 0.495684; 0.905531;,
         0.469575; 0.495684; 0.905531;,
         0.469575;-0.837649; 0.905531;,
         2.069575;-0.837649; 0.905531;,
         2.069575; 0.495684;-0.594468;,
         2.069576; 0.495684; 0.905531;,
         2.069575;-0.837649; 0.905531;,
         2.069575;-0.837649;-0.594468;,
         2.069575;-0.837649;-0.594468;,
         2.069575;-0.837649; 0.905531;,
         0.469575;-0.837649; 0.905531;,
         0.469575;-0.837649;-0.594468;,
         0.469575;-0.837649;-0.594468;,
         0.469575;-0.837649; 0.905531;,
         0.469575; 0.495684; 0.905531;,
         0.469575; 0.495685;-0.594468;,
         2.069576; 0.495684; 0.905531;,
         2.069575; 0.495684;-0.594468;,
         0.469575; 0.495685;-0.594468;,
         0.469575; 0.495684; 0.905531;,
        -4.093055;-0.797668; 1.238287;,
        -4.157034;-0.420652; 1.396596;,
        -2.723018;-0.029311; 0.342828;,
        -2.659038;-0.406328; 0.184520;,
        -4.157034;-0.420652; 1.396596;,
        -3.743718;-0.484491; 1.750149;,
        -2.309701;-0.093151; 0.696382;,
        -2.723018;-0.029311; 0.342828;,
        -3.743718;-0.484491; 1.750149;,
        -3.679739;-0.861508; 1.591841;,
        -2.245722;-0.470167; 0.538073;,
        -2.309701;-0.093151; 0.696382;,
        -3.679739;-0.861508; 1.591841;,
        -4.093055;-0.797668; 1.238287;,
        -2.659038;-0.406328; 0.184520;,
        -2.245722;-0.470167; 0.538073;,
        -2.659038;-0.406328; 0.184520;,
        -2.723018;-0.029311; 0.342828;,
        -2.309701;-0.093151; 0.696382;,
        -2.245722;-0.470167; 0.538073;,
        -3.679739;-0.861508; 1.591841;,
        -3.743718;-0.484491; 1.750149;,
        -4.157034;-0.420652; 1.396596;,
        -4.093055;-0.797668; 1.238287;,
        -4.107567; 0.417128; 1.406402;,
        -4.046071; 0.795961; 1.254308;,
        -2.613986; 0.419278; 0.190419;,
        -2.675481; 0.040445; 0.342514;,
        -4.046071; 0.795961; 1.254308;,
        -3.631777; 0.856916; 1.607862;,
        -2.199691; 0.480233; 0.543973;,
        -2.613986; 0.419278; 0.190419;,
        -3.631777; 0.856916; 1.607862;,
        -3.693272; 0.478083; 1.759956;,
        -2.261186; 0.101400; 0.696067;,
        -2.199691; 0.480233; 0.543973;,
        -3.693272; 0.478083; 1.759956;,
        -4.107567; 0.417128; 1.406402;,
        -2.675481; 0.040445; 0.342514;,
        -2.261186; 0.101400; 0.696067;,
        -2.675481; 0.040445; 0.342514;,
        -2.613986; 0.419278; 0.190419;,
        -2.199691; 0.480233; 0.543973;,
        -2.261186; 0.101400; 0.696067;,
        -3.693272; 0.478083; 1.759956;,
        -3.631777; 0.856916; 1.607862;,
        -4.046071; 0.795961; 1.254308;,
        -4.107567; 0.417128; 1.406402;,
        -4.162182;-0.200000; 1.495812;,
        -4.162182; 0.200000; 1.495812;,
        -2.747969; 0.200000; 0.317301;,
        -2.747969;-0.200000; 0.317301;,
        -4.162182; 0.200000; 1.495812;,
        -3.737918; 0.200000; 1.849366;,
        -2.323705; 0.200000; 0.670854;,
        -2.747969; 0.200000; 0.317301;,
        -3.737918; 0.200000; 1.849366;,
        -3.737918;-0.200000; 1.849366;,
        -2.323705;-0.200000; 0.670854;,
        -2.323705; 0.200000; 0.670854;,
        -3.737918;-0.200000; 1.849366;,
        -4.162182;-0.200000; 1.495812;,
        -2.747969;-0.200000; 0.317301;,
        -2.323705;-0.200000; 0.670854;,
        -2.747969;-0.200000; 0.317301;,
        -2.747969; 0.200000; 0.317301;,
        -2.323705; 0.200000; 0.670854;,
        -2.323705;-0.200000; 0.670854;,
        -3.737918;-0.200000; 1.849366;,
        -3.737918; 0.200000; 1.849366;,
        -4.162182; 0.200000; 1.495812;,
        -4.162182;-0.200000; 1.495812;,
        -0.987746; 1.333333;-1.083333;,
        -0.987746;-1.333333;-1.083333;,
        -2.987746;-1.333333;-1.083333;,
        -2.987746; 1.333334;-1.083333;,
        -0.987746; 1.333333; 1.083333;,
        -2.987746; 1.333333; 1.083333;,
        -2.987746;-1.333333; 1.083333;,
        -0.987747;-1.333334; 1.083333;,
        -0.987746; 1.333333;-1.083333;,
        -0.987746; 1.333333; 1.083333;,
        -0.987747;-1.333334; 1.083333;,
        -0.987746;-1.333333;-1.083333;,
        -0.987746;-1.333333;-1.083333;,
        -0.987747;-1.333334; 1.083333;,
        -2.987746;-1.333333; 1.083333;,
        -2.987746;-1.333333;-1.083333;,
        -2.987746;-1.333333;-1.083333;,
        -2.987746;-1.333333; 1.083333;,
        -2.987746; 1.333333; 1.083333;,
        -2.987746; 1.333334;-1.083333;,
        -0.987746; 1.333333; 1.083333;,
        -0.987746; 1.333333;-1.083333;,
        -2.987746; 1.333334;-1.083333;,
        -2.987746; 1.333333; 1.083333;,
         2.392575;-0.600000; 2.768106;,
         2.392575; 0.600000; 2.768106;,
         2.392575; 0.600000; 1.268106;,
         2.392575;-0.600000; 1.268106;,
         2.392575; 0.600000; 2.768106;,
         4.192575; 0.600000; 2.768106;,
         4.192575; 0.600000; 1.268106;,
         2.392575; 0.600000; 1.268106;,
         4.192575; 0.600000; 2.768106;,
         4.192575;-0.600000; 2.768106;,
         4.192575;-0.600000; 1.268106;,
         4.192575; 0.600000; 1.268106;,
         4.192575;-0.600000; 2.768106;,
         2.392575;-0.600000; 2.768106;,
         2.392575;-0.600000; 1.268106;,
         4.192575;-0.600000; 1.268106;,
         2.392575;-0.600000; 1.268106;,
         2.392575; 0.600000; 1.268106;,
         4.192575; 0.600000; 1.268106;,
         4.192575;-0.600000; 1.268106;,
         4.192575;-0.600000; 2.768106;,
         4.192575; 0.600000; 2.768106;,
         2.392575; 0.600000; 2.768106;,
         2.392575;-0.600000; 2.768106;,
         1.845325; 0.400000;-0.374545;,
         1.845325;-0.400000;-0.374545;,
         0.890580;-0.400000; 0.231250;,
         0.890580; 0.400000; 0.231249;,
         3.783867; 0.400000; 1.747113;,
         2.829121; 0.400000; 2.352907;,
         2.829121;-0.400000; 2.352907;,
