xof 0303txt 0032

template XSkinMeshHeader {
  <3cf169ce-ff7c-44ab-93c0-f78f62d172e2>
  WORD nMaxSkinWeightsPerVertex;
  WORD nMaxSkinWeightsPerFace;
  WORD nBones;
}

template SkinWeights {
  <6f0d123b-bad2-4167-a0d0-80224f25fabb>
  STRING transformNodeName;
  DWORD nWeights;
  array DWORD vertexIndices[nWeights];
  array float weights[nWeights];
  Matrix4x4 matrixOffset;
}

Frame Root {
  FrameTransformMatrix {
     1.000000, 0.000000, 0.000000, 0.000000,
     0.000000,-0.000000, 1.000000, 0.000000,
     0.000000, 1.000000, 0.000000, 0.000000,
     0.000000, 0.000000, 0.000000, 1.000000;;
  }
  Frame Armature {
    FrameTransformMatrix {
      -0.999955, 0.009492, 0.000000, 0.000000,
      -0.009492,-0.999955, 0.000000, 0.000000,
       0.000000, 0.000000, 1.000000, 0.000000,
       0.802051, 0.072915, 0.612726, 1.000000;;
    }
    Frame Armature_Bone {
      FrameTransformMatrix {
        -0.047129,-0.000693,-0.998889, 0.000000,
         0.998881, 0.003791,-0.047132, 0.000000,
         0.003820,-0.999993, 0.000514, 0.000000,
        -0.089351,-0.042254,-0.369701, 1.000000;;
      }
    } // End of Armature_Bone
    Frame Armature_Bone_001 {
      FrameTransformMatrix {
        -0.000094, 0.999999,-0.001334, 0.000000,
        -0.990071, 0.000094, 0.140568, 0.000000,
         0.140568, 0.001334, 0.990070, 0.000000,
        -0.089351,-0.042254,-0.369701, 1.000000;;
      }
      Frame Armature_Bone_002 {
        FrameTransformMatrix {
          -0.237653,-0.971350, 0.000000, 0.000000,
           0.971350,-0.237653,-0.000000, 0.000000,
          -0.000000,-0.000000, 1.000000, 0.000000,
          -0.000000, 0.705560, 0.000000, 1.000000;;
        }
        Frame Armature_Bone_022 {
          FrameTransformMatrix {
             0.968870, 0.247500, 0.005879, 0.000000,
            -0.163807, 0.658688,-0.734369, 0.000000,
            -0.185628, 0.710545, 0.678725, 0.000000,
            -0.000000, 0.951083, 0.000000, 1.000000;;
          }
          Frame Armature_Bone_024 {
            FrameTransformMatrix {
               0.999949, 0.003475, 0.009435, 0.000000,
               0.003695, 0.745736,-0.666231, 0.000000,
              -0.009351, 0.666232, 0.745686, 0.000000,
               0.000000, 2.410316,-0.000000, 1.000000;;
            }
            Frame Armature_Bone_026 {
              FrameTransformMatrix {
                 0.999347, 0.023395, 0.027532, 0.000000,
                 0.035265,-0.797357,-0.602478, 0.000000,
                 0.007858, 0.603056,-0.797661, 0.000000,
                 0.000000, 2.365125, 0.000000, 1.000000;;
              }
            } // End of Armature_Bone_026
          } // End of Armature_Bone_024
        } // End of Armature_Bone_022
      } // End of Armature_Bone_002
      Frame Armature_Bone_003 {
        FrameTransformMatrix {
           0.346339,-0.938109,-0.000000, 0.000000,
           0.938109, 0.346339,-0.000000, 0.000000,
          -0.000000,-0.000000, 1.000000, 0.000000,
          -0.000000, 0.705560, 0.000000, 1.000000;;
        }
        Frame Armature_Bone_023 {
          FrameTransformMatrix {
             0.965797, 0.114985, 0.232410, 0.000000,
             0.007151, 0.884149,-0.467151, 0.000000,
            -0.259200, 0.452835, 0.853086, 0.000000,
             0.000000, 0.974908, 0.000000, 1.000000;;
          }
          Frame Armature_Bone_025 {
            FrameTransformMatrix {
               0.999803,-0.016613,-0.010893, 0.000000,
              -0.004633, 0.338220,-0.941056, 0.000000,
               0.019318, 0.940921, 0.338076, 0.000000,
              -0.000000, 2.410316,-0.000000, 1.000000;;
            }
            Frame Armature_Bone_027 {
              FrameTransformMatrix {
                 0.999569,-0.028455, 0.007198, 0.000000,
                -0.008444,-0.513666,-0.857948, 0.000000,
                 0.028110, 0.857518,-0.513685, 0.000000,
                -0.000000, 2.365125,-0.000000, 1.000000;;
              }
            } // End of Armature_Bone_027
          } // End of Armature_Bone_025
        } // End of Armature_Bone_023
      } // End of Armature_Bone_003
      Frame Armature_Bone_004 {
        FrameTransformMatrix {
           0.592700,-0.805424, 0.000000, 0.000000,
           0.805423, 0.592700, 0.000000, 0.000000,
          -0.000000,-0.000000, 1.000000, 0.000000,
          -0.000000, 0.705560, 0.000000, 1.000000;;
        }
        Frame Armature_Bone_028 {
          FrameTransformMatrix {
             0.835467, 0.549434,-0.010820, 0.000000,
            -0.319395, 0.469460,-0.823161, 0.000000,
            -0.447194, 0.691180, 0.567704, 0.000000,
             0.000000, 0.939853,-0.000000, 1.000000;;
          }
          Frame Armature_Bone_032 {
            FrameTransformMatrix {
               0.999979,-0.006159, 0.001940, 0.000000,
               0.006268, 0.853462,-0.521117, 0.000000,
               0.001554, 0.521118, 0.853483, 0.000000,
               0.000000, 2.406491,-0.000000, 1.000000;;
            }
            Frame Armature_Bone_036 {
              FrameTransformMatrix {
                 0.999747, 0.007879, 0.021087, 0.000000,
                 0.021055,-0.658694,-0.752116, 0.000000,
                 0.007964, 0.752369,-0.658693, 0.000000,
                -0.000000, 2.366877, 0.000000, 1.000000;;
              }
            } // End of Armature_Bone_036
          } // End of Armature_Bone_032
        } // End of Armature_Bone_028
      } // End of Armature_Bone_004
      Frame Armature_Bone_005 {
        FrameTransformMatrix {
          -0.212350, 0.977194, 0.000000, 0.000000,
          -0.977194,-0.212350,-0.000000, 0.000000,
          -0.000000,-0.000000, 1.000000, 0.000000,
          -0.000000, 0.705560, 0.000000, 1.000000;;
        }
        Frame Armature_Bone_016 {
          FrameTransformMatrix {
             0.978505,-0.206027,-0.008994, 0.000000,
             0.199388, 0.956308,-0.213822, 0.000000,
             0.052654, 0.207432, 0.976831, 0.000000,
            -0.000000, 1.078077, 0.000000, 1.000000;;
          }
          Frame Armature_Bone_018 {
            FrameTransformMatrix {
              -0.999809, 0.019388,-0.002648, 0.000000,
               0.011401, 0.467200,-0.884079, 0.000000,
              -0.015903,-0.883940,-0.467331, 0.000000,
               0.000000, 2.352446,-0.000000, 1.000000;;
            }
            Frame Armature_Bone_020 {
              FrameTransformMatrix {
                -0.998118,-0.061267,-0.002632, 0.000000,
                 0.044311,-0.750236, 0.659684, 0.000000,
                -0.042391, 0.658326, 0.751539, 0.000000,
                -0.000000, 2.377757,-0.000000, 1.000000;;
              }
            } // End of Armature_Bone_020
          } // End of Armature_Bone_018
        } // End of Armature_Bone_016
      } // End of Armature_Bone_005
      Frame Armature_Bone_006 {
        FrameTransformMatrix {
           0.359843, 0.933013,-0.000000, 0.000000,
          -0.933013, 0.359843, 0.000000, 0.000000,
          -0.000000,-0.000000, 1.000000, 0.000000,
          -0.000000, 0.705560, 0.000000, 1.000000;;
        }
        Frame Armature_Bone_017 {
          FrameTransformMatrix {
             0.998448, 0.022549,-0.050917, 0.000000,
            -0.051725, 0.714246,-0.697981, 0.000000,
             0.020628, 0.699531, 0.714304, 0.000000,
            -0.000000, 1.094029,-0.000000, 1.000000;;
          }
          Frame Armature_Bone_019 {
            FrameTransformMatrix {
              -0.999982, 0.001477, 0.005753, 0.000000,
              -0.000997, 0.913124,-0.407682, 0.000000,
              -0.005856,-0.407681,-0.913106, 0.000000,
               0.000000, 2.352447, 0.000000, 1.000000;;
            }
            Frame Armature_Bone_021 {
              FrameTransformMatrix {
                -0.999441,-0.033244,-0.003634, 0.000000,
                 0.021252,-0.715268, 0.698527, 0.000000,
                -0.025821, 0.698059, 0.715574, 0.000000,
                 0.000000, 2.377757,-0.000000, 1.000000;;
              }
            } // End of Armature_Bone_021
          } // End of Armature_Bone_019
        } // End of Armature_Bone_017
      } // End of Armature_Bone_006
      Frame Armature_Bone_007 {
        FrameTransformMatrix {
           0.534838, 0.844955,-0.000000, 0.000000,
          -0.844955, 0.534838,-0.000000, 0.000000,
          -0.000000,-0.000000, 1.000000, 0.000000,
          -0.000000, 0.705560, 0.000000, 1.000000;;
        }
        Frame Armature_Bone_029 {
          FrameTransformMatrix {
             0.817788,-0.571972,-0.063805, 0.000000,
             0.392730, 0.635653,-0.664612, 0.000000,
             0.420697, 0.518454, 0.744459, 0.000000,
            -0.000000, 1.026680,-0.000000, 1.000000;;
          }
          Frame Armature_Bone_033 {
            FrameTransformMatrix {
               0.999375, 0.015378, 0.031818, 0.000000,
               0.033835,-0.156524,-0.987094, 0.000000,
              -0.010199, 0.987554,-0.156947, 0.000000,
              -0.000000, 2.406489,-0.000000, 1.000000;;
            }
            Frame Armature_Bone_037 {
              FrameTransformMatrix {
                 0.998720,-0.050548,-0.001498, 0.000000,
                -0.039461,-0.760443,-0.648204, 0.000000,
                 0.031627, 0.647434,-0.761465, 0.000000,
                -0.000000, 2.366877,-0.000000, 1.000000;;
              }
            } // End of Armature_Bone_037
          } // End of Armature_Bone_033
        } // End of Armature_Bone_029
      } // End of Armature_Bone_007
      Frame Armature_Bone_008 {
        FrameTransformMatrix {
           0.955762,-0.294142, 0.000000, 0.000000,
           0.294142, 0.955762, 0.000000, 0.000000,
          -0.000000,-0.000000, 1.000000, 0.000000,
          -0.000000, 0.705560, 0.000000, 1.000000;;
        }
        Frame Armature_Bone_030 {
          FrameTransformMatrix {
             0.955432, 0.295183,-0.004014, 0.000000,
            -0.206330, 0.657989,-0.724209, 0.000000,
            -0.211133, 0.692761, 0.689569, 0.000000,
             0.000000, 0.605340, 0.000000, 1.000000;;
          }
          Frame Armature_Bone_034 {
            FrameTransformMatrix {
               0.999951,-0.006356, 0.007628, 0.000000,
               0.008879, 0.228408,-0.973525, 0.000000,
               0.004446, 0.973545, 0.228453, 0.000000,
               0.000000, 2.406491,-0.000000, 1.000000;;
            }
            Frame Armature_Bone_038 {
              FrameTransformMatrix {
                 0.999881,-0.007865, 0.013291, 0.000000,
                 0.007714,-0.491228,-0.870997, 0.000000,
                 0.013379, 0.870995,-0.491109, 0.000000,
                -0.000000, 2.366877,-0.000000, 1.000000;;
              }
            } // End of Armature_Bone_038
          } // End of Armature_Bone_034
        } // End of Armature_Bone_030
      } // End of Armature_Bone_008
      Frame Armature_Bone_009 {
        FrameTransformMatrix {
           0.864508, 0.502619,-0.000000, 0.000000,
          -0.502618, 0.864508, 0.000000, 0.000000,
          -0.000000,-0.000000, 1.000000, 0.000000,
          -0.000000, 0.705560, 0.000000, 1.000000;;
        }
        Frame Armature_Bone_031 {
          FrameTransformMatrix {
             0.865656,-0.500598,-0.006347, 0.000000,
             0.428842, 0.747995,-0.506555, 0.000000,
             0.258328, 0.435781, 0.862184, 0.000000,
             0.000000, 0.657669,-0.000000, 1.000000;;
          }
          Frame Armature_Bone_035 {
            FrameTransformMatrix {
               0.999933,-0.006500, 0.009560, 0.000000,
               0.009224,-0.049987,-0.998707, 0.000000,
               0.006969, 0.998729,-0.049923, 0.000000,
              -0.000000, 2.406491,-0.000000, 1.000000;;
            }
            Frame Armature_Bone_039 {
              FrameTransformMatrix {
                 0.999871,-0.008435, 0.013698, 0.000000,
                 0.003039,-0.737121,-0.675754, 0.000000,
                 0.015797, 0.675708,-0.737000, 0.000000,
                 0.000000, 2.366877,-0.000000, 1.000000;;
              }
            } // End of Armature_Bone_039
          } // End of Armature_Bone_035
        } // End of Armature_Bone_031
      } // End of Armature_Bone_009
      Frame Armature_Bone_010 {
        FrameTransformMatrix {
           0.000000,-0.979454,-0.201670, 0.000000,
           0.000000, 0.201670,-0.979454, 0.000000,
           1.000000, 0.000000,-0.000000, 0.000000,
          -0.000000, 0.705560, 0.000000, 1.000000;;
        }
      } // End of Armature_Bone_010
      Frame Armature_Bone_011 {
        FrameTransformMatrix {
          -0.000550,-0.979743, 0.200259, 0.000000,
          -0.009142,-0.200246,-0.979703, 0.000000,
           0.999958,-0.002370,-0.008847, 0.000000,
          -0.000000, 0.705560, 0.000000, 1.000000;;
        }
      } // End of Armature_Bone_011
      Frame Armature_Bone_012 {
        FrameTransformMatrix {
          -0.005180,-0.984463,-0.175518, 0.000000,
          -0.514153,-0.147921, 0.844847, 0.000000,
          -0.857683, 0.094619,-0.505398, 0.000000,
          -0.000000, 0.705560, 0.000000, 1.000000;;
        }
      } // End of Armature_Bone_012
      Frame Armature_Bone_013 {
        FrameTransformMatrix {
          -0.123426,-0.982729,-0.137875, 0.000000,
           0.436099,-0.178516, 0.882014, 0.000000,
          -0.891394, 0.048736, 0.450601, 0.000000,
          -0.000000, 0.705560, 0.000000, 1.000000;;
        }
      } // End of Armature_Bone_013
    } // End of Armature_Bone_001
    Frame Cube {
      FrameTransformMatrix {
         0.594084, 0.000000, 0.000000, 0.000000,
         0.000000, 1.000000, 0.000000, 0.000000,
         0.000000, 0.000000, 0.474968, 0.000000,
        -0.790636,-0.072915,-0.120927, 1.000000;;
      }
      Mesh { // Cube mesh
        720;
        -0.294973; 1.012501;-0.929354;,
        -0.872514; 1.012501;-0.929354;,
        -0.872514; 3.392842;-0.929354;,
        -0.294973; 3.392841;-0.929354;,
        -0.294973; 1.012501;-0.307697;,
        -0.294973; 3.392841;-0.307697;,
        -0.872513; 3.392842;-0.307697;,
        -0.872514; 1.012502;-0.307697;,
        -0.294973; 1.012501;-0.929354;,
        -0.294973; 1.012501;-0.307697;,
        -0.872514; 1.012502;-0.307697;,
        -0.872514; 1.012501;-0.929354;,
        -0.872514; 1.012501;-0.929354;,
        -0.872514; 1.012502;-0.307697;,
        -0.872513; 3.392842;-0.307697;,
        -0.872514; 3.392842;-0.929354;,
        -0.872514; 3.392842;-0.929354;,
        -0.872513; 3.392842;-0.307697;,
        -0.294973; 3.392841;-0.307697;,
        -0.294973; 3.392841;-0.929354;,
        -0.294973; 1.012501;-0.307697;,
        -0.294973; 1.012501;-0.929354;,
        -0.294973; 3.392841;-0.929354;,
        -0.294973; 3.392841;-0.307697;,
        -0.379065; 3.413567;-0.839338;,
        -0.788422; 3.413567;-0.839338;,
        -0.788422; 5.793907;-0.839338;,
        -0.379065; 5.793907;-0.839338;,
        -0.379065; 3.413566;-0.397712;,
        -0.379065; 5.793907;-0.397712;,
        -0.788422; 5.793907;-0.397712;,
        -0.788422; 3.413567;-0.397712;,
        -0.379065; 3.413567;-0.839338;,
        -0.379065; 3.413566;-0.397712;,
        -0.788422; 3.413567;-0.397712;,
        -0.788422; 3.413567;-0.839338;,
        -0.788422; 3.413567;-0.839338;,
        -0.788422; 3.413567;-0.397712;,
        -0.788422; 5.793907;-0.397712;,
        -0.788422; 5.793907;-0.839338;,
        -0.788422; 5.793907;-0.839338;,
        -0.788422; 5.793907;-0.397712;,
        -0.379065; 5.793907;-0.397712;,
        -0.379065; 5.793907;-0.839338;,
        -0.379065; 3.413566;-0.397712;,
        -0.379065; 3.413567;-0.839338;,
        -0.379065; 5.793907;-0.839338;,
        -0.379065; 5.793907;-0.397712;,
        -0.430627; 5.805873;-0.804031;,
        -0.736860; 5.805873;-0.804031;,
        -0.736860; 7.158578;-0.804031;,
        -0.430627; 7.158578;-0.804031;,
        -0.430627; 5.805872;-0.433018;,
        -0.430627; 7.158578;-0.433018;,
        -0.736860; 7.158578;-0.433018;,
        -0.736860; 5.805873;-0.433018;,
        -0.430627; 5.805873;-0.804031;,
        -0.430627; 5.805872;-0.433018;,
        -0.736860; 5.805873;-0.433018;,
        -0.736860; 5.805873;-0.804031;,
        -0.736860; 5.805873;-0.804031;,
        -0.736860; 5.805873;-0.433018;,
        -0.736860; 7.158578;-0.433018;,
        -0.736860; 7.158578;-0.804031;,
        -0.736860; 7.158578;-0.804031;,
        -0.736860; 7.158578;-0.433018;,
        -0.430627; 7.158578;-0.433018;,
        -0.430627; 7.158578;-0.804031;,
        -0.430627; 5.805872;-0.433018;,
        -0.430627; 5.805873;-0.804031;,
        -0.430627; 7.158578;-0.804031;,
        -0.430627; 7.158578;-0.433018;,
         0.663480; 1.012503;-0.929353;,
         0.085940; 1.012503;-0.929353;,
         0.085940; 3.392843;-0.929353;,
         0.663480; 3.392842;-0.929353;,
         0.663480; 1.012502;-0.307696;,
         0.663480; 3.392842;-0.307696;,
         0.085940; 3.392843;-0.307696;,
         0.085940; 1.012503;-0.307696;,
         0.663480; 1.012503;-0.929353;,
         0.663480; 1.012502;-0.307696;,
         0.085940; 1.012503;-0.307696;,
         0.085940; 1.012503;-0.929353;,
         0.085940; 1.012503;-0.929353;,
         0.085940; 1.012503;-0.307696;,
         0.085940; 3.392843;-0.307696;,
         0.085940; 3.392843;-0.929353;,
         0.085940; 3.392843;-0.929353;,
         0.085940; 3.392843;-0.307696;,
         0.663480; 3.392842;-0.307696;,
         0.663480; 3.392842;-0.929353;,
         0.663480; 1.012502;-0.307696;,
         0.663480; 1.012503;-0.929353;,
         0.663480; 3.392842;-0.929353;,
         0.663480; 3.392842;-0.307696;,
         0.579388; 3.413568;-0.839338;,
         0.170032; 3.413568;-0.839338;,
         0.170032; 5.793908;-0.839338;,
         0.579388; 5.793907;-0.839338;,
         0.579388; 3.413567;-0.397711;,
         0.579388; 5.793908;-0.397711;,
         0.170032; 5.793908;-0.397711;,
         0.170032; 3.413568;-0.397711;,
         0.579388; 3.413568;-0.839338;,
         0.579388; 3.413567;-0.397711;,
         0.170032; 3.413568;-0.397711;,
         0.170032; 3.413568;-0.839338;,
         0.170032; 3.413568;-0.839338;,
         0.170032; 3.413568;-0.397711;,
         0.170032; 5.793908;-0.397711;,
         0.170032; 5.793908;-0.839338;,
         0.170032; 5.793908;-0.839338;,
         0.170032; 5.793908;-0.397711;,
         0.579388; 5.793908;-0.397711;,
         0.579388; 5.793907;-0.839338;,
         0.579388; 3.413567;-0.397711;,
         0.579388; 3.413568;-0.839338;,
         0.579388; 5.793907;-0.839338;,
         0.579388; 5.793908;-0.397711;,
         0.527826; 5.805873;-0.804031;,
         0.221593; 5.805873;-0.804031;,
         0.221593; 7.158579;-0.804031;,
         0.527826; 7.158578;-0.804031;,
         0.527826; 5.805873;-0.433017;,
         0.527826; 7.158578;-0.433017;,
         0.221593; 7.158579;-0.433017;,
         0.221593; 5.805874;-0.433017;,
         0.527826; 5.805873;-0.804031;,
         0.527826; 5.805873;-0.433017;,
         0.221593; 5.805874;-0.433017;,
         0.221593; 5.805873;-0.804031;,
         0.221593; 5.805873;-0.804031;,
         0.221593; 5.805874;-0.433017;,
         0.221593; 7.158579;-0.433017;,
         0.221593; 7.158579;-0.804031;,
         0.221593; 7.158579;-0.804031;,
         0.221593; 7.158579;-0.433017;,
         0.527826; 7.158578;-0.433017;,
         0.527826; 7.158578;-0.804031;,
         0.527826; 5.805873;-0.433017;,
         0.527826; 5.805873;-0.804031;,
         0.527826; 7.158578;-0.804031;,
         0.527826; 7.158578;-0.433017;,
         0.085939;-1.013609;-0.929353;,
         0.663479;-1.013609;-0.929353;,
         0.663480;-3.393950;-0.929353;,
         0.085939;-3.393949;-0.929353;,
         0.085939;-1.013609;-0.307696;,
         0.085939;-3.393950;-0.307696;,
         0.663480;-3.393950;-0.307696;,
         0.663480;-1.013610;-0.307696;,
         0.085939;-1.013609;-0.929353;,
         0.085939;-1.013609;-0.307696;,
         0.663480;-1.013610;-0.307696;,
         0.663479;-1.013609;-0.929353;,
         0.663479;-1.013609;-0.929353;,
         0.663480;-1.013610;-0.307696;,
         0.663480;-3.393950;-0.307696;,
         0.663480;-3.393950;-0.929353;,
         0.663480;-3.393950;-0.929353;,
         0.663480;-3.393950;-0.307696;,
         0.085939;-3.393950;-0.307696;,
         0.085939;-3.393949;-0.929353;,
         0.085939;-1.013609;-0.307696;,
         0.085939;-1.013609;-0.929353;,
         0.085939;-3.393949;-0.929353;,
         0.085939;-3.393950;-0.307696;,
         0.170031;-3.414675;-0.839338;,
         0.579388;-3.414675;-0.839338;,
         0.579388;-5.795015;-0.839338;,
         0.170031;-5.795014;-0.839338;,
         0.170031;-3.414675;-0.397711;,
         0.170031;-5.795015;-0.397711;,
         0.579388;-5.795015;-0.397711;,
         0.579388;-3.414676;-0.397711;,
         0.170031;-3.414675;-0.839338;,
         0.170031;-3.414675;-0.397711;,
         0.579388;-3.414676;-0.397711;,
         0.579388;-3.414675;-0.839338;,
         0.579388;-3.414675;-0.839338;,
         0.579388;-3.414676;-0.397711;,
         0.579388;-5.795015;-0.397711;,
         0.579388;-5.795015;-0.839338;,
         0.579388;-5.795015;-0.839338;,
         0.579388;-5.795015;-0.397711;,
         0.170031;-5.795015;-0.397711;,
         0.170031;-5.795014;-0.839338;,
         0.170031;-3.414675;-0.397711;,
         0.170031;-3.414675;-0.839338;,
         0.170031;-5.795014;-0.839338;,
         0.170031;-5.795015;-0.397711;,
         0.221593;-5.806980;-0.804031;,
         0.527826;-5.806980;-0.804031;,
         0.527826;-7.159686;-0.804031;,
         0.221593;-7.159686;-0.804031;,
         0.221593;-5.806980;-0.433017;,
         0.221593;-7.159686;-0.433017;,
         0.527826;-7.159686;-0.433017;,
         0.527826;-5.806980;-0.433017;,
         0.221593;-5.806980;-0.804031;,
         0.221593;-5.806980;-0.433017;,
         0.527826;-5.806980;-0.433017;,
         0.527826;-5.806980;-0.804031;,
         0.527826;-5.806980;-0.804031;,
         0.527826;-5.806980;-0.433017;,
         0.527826;-7.159686;-0.433017;,
         0.527826;-7.159686;-0.804031;,
         0.527826;-7.159686;-0.804031;,
         0.527826;-7.159686;-0.433017;,
         0.221593;-7.159686;-0.433017;,
         0.221593;-7.159686;-0.804031;,
         0.221593;-5.806980;-0.433017;,
         0.221593;-5.806980;-0.804031;,
         0.221593;-7.159686;-0.804031;,
         0.221593;-7.159686;-0.433017;,
        -0.909680;-1.013609;-0.929353;,
        -0.332140;-1.013609;-0.929353;,
        -0.332140;-3.393950;-0.929353;,
        -0.909680;-3.393949;-0.929353;,
        -0.909680;-1.013609;-0.307696;,
        -0.909680;-3.393950;-0.307696;,
        -0.332140;-3.393950;-0.307696;,
        -0.332139;-1.013610;-0.307696;,
        -0.909680;-1.013609;-0.929353;,
        -0.909680;-1.013609;-0.307696;,
        -0.332139;-1.013610;-0.307696;,
        -0.332140;-1.013609;-0.929353;,
        -0.332140;-1.013609;-0.929353;,
        -0.332139;-1.013610;-0.307696;,
        -0.332140;-3.393950;-0.307696;,
        -0.332140;-3.393950;-0.929353;,
        -0.332140;-3.393950;-0.929353;,
        -0.332140;-3.393950;-0.307696;,
        -0.909680;-3.393950;-0.307696;,
        -0.909680;-3.393949;-0.929353;,
        -0.909680;-1.013609;-0.307696;,
        -0.909680;-1.013609;-0.929353;,
        -0.909680;-3.393949;-0.929353;,
        -0.909680;-3.393950;-0.307696;,
        -0.825588;-3.414675;-0.839338;,
        -0.416231;-3.414675;-0.839338;,
        -0.416231;-5.795015;-0.839338;,
        -0.825588;-5.795014;-0.839338;,
        -0.825588;-3.414675;-0.397711;,
        -0.825588;-5.795015;-0.397711;,
        -0.416231;-5.795015;-0.397711;,
        -0.416231;-3.414676;-0.397711;,
        -0.825588;-3.414675;-0.839338;,
        -0.825588;-3.414675;-0.397711;,
        -0.416231;-3.414676;-0.397711;,
        -0.416231;-3.414675;-0.839338;,
        -0.416231;-3.414675;-0.839338;,
        -0.416231;-3.414676;-0.397711;,
        -0.416231;-5.795015;-0.397711;,
        -0.416231;-5.795015;-0.839338;,
        -0.416231;-5.795015;-0.839338;,
        -0.416231;-5.795015;-0.397711;,
        -0.825588;-5.795015;-0.397711;,
        -0.825588;-5.795014;-0.839338;,
        -0.825588;-3.414675;-0.397711;,
        -0.825588;-3.414675;-0.839338;,
        -0.825588;-5.795014;-0.839338;,
        -0.825588;-5.795015;-0.397711;,
        -0.774026;-5.806980;-0.804031;,
        -0.467793;-5.806980;-0.804031;,
        -0.467793;-7.159686;-0.804031;,
        -0.774026;-7.159686;-0.804031;,
        -0.774026;-5.806980;-0.433017;,
        -0.774026;-7.159686;-0.433017;,
        -0.467793;-7.159686;-0.433017;,
        -0.467793;-5.806980;-0.433017;,
        -0.774026;-5.806980;-0.804031;,
        -0.774026;-5.806980;-0.433017;,
        -0.467793;-5.806980;-0.433017;,
        -0.467793;-5.806980;-0.804031;,
        -0.467793;-5.806980;-0.804031;,
        -0.467793;-5.806980;-0.433017;,
        -0.467793;-7.159686;-0.433017;,
        -0.467793;-7.159686;-0.804031;,
        -0.467793;-7.159686;-0.804031;,
        -0.467793;-7.159686;-0.433017;,
        -0.774026;-7.159686;-0.433017;,
        -0.774026;-7.159686;-0.804031;,
        -0.774026;-5.806980;-0.433017;,
        -0.774026;-5.806980;-0.804031;,
        -0.774026;-7.159686;-0.804031;,
        -0.774026;-7.159686;-0.433017;,
        -1.023242;-0.135273;-0.929352;,
        -1.023242;-0.478382;-0.929352;,
        -5.029981;-0.478382;-0.929352;,
        -5.029979;-0.135273;-0.929352;,
        -1.023241;-0.135274;-0.307695;,
        -5.029980;-0.135273;-0.307695;,
        -5.029981;-0.478381;-0.307695;,
        -1.023244;-0.478382;-0.307695;,
        -1.023242;-0.135273;-0.929352;,
        -1.023241;-0.135274;-0.307695;,
        -1.023244;-0.478382;-0.307695;,
        -1.023242;-0.478382;-0.929352;,
        -1.023242;-0.478382;-0.929352;,
        -1.023244;-0.478382;-0.307695;,
        -5.029981;-0.478381;-0.307695;,
        -5.029981;-0.478382;-0.929352;,
        -5.029981;-0.478382;-0.929352;,
        -5.029981;-0.478381;-0.307695;,
        -5.029980;-0.135273;-0.307695;,
        -5.029979;-0.135273;-0.929352;,
        -1.023241;-0.135274;-0.307695;,
        -1.023242;-0.135273;-0.929352;,
        -5.029979;-0.135273;-0.929352;,
        -5.029980;-0.135273;-0.307695;,
        -5.064866;-0.185232;-0.839337;,
        -5.064866;-0.428423;-0.839337;,
        -9.071604;-0.428423;-0.839337;,
        -9.071603;-0.185232;-0.839337;,
        -5.064864;-0.185232;-0.397711;,
        -9.071604;-0.185232;-0.397711;,
        -9.071605;-0.428423;-0.397711;,
        -5.064867;-0.428423;-0.397711;,
        -5.064866;-0.185232;-0.839337;,
        -5.064864;-0.185232;-0.397711;,
        -5.064867;-0.428423;-0.397711;,
        -5.064866;-0.428423;-0.839337;,
        -5.064866;-0.428423;-0.839337;,
        -5.064867;-0.428423;-0.397711;,
        -9.071605;-0.428423;-0.397711;,
        -9.071604;-0.428423;-0.839337;,
        -9.071604;-0.428423;-0.839337;,
        -9.071605;-0.428423;-0.397711;,
        -9.071604;-0.185232;-0.397711;,
        -9.071603;-0.185232;-0.839337;,
        -5.064864;-0.185232;-0.397711;,
        -5.064866;-0.185232;-0.839337;,
        -9.071603;-0.185232;-0.839337;,
        -9.071604;-0.185232;-0.397711;,
        -9.091745;-0.215864;-0.804031;,
        -9.091745;-0.397791;-0.804031;,
        -11.368704;-0.397791;-0.804031;,
        -11.368703;-0.215864;-0.804031;,
        -9.091744;-0.215864;-0.433017;,
        -11.368703;-0.215864;-0.433017;,
        -11.368704;-0.397791;-0.433017;,
        -9.091745;-0.397791;-0.433017;,
        -9.091745;-0.215864;-0.804031;,
        -9.091744;-0.215864;-0.433017;,
        -9.091745;-0.397791;-0.433017;,
        -9.091745;-0.397791;-0.804031;,
        -9.091745;-0.397791;-0.804031;,
        -9.091745;-0.397791;-0.433017;,
        -11.368704;-0.397791;-0.433017;,
        -11.368704;-0.397791;-0.804031;,
        -11.368704;-0.397791;-0.804031;,
        -11.368704;-0.397791;-0.433017;,
        -11.368703;-0.215864;-0.433017;,
        -11.368703;-0.215864;-0.804031;,
        -9.091744;-0.215864;-0.433017;,
        -9.091745;-0.215864;-0.804031;,
        -11.368703;-0.215864;-0.804031;,
        -11.368703;-0.215864;-0.433017;,
        -9.091745; 0.346586;-0.804031;,
        -9.091745; 0.164658;-0.804031;,
        -11.368704; 0.164658;-0.804031;,
        -11.368703; 0.346586;-0.804031;,
        -9.091744; 0.346586;-0.433017;,
        -11.368703; 0.346586;-0.433017;,
        -11.368704; 0.164658;-0.433017;,
        -9.091745; 0.164658;-0.433017;,
        -9.091745; 0.346586;-0.804031;,
        -9.091744; 0.346586;-0.433017;,
        -9.091745; 0.164658;-0.433017;,
        -9.091745; 0.164658;-0.804031;,
        -9.091745; 0.164658;-0.804031;,
        -9.091745; 0.164658;-0.433017;,
        -11.368704; 0.164658;-0.433017;,
        -11.368704; 0.164658;-0.804031;,
        -11.368704; 0.164658;-0.804031;,
        -11.368704; 0.164658;-0.433017;,
        -11.368703; 0.346586;-0.433017;,
        -11.368703; 0.346586;-0.804031;,
        -9.091744; 0.346586;-0.433017;,
        -9.091745; 0.346586;-0.804031;,
        -11.368703; 0.346586;-0.804031;,
        -11.368703; 0.346586;-0.433017;,
        -5.064866; 0.377218;-0.839337;,
        -5.064866; 0.134026;-0.839337;,
        -9.071604; 0.134026;-0.839337;,
        -9.071603; 0.377218;-0.839337;,
        -5.064864; 0.377218;-0.397711;,
        -9.071604; 0.377218;-0.397711;,
        -9.071605; 0.134026;-0.397711;,
        -5.064867; 0.134026;-0.397711;,
        -5.064866; 0.377218;-0.839337;,
        -5.064864; 0.377218;-0.397711;,
        -5.064867; 0.134026;-0.397711;,
        -5.064866; 0.134026;-0.839337;,
        -5.064866; 0.134026;-0.839337;,
        -5.064867; 0.134026;-0.397711;,
        -9.071605; 0.134026;-0.397711;,
        -9.071604; 0.134026;-0.839337;,
        -9.071604; 0.134026;-0.839337;,
        -9.071605; 0.134026;-0.397711;,
        -9.071604; 0.377218;-0.397711;,
        -9.071603; 0.377218;-0.839337;,
        -5.064864; 0.377218;-0.397711;,
        -5.064866; 0.377218;-0.839337;,
        -9.071603; 0.377218;-0.839337;,
        -9.071604; 0.377218;-0.397711;,
        -1.023242; 0.427175;-0.929352;,
        -1.023242; 0.084068;-0.929352;,
        -5.029981; 0.084068;-0.929352;,
        -5.029979; 0.427176;-0.929352;,
        -1.023241; 0.427175;-0.307695;,
        -5.029980; 0.427176;-0.307695;,
        -5.029981; 0.084068;-0.307695;,
        -1.023244; 0.084068;-0.307695;,
        -1.023242; 0.427175;-0.929352;,
        -1.023241; 0.427175;-0.307695;,
        -1.023244; 0.084068;-0.307695;,
        -1.023242; 0.084068;-0.929352;,
        -1.023242; 0.084068;-0.929352;,
        -1.023244; 0.084068;-0.307695;,
        -5.029981; 0.084068;-0.307695;,
        -5.029981; 0.084068;-0.929352;,
        -5.029981; 0.084068;-0.929352;,
        -5.029981; 0.084068;-0.307695;,
        -5.029980; 0.427176;-0.307695;,
        -5.029979; 0.427176;-0.929352;,
        -1.023241; 0.427175;-0.307695;,
        -1.023242; 0.427175;-0.929352;,
        -5.029979; 0.427176;-0.929352;,
        -5.029980; 0.427176;-0.307695;,
        -1.023241;-0.608884;-0.929353;,
        -1.023241;-0.951993;-0.929353;,
        -5.029979;-0.951993;-0.929353;,
        -5.029978;-0.608884;-0.929353;,
        -1.023240;-0.608884;-0.307696;,
        -5.029979;-0.608884;-0.307696;,
        -5.029979;-0.951992;-0.307696;,
        -1.023242;-0.951993;-0.307696;,
        -1.023241;-0.608884;-0.929353;,
        -1.023240;-0.608884;-0.307696;,
        -1.023242;-0.951993;-0.307696;,
        -1.023241;-0.951993;-0.929353;,
        -1.023241;-0.951993;-0.929353;,
        -1.023242;-0.951993;-0.307696;,
        -5.029979;-0.951992;-0.307696;,
        -5.029979;-0.951993;-0.929353;,
        -5.029979;-0.951993;-0.929353;,
        -5.029979;-0.951992;-0.307696;,
        -5.029979;-0.608884;-0.307696;,
        -5.029978;-0.608884;-0.929353;,
        -1.023240;-0.608884;-0.307696;,
        -1.023241;-0.608884;-0.929353;,
        -5.029978;-0.608884;-0.929353;,
        -5.029979;-0.608884;-0.307696;,
        -5.064866;-0.658843;-0.839338;,
        -5.064866;-0.902035;-0.839338;,
        -9.071604;-0.902035;-0.839338;,
        -9.071603;-0.658843;-0.839338;,
        -5.064864;-0.658843;-0.397711;,
        -9.071603;-0.658843;-0.397711;,
        -9.071605;-0.902035;-0.397711;,
        -5.064867;-0.902035;-0.397711;,
        -5.064866;-0.658843;-0.839338;,
        -5.064864;-0.658843;-0.397711;,
        -5.064867;-0.902035;-0.397711;,
        -5.064866;-0.902035;-0.839338;,
        -5.064866;-0.902035;-0.839338;,
        -5.064867;-0.902035;-0.397711;,
        -9.071605;-0.902035;-0.397711;,
        -9.071604;-0.902035;-0.839338;,
        -9.071604;-0.902035;-0.839338;,
        -9.071605;-0.902035;-0.397711;,
        -9.071603;-0.658843;-0.397711;,
        -9.071603;-0.658843;-0.839338;,
        -5.064864;-0.658843;-0.397711;,
        -5.064866;-0.658843;-0.839338;,
        -9.071603;-0.658843;-0.839338;,
        -9.071603;-0.658843;-0.397711;,
        -9.091745;-0.689475;-0.804031;,
        -9.091745;-0.871403;-0.804031;,
        -11.368704;-0.871403;-0.804031;,
        -11.368703;-0.689475;-0.804031;,
        -9.091744;-0.689475;-0.433017;,
        -11.368703;-0.689475;-0.433017;,
        -11.368704;-0.871403;-0.433017;,
        -9.091745;-0.871403;-0.433017;,
        -9.091745;-0.689475;-0.804031;,
        -9.091744;-0.689475;-0.433017;,
        -9.091745;-0.871403;-0.433017;,
        -9.091745;-0.871403;-0.804031;,
        -9.091745;-0.871403;-0.804031;,
        -9.091745;-0.871403;-0.433017;,
        -11.368704;-0.871403;-0.433017;,
        -11.368704;-0.871403;-0.804031;,
        -11.368704;-0.871403;-0.804031;,
        -11.368704;-0.871403;-0.433017;,
        -11.368703;-0.689475;-0.433017;,
        -11.368703;-0.689475;-0.804031;,
        -9.091744;-0.689475;-0.433017;,
        -9.091745;-0.689475;-0.804031;,
        -11.368703;-0.689475;-0.804031;,
        -11.368703;-0.689475;-0.433017;,
        -9.091745; 0.876890;-0.804031;,
        -9.091745; 0.694963;-0.804031;,
        -11.368704; 0.694963;-0.804031;,
        -11.368703; 0.876890;-0.804031;,
        -9.091744; 0.876890;-0.433017;,
        -11.368703; 0.876890;-0.433017;,
        -11.368704; 0.694963;-0.433017;,
        -9.091745; 0.694963;-0.433017;,
        -9.091745; 0.876890;-0.804031;,
        -9.091744; 0.876890;-0.433017;,
        -9.091745; 0.694963;-0.433017;,
        -9.091745; 0.694963;-0.804031;,
        -9.091745; 0.694963;-0.804031;,
        -9.091745; 0.694963;-0.433017;,
        -11.368704; 0.694963;-0.433017;,
        -11.368704; 0.694963;-0.804031;,
        -11.368704; 0.694963;-0.804031;,
        -11.368704; 0.694963;-0.433017;,
        -11.368703; 0.876890;-0.433017;,
        -11.368703; 0.876890;-0.804031;,
        -9.091744; 0.876890;-0.433017;,
        -9.091745; 0.876890;-0.804031;,
        -11.368703; 0.876890;-0.804031;,
        -11.368703; 0.876890;-0.433017;,
        -5.064866; 0.907522;-0.839337;,
        -5.064866; 0.664330;-0.839337;,
        -9.071604; 0.664330;-0.839337;,
        -9.071603; 0.907522;-0.839337;,
        -5.064864; 0.907522;-0.397711;,
        -9.071604; 0.907522;-0.397711;,
        -9.071605; 0.664330;-0.397711;,
        -5.064867; 0.664330;-0.397711;,
        -5.064866; 0.907522;-0.839337;,
        -5.064864; 0.907522;-0.397711;,
        -5.064867; 0.664330;-0.397711;,
        -5.064866; 0.664330;-0.839337;,
        -5.064866; 0.664330;-0.839337;,
        -5.064867; 0.664330;-0.397711;,
        -9.071605; 0.664330;-0.397711;,
        -9.071604; 0.664330;-0.839337;,
        -9.071604; 0.664330;-0.839337;,
        -9.071605; 0.664330;-0.397711;,
        -9.071604; 0.907522;-0.397711;,
        -9.071603; 0.907522;-0.839337;,
        -5.064864; 0.907522;-0.397711;,
        -5.064866; 0.907522;-0.839337;,
        -9.071603; 0.907522;-0.839337;,
        -9.071604; 0.907522;-0.397711;,
        -1.023242; 0.957479;-0.929352;,
        -1.023242; 0.614372;-0.929352;,
        -5.029981; 0.614372;-0.929352;,
        -5.029979; 0.957480;-0.929352;,
        -1.023241; 0.957479;-0.307695;,
        -5.029980; 0.957480;-0.307695;,
        -5.029981; 0.614373;-0.307695;,
        -1.023244; 0.614372;-0.307695;,
        -1.023242; 0.957479;-0.929352;,
        -1.023241; 0.957479;-0.307695;,
        -1.023244; 0.614372;-0.307695;,
        -1.023242; 0.614372;-0.929352;,
        -1.023242; 0.614372;-0.929352;,
        -1.023244; 0.614372;-0.307695;,
        -5.029981; 0.614373;-0.307695;,
        -5.029981; 0.614372;-0.929352;,
        -5.029981; 0.614372;-0.929352;,
        -5.029981; 0.614373;-0.307695;,
        -5.029980; 0.957480;-0.307695;,
        -5.029979; 0.957480;-0.929352;,
        -1.023241; 0.957479;-0.307695;,
        -1.023242; 0.957479;-0.929352;,
        -5.029979; 0.957480;-0.929352;,
        -5.029980; 0.957480;-0.307695;,
         0.202079; 0.109746;-1.456488;,
         0.202079;-0.109746;-1.456488;,
         0.027299;-0.109746;-1.456488;,
         0.027299; 0.109746;-1.456488;,
         0.202079; 0.109746;-0.980459;,
         0.027299; 0.109746;-0.980459;,
         0.027299;-0.109746;-0.980459;,
         0.202079;-0.109746;-0.980459;,
         0.202079; 0.109746;-1.456488;,
         0.202079; 0.109746;-0.980459;,
         0.202079;-0.109746;-0.980459;,
         0.202079;-0.109746;-1.456488;,
         0.202079;-0.109746;-1.456488;,
         0.202079;-0.109746;-0.980459;,
         0.027299;-0.109746;-0.980459;,
         0.027299;-0.109746;-1.456488;,
         0.027299;-0.109746;-1.456488;,
         0.027299;-0.109746;-0.980459;,
         0.027299; 0.109746;-0.980459;,
         0.027299; 0.109746;-1.456488;,
         0.202079; 0.109746;-0.980459;,
         0.202079; 0.109746;-1.456488;,
         0.027299; 0.109746;-1.456488;,
         0.027299; 0.109746;-0.980459;,
        -0.082525; 0.109746;-1.456488;,
        -0.082525;-0.109746;-1.456488;,
        -0.257305;-0.109746;-1.456488;,
        -0.257305; 0.109746;-1.456488;,
        -0.082525; 0.109746;-0.980459;,
        -0.257305; 0.109746;-0.980459;,
        -0.257305;-0.109746;-0.980459;,
        -0.082525;-0.109746;-0.980459;,
        -0.082525; 0.109746;-1.456488;,
        -0.082525; 0.109746;-0.980459;,
        -0.082525;-0.109746;-0.980459;,
        -0.082525;-0.109746;-1.456488;,
        -0.082525;-0.109746;-1.456488;,
        -0.082525;-0.109746;-0.980459;,
        -0.257305;-0.109746;-0.980459;,
        -0.257305;-0.109746;-1.456488;,
        -0.257305;-0.109746;-1.456488;,
        -0.257305;-0.109746;-0.980459;,
        -0.257305; 0.109746;-0.980459;,
        -0.257305; 0.109746;-1.456488;,
        -0.082525; 0.109746;-0.980459;,
        -0.082525; 0.109746;-1.456488;,
        -0.257305; 0.109746;-1.456488;,
        -0.257305; 0.109746;-0.980459;,
         8.097778; 1.063865;-1.673107;,
         8.097778;-1.063865;-1.673107;,
         1.052408;-1.063865;-1.673107;,
         1.052410; 1.063865;-1.673107;,
         8.097780; 1.063864; 1.673107;,
