xof 0303txt 0032

template XSkinMeshHeader {
  <3cf169ce-ff7c-44ab-93c0-f78f62d172e2>
  WORD nMaxSkinWeightsPerVertex;
  WORD nMaxSkinWeightsPerFace;
  WORD nBones;
}

template SkinWeights {
  <6f0d123b-bad2-4167-a0d0-80224f25fabb>
  STRING transformNodeName;
  DWORD nWeights;
  array DWORD vertexIndices[nWeights];
  array float weights[nWeights];
  Matrix4x4 matrixOffset;
}

Frame Root {
  FrameTransformMatrix {
     1.000000, 0.000000, 0.000000, 0.000000,
     0.000000,-0.000000, 1.000000, 0.000000,
     0.000000, 1.000000, 0.000000, 0.000000,
     0.000000, 0.000000, 0.000000, 1.000000;;
  }
  Frame Armature {
    FrameTransformMatrix {
       0.321655, 0.000000, 0.000000, 0.000000,
       0.000000, 0.321655, 0.000000, 0.000000,
       0.000000, 0.000000, 0.321655, 0.000000,
      -0.085620, 0.021946,-0.544190, 1.000000;;
    }
    Frame Armature_Bone {
      FrameTransformMatrix {
         0.954529, 0.000000,-0.298118, 0.000000,
         0.298118, 0.000000, 0.954529, 0.000000,
         0.000000,-1.000000,-0.000000, 0.000000,
        -0.211927, 0.000000, 1.334255, 1.000000;;
      }
      Frame Armature_Bone_001 {
        FrameTransformMatrix {
          -0.000000, 0.000000, 1.000000, 0.000000,
           0.176889, 0.984231, 0.000000, 0.000000,
          -0.984231, 0.176889,-0.000000, 0.000000,
           0.000000, 1.027308, 0.000000, 1.000000;;
        }
        Frame Armature_Bone_002 {
          FrameTransformMatrix {
             0.116746, 0.979743, 0.162711, 0.000000,
            -0.993162, 0.115168, 0.019127, 0.000000,
             0.000000,-0.163831, 0.986488, 0.000000,
             0.000000, 0.415807, 0.000000, 1.000000;;
          }
          Frame Armature_Bone_003 {
            FrameTransformMatrix {
               0.999487, 0.018947, 0.025809, 0.000000,
              -0.031800, 0.493690, 0.869056, 0.000000,
               0.003725,-0.869432, 0.494039, 0.000000,
              -0.000000, 0.492356,-0.000000, 1.000000;;
            }
            Frame Armature_Bone_004 {
              FrameTransformMatrix {
                 0.981967,-0.150687, 0.114171, 0.000000,
                 0.188619, 0.739892,-0.645742, 0.000000,
                 0.012831, 0.655632, 0.754972, 0.000000,
                 0.000000, 0.969930, 0.000000, 1.000000;;
              }
              Frame Armature_Bone_005 {
                FrameTransformMatrix {
                   0.979561,-0.169869, 0.107728, 0.000000,
                   0.198993, 0.740185,-0.642283, 0.000000,
                   0.029365, 0.650593, 0.758859, 0.000000,
                   0.000000, 4.187881, 0.000000, 1.000000;;
                }
              } // End of Armature_Bone_005
            } // End of Armature_Bone_004
          } // End of Armature_Bone_003
        } // End of Armature_Bone_002
        Frame Armature_Bone_006 {
          FrameTransformMatrix {
             0.000000,-0.986488,-0.163831, 0.000000,
             1.000000, 0.000000, 0.000000, 0.000000,
            -0.000000,-0.163831, 0.986488, 0.000000,
             0.000000, 0.415807, 0.000000, 1.000000;;
          }
          Frame Armature_Bone_007 {
            FrameTransformMatrix {
               0.998281, 0.054913,-0.020499, 0.000000,
              -0.011863, 0.531782, 0.846798, 0.000000,
               0.057401,-0.845099, 0.531519, 0.000000,
               0.000000, 0.530283,-0.000000, 1.000000;;
            }
            Frame Armature_Bone_008 {
              FrameTransformMatrix {
                 0.989363, 0.056125,-0.134203, 0.000000,
                -0.125924, 0.792317,-0.596973, 0.000000,
                 0.072826, 0.607523, 0.790957, 0.000000,
                -0.000000, 1.005935, 0.000000, 1.000000;;
              }
              Frame Armature_Bone_009 {
                FrameTransformMatrix {
                   0.991987, 0.038275,-0.120406, 0.000000,
                  -0.106545, 0.765617,-0.634412, 0.000000,
                   0.067902, 0.642157, 0.763560, 0.000000,
                   0.000000, 4.181672, 0.000000, 1.000000;;
                }
              } // End of Armature_Bone_009
            } // End of Armature_Bone_008
          } // End of Armature_Bone_007
        } // End of Armature_Bone_006
        Frame Armature_Bone_065 {
          FrameTransformMatrix {
             1.000000,-0.000000, 0.000000, 0.000000,
             0.000000, 0.781299,-0.624157, 0.000000,
            -0.000000, 0.624157, 0.781299, 0.000000,
             0.000000, 0.415807, 0.000000, 1.000000;;
          }
          Frame Armature_Bone_066 {
            FrameTransformMatrix {
               1.000000,-0.000000, 0.000000, 0.000000,
               0.000000, 0.608450,-0.793592, 0.000000,
              -0.000000, 0.793592, 0.608450, 0.000000,
               0.000000, 0.584734, 0.000000, 1.000000;;
            }
            Frame Armature_Bone_067 {
              FrameTransformMatrix {
                 0.999905,-0.012871, 0.005004, 0.000000,
                 0.013810, 0.931961,-0.362297, 0.000000,
                 0.000000, 0.362331, 0.932049, 0.000000,
                -0.000000, 0.507355,-0.000000, 1.000000;;
              }
            } // End of Armature_Bone_067
            Frame Armature_Bone_068 {
              FrameTransformMatrix {
                -0.000000, 0.991843,-0.127465, 0.000000,
                 0.000000,-0.127465,-0.991843, 0.000000,
                -1.000000,-0.000000,-0.000000, 0.000000,
                -0.000000, 0.507355,-0.000000, 1.000000;;
              }
              Frame Armature_Bone_069 {
                FrameTransformMatrix {
                  -0.040819,-0.009676,-0.999120, 0.000000,
                   0.982752, 0.180121,-0.041895, 0.000000,
                   0.180368,-0.983597, 0.002157, 0.000000,
                   0.000000, 0.226206, 0.000000, 1.000000;;
                }
              } // End of Armature_Bone_069
            } // End of Armature_Bone_068
          } // End of Armature_Bone_066
          Frame Armature_Bone_070 {
            FrameTransformMatrix {
              -0.000044, 0.525827,-0.850591, 0.000000,
               0.025012, 0.850326, 0.525662, 0.000000,
               0.999687,-0.021252,-0.013189, 0.000000,
               0.000000, 0.584734, 0.000000, 1.000000;;
            }
          } // End of Armature_Bone_070
          Frame Armature_Bone_071 {
            FrameTransformMatrix {
              -0.040715, 0.423865,-0.904810, 0.000000,
               0.740820, 0.620460, 0.257323, 0.000000,
               0.670468,-0.659825,-0.339269, 0.000000,
               0.000000, 0.584734, 0.000000, 1.000000;;
            }
            Frame Armature_Bone_073 {
              FrameTransformMatrix {
                 0.990067, 0.089093,-0.108768, 0.000000,
                -0.102175, 0.987341,-0.121317, 0.000000,
                 0.096583, 0.131226, 0.986636, 0.000000,
                 0.000000, 0.472494, 0.000000, 1.000000;;
              }
            } // End of Armature_Bone_073
          } // End of Armature_Bone_071
          Frame Armature_Bone_072 {
            FrameTransformMatrix {
               0.024251, 0.410350,-0.911606, 0.000000,
              -0.622374, 0.719806, 0.307457, 0.000000,
               0.782344, 0.559904, 0.272847, 0.000000,
               0.000000, 0.584734, 0.000000, 1.000000;;
            }
            Frame Armature_Bone_074 {
              FrameTransformMatrix {
                 0.979599,-0.064866, 0.190207, 0.000000,
                 0.082760, 0.992704,-0.087689, 0.000000,
                -0.183132, 0.101642, 0.977820, 0.000000,
                -0.000000, 0.505374,-0.000000, 1.000000;;
              }
            } // End of Armature_Bone_074
          } // End of Armature_Bone_072
          Frame Armature_Bone_075 {
            FrameTransformMatrix {
              -0.000000, 0.502332,-0.864675, 0.000000,
               0.000000,-0.864675,-0.502332, 0.000000,
              -1.000000,-0.000000, 0.000000, 0.000000,
               0.000000, 0.584734, 0.000000, 1.000000;;
            }
          } // End of Armature_Bone_075
        } // End of Armature_Bone_065
      } // End of Armature_Bone_001
    } // End of Armature_Bone
    Frame Armature_Bone_010 {
      FrameTransformMatrix {
         0.000000, 1.000000, 0.000000, 0.000000,
         0.008064, 0.000000,-0.999967, 0.000000,
        -0.999967, 0.000000,-0.008064, 0.000000,
        -0.206364, 0.000000, 1.331798, 1.000000;;
      }
      Frame Armature_Bone_011 {
        FrameTransformMatrix {
           1.000000, 0.000000, 0.000000, 0.000000,
           0.000000, 0.990003,-0.141047, 0.000000,
           0.000000, 0.141047, 0.990003, 0.000000,
           0.000000, 2.080570,-0.000000, 1.000000;;
        }
        Frame Armature_Bone_012 {
          FrameTransformMatrix {
             1.000000, 0.000000, 0.000000, 0.000000,
             0.000000, 0.977660,-0.210193, 0.000000,
             0.000000, 0.210193, 0.977660, 0.000000,
             0.000000, 1.391198, 0.000000, 1.000000;;
          }
          Frame Armature_Bone_013 {
            FrameTransformMatrix {
               1.000000, 0.000000, 0.000000, 0.000000,
               0.000000, 1.000000, 0.000000, 0.000000,
               0.000000, 0.000000, 1.000000, 0.000000,
               0.000000, 1.142720, 0.000000, 1.000000;;
            }
          } // End of Armature_Bone_013
        } // End of Armature_Bone_012
      } // End of Armature_Bone_011
    } // End of Armature_Bone_010
    Frame Armature_Bone_014 {
      FrameTransformMatrix {
        -0.352743, 0.861285,-0.365733, 0.000000,
        -0.597911,-0.508122,-0.619931, 0.000000,
        -0.719774,-0.000000, 0.694208, 0.000000,
        -0.211927, 0.000000, 1.334255, 1.000000;;
      }
      Frame Armature_Bone_015 {
        FrameTransformMatrix {
           0.896022,-0.432576,-0.100117, 0.000000,
           0.209046, 0.609925,-0.764390, 0.000000,
           0.391721, 0.663980, 0.636934, 0.000000,
           0.000000, 0.500705,-0.000000, 1.000000;;
        }
        Frame Armature_Bone_016 {
          FrameTransformMatrix {
             0.998906,-0.046184,-0.007321, 0.000000,
             0.045040, 0.992369,-0.114781, 0.000000,
             0.012566, 0.114326, 0.993364, 0.000000,
            -0.000000, 1.429942, 0.000000, 1.000000;;
          }
          Frame Armature_Bone_017 {
            FrameTransformMatrix {
               0.997601,-0.068739, 0.008240, 0.000000,
               0.069218, 0.992628,-0.099488, 0.000000,
              -0.001341, 0.099820, 0.995005, 0.000000,
               0.000000, 1.168341,-0.000000, 1.000000;;
            }
            Frame Armature_Bone_018 {
              FrameTransformMatrix {
                 0.991259,-0.131933, 0.000000, 0.000000,
                 0.131933, 0.991259,-0.000000, 0.000000,
                 0.000000,-0.000000, 1.000000, 0.000000,
                 0.000000, 0.949500,-0.000000, 1.000000;;
              }
            } // End of Armature_Bone_018
          } // End of Armature_Bone_017
        } // End of Armature_Bone_016
      } // End of Armature_Bone_015
    } // End of Armature_Bone_014
    Frame Armature_Bone_019 {
      FrameTransformMatrix {
         0.374965, 0.841579, 0.388774, 0.000000,
        -0.584231, 0.540133,-0.605747, 0.000000,
        -0.719774, 0.000000, 0.694208, 0.000000,
        -0.211927, 0.000000, 1.334255, 1.000000;;
      }
      Frame Armature_Bone_020 {
        FrameTransformMatrix {
           0.875056, 0.473812, 0.098891, 0.000000,
          -0.216952, 0.566589,-0.794927, 0.000000,
          -0.432676, 0.674151, 0.598592, 0.000000,
          -0.000000, 0.459963,-0.000000, 1.000000;;
        }
        Frame Armature_Bone_021 {
          FrameTransformMatrix {
             0.999004, 0.043509, 0.009867, 0.000000,
            -0.042602, 0.996000,-0.078544, 0.000000,
            -0.013245, 0.078046, 0.996862, 0.000000,
            -0.000000, 1.435258,-0.000000, 1.000000;;
          }
          Frame Armature_Bone_022 {
            FrameTransformMatrix {
               0.989024, 0.146664,-0.017921, 0.000000,
              -0.147341, 0.969894,-0.193898, 0.000000,
              -0.011056, 0.194411, 0.980858, 0.000000,
               0.000000, 1.162805,-0.000000, 1.000000;;
            }
            Frame Armature_Bone_023 {
              FrameTransformMatrix {
                 0.994172, 0.107807,-0.000000, 0.000000,
                -0.107807, 0.994172, 0.000000, 0.000000,
                 0.000000, 0.000000, 1.000000, 0.000000,
                -0.000000, 0.975672,-0.000000, 1.000000;;
              }
            } // End of Armature_Bone_023
          } // End of Armature_Bone_022
        } // End of Armature_Bone_021
      } // End of Armature_Bone_020
    } // End of Armature_Bone_019
    Frame Armature_Bone_024 {
      FrameTransformMatrix {
         0.519912, 0.662650, 0.539060, 0.000000,
        -0.460017, 0.748929,-0.476959, 0.000000,
        -0.719774,-0.000000, 0.694208, 0.000000,
        -0.211927, 0.000000, 1.334255, 1.000000;;
      }
      Frame Armature_Bone_030 {
        FrameTransformMatrix {
           0.781374, 0.621908, 0.051828, 0.000000,
          -0.330575, 0.482915,-0.810872, 0.000000,
          -0.529316, 0.616461, 0.582925, 0.000000,
           0.000000, 0.567350,-0.000000, 1.000000;;
        }
        Frame Armature_Bone_031 {
          FrameTransformMatrix {
             0.998804, 0.048650,-0.004964, 0.000000,
            -0.048292, 0.997230, 0.056568, 0.000000,
             0.007702,-0.056261, 0.998386, 0.000000,
             0.000000, 1.348301, 0.000000, 1.000000;;
          }
          Frame Armature_Bone_032 {
            FrameTransformMatrix {
               0.999386,-0.027843,-0.021284, 0.000000,
               0.021670, 0.968232,-0.249113, 0.000000,
               0.027544, 0.248499, 0.968240, 0.000000,
              -0.000000, 1.026589,-0.000000, 1.000000;;
            }
            Frame Armature_Bone_033 {
              FrameTransformMatrix {
                -0.000476, 0.001273, 0.999999, 0.000000,
                -0.350117, 0.936705,-0.001359, 0.000000,
                -0.936706,-0.350118, 0.000000, 0.000000,
                -0.000000, 0.827077,-0.000000, 1.000000;;
              }
            } // End of Armature_Bone_033
          } // End of Armature_Bone_032
        } // End of Armature_Bone_031
      } // End of Armature_Bone_030
    } // End of Armature_Bone_024
    Frame Armature_Bone_025 {
      FrameTransformMatrix {
         0.590357, 0.526131, 0.612099, 0.000000,
        -0.365244, 0.850403,-0.378696, 0.000000,
        -0.719774,-0.000000, 0.694208, 0.000000,
        -0.211927, 0.000000, 1.334255, 1.000000;;
      }
      Frame Armature_Bone_026 {
        FrameTransformMatrix {
           0.835131, 0.543400, 0.085286, 0.000000,
          -0.321443, 0.607957,-0.725991, 0.000000,
          -0.446354, 0.578883, 0.682395, 0.000000,
          -0.000000, 0.523995,-0.000000, 1.000000;;
        }
        Frame Armature_Bone_027 {
          FrameTransformMatrix {
             0.986212, 0.163942, 0.022586, 0.000000,
            -0.156653, 0.968816,-0.191977, 0.000000,
            -0.053354, 0.185792, 0.981140, 0.000000,
            -0.000000, 1.110903, 0.000000, 1.000000;;
          }
          Frame Armature_Bone_028 {
            FrameTransformMatrix {
               0.993694, 0.111906,-0.007066, 0.000000,
              -0.111500, 0.992821, 0.043289, 0.000000,
               0.011860,-0.042228, 0.999038, 0.000000,
               0.000000, 1.074915,-0.000000, 1.000000;;
            }
            Frame Armature_Bone_029 {
              FrameTransformMatrix {
                 0.992264,-0.124150, 0.000000, 0.000000,
                 0.124150, 0.992263,-0.000000, 0.000000,
                 0.000000,-0.000000, 1.000000, 0.000000,
                -0.000000, 0.745123, 0.000000, 1.000000;;
              }
            } // End of Armature_Bone_029
          } // End of Armature_Bone_028
        } // End of Armature_Bone_027
      } // End of Armature_Bone_026
    } // End of Armature_Bone_025
    Frame Armature_Bone_034 {
      FrameTransformMatrix {
        -0.508598, 0.680626,-0.527329, 0.000000,
        -0.472496,-0.732631,-0.489897, 0.000000,
        -0.719774, 0.000000, 0.694208, 0.000000,
        -0.211927, 0.000000, 1.334255, 1.000000;;
      }
      Frame Armature_Bone_040 {
        FrameTransformMatrix {
           0.792549,-0.591052,-0.150078, 0.000000,
           0.265761, 0.556283,-0.787350, 0.000000,
           0.548851, 0.584129, 0.597960, 0.000000,
          -0.000000, 0.644209, 0.000000, 1.000000;;
        }
        Frame Armature_Bone_041 {
          FrameTransformMatrix {
             0.997302,-0.067076,-0.029813, 0.000000,
             0.058533, 0.971806,-0.228403, 0.000000,
             0.044293, 0.226042, 0.973110, 0.000000,
            -0.000000, 1.225511, 0.000000, 1.000000;;
          }
          Frame Armature_Bone_042 {
            FrameTransformMatrix {
               0.994766,-0.102004, 0.006035, 0.000000,
               0.101962, 0.987014,-0.124128, 0.000000,
               0.006705, 0.124094, 0.992248, 0.000000,
              -0.000000, 1.035786, 0.000000, 1.000000;;
            }
            Frame Armature_Bone_043 {
              FrameTransformMatrix {
                 0.996228, 0.086769,-0.000000, 0.000000,
                -0.086769, 0.996228, 0.000000, 0.000000,
                -0.000000,-0.000000, 1.000000, 0.000000,
                 0.000000, 0.831877, 0.000000, 1.000000;;
              }
            } // End of Armature_Bone_043
          } // End of Armature_Bone_042
        } // End of Armature_Bone_041
      } // End of Armature_Bone_040
    } // End of Armature_Bone_034
    Frame Armature_Bone_035 {
      FrameTransformMatrix {
        -0.606414, 0.486764,-0.628747, 0.000000,
        -0.337915,-0.873534,-0.350360, 0.000000,
        -0.719774,-0.000000, 0.694208, 0.000000,
        -0.211927, 0.000000, 1.334255, 1.000000;;
      }
      Frame Armature_Bone_036 {
        FrameTransformMatrix {
           0.840904,-0.529944,-0.109722, 0.000000,
           0.324760, 0.656322,-0.681008, 0.000000,
           0.432909, 0.537030, 0.724009, 0.000000,
           0.000000, 0.562555,-0.000000, 1.000000;;
        }
        Frame Armature_Bone_037 {
          FrameTransformMatrix {
             0.988494,-0.142099,-0.051838, 0.000000,
             0.125046, 0.960522,-0.248516, 0.000000,
             0.085105, 0.239175, 0.967240, 0.000000,
             0.000000, 1.203621, 0.000000, 1.000000;;
          }
          Frame Armature_Bone_038 {
            FrameTransformMatrix {
               0.984843,-0.165284,-0.052579, 0.000000,
               0.156139, 0.976857,-0.146186, 0.000000,
               0.075525, 0.135760, 0.987859, 0.000000,
               0.000000, 0.981488, 0.000000, 1.000000;;
            }
            Frame Armature_Bone_039 {
              FrameTransformMatrix {
                 0.999049,-0.043610,-0.000000, 0.000000,
                 0.043610, 0.999049,-0.000000, 0.000000,
                 0.000000,-0.000000, 1.000000, 0.000000,
                -0.000000, 0.775220, 0.000000, 1.000000;;
              }
            } // End of Armature_Bone_039
          } // End of Armature_Bone_038
        } // End of Armature_Bone_037
      } // End of Armature_Bone_036
    } // End of Armature_Bone_035
    Frame Armature_Bone_044 {
      FrameTransformMatrix {
         0.811961,-0.395877, 0.428954, 0.000000,
        -0.070319,-0.795859,-0.601385, 0.000000,
         0.579461, 0.458138,-0.674043, 0.000000,
        -0.211927, 0.000000, 1.334255, 1.000000;;
      }
      Frame Armature_Bone_046 {
        FrameTransformMatrix {
          -0.235406,-0.394273,-0.888331, 0.000000,
           0.888119,-0.458508,-0.031847, 0.000000,
          -0.394750,-0.796441, 0.458098, 0.000000,
           0.000000, 0.612198, 0.000000, 1.000000;;
        }
        Frame Armature_Bone_048 {
          FrameTransformMatrix {
            -0.847246, 0.531200, 0.000674, 0.000000,
            -0.531156,-0.847192, 0.011836, 0.000000,
             0.006858, 0.009670, 0.999930, 0.000000,
            -0.000000, 0.481350, 0.000000, 1.000000;;
          }
          Frame Armature_Bone_050 {
            FrameTransformMatrix {
               1.000000,-0.000000, 0.000000, 0.000000,
               0.000000, 0.999721,-0.023620, 0.000000,
              -0.000000, 0.023620, 0.999721, 0.000000,
              -0.000000, 0.460679,-0.000000, 1.000000;;
            }
            Frame Armature_Bone_052 {
              FrameTransformMatrix {
                 0.270118, 0.962772, 0.010312, 0.000000,
                -0.962757, 0.269954, 0.014935, 0.000000,
                 0.011595,-0.013962, 0.999835, 0.000000,
                 0.000000, 0.442460,-0.000000, 1.000000;;
              }
            } // End of Armature_Bone_052
          } // End of Armature_Bone_050
          Frame Armature_Bone_054 {
            FrameTransformMatrix {
               1.000000,-0.000000, 0.000000, 0.000000,
              -0.000000, 0.957309, 0.289066, 0.000000,
              -0.000000,-0.289066, 0.957309, 0.000000,
              -0.000000, 0.460679,-0.000000, 1.000000;;
            }
            Frame Armature_Bone_055 {
              FrameTransformMatrix {
                 0.205372, 0.933172,-0.294978, 0.000000,
                -0.939685, 0.272254, 0.207048, 0.000000,
                 0.273520, 0.234664, 0.932802, 0.000000,
                 0.000000, 0.449510,-0.000000, 1.000000;;
              }
            } // End of Armature_Bone_055
          } // End of Armature_Bone_054
          Frame Armature_Bone_056 {
            FrameTransformMatrix {
               1.000000,-0.000000, 0.000000, 0.000000,
               0.000000, 0.942295,-0.334785, 0.000000,
              -0.000000, 0.334785, 0.942294, 0.000000,
              -0.000000, 0.460679,-0.000000, 1.000000;;
            }
            Frame Armature_Bone_057 {
              FrameTransformMatrix {
                 0.166685, 0.933297, 0.318078, 0.000000,
                -0.966487, 0.218527,-0.134719, 0.000000,
                -0.195241,-0.284963, 0.938444, 0.000000,
                -0.000000, 0.448674, 0.000000, 1.000000;;
              }
            } // End of Armature_Bone_057
          } // End of Armature_Bone_056
        } // End of Armature_Bone_048
      } // End of Armature_Bone_046
    } // End of Armature_Bone_044
    Frame Armature_Bone_045 {
      FrameTransformMatrix {
         0.808925, 0.429428, 0.401536, 0.000000,
        -0.090213, 0.765565,-0.637002, 0.000000,
        -0.580949, 0.479063, 0.658025, 0.000000,
        -0.211927, 0.000000, 1.334255, 1.000000;;
      }
      Frame Armature_Bone_047 {
        FrameTransformMatrix {
          -0.279483,-0.391767, 0.876589, 0.000000,
           0.858767,-0.510322, 0.045726, 0.000000,
           0.429428, 0.765565, 0.479063, 0.000000,
          -0.000000, 0.591956,-0.000000, 1.000000;;
        }
        Frame Armature_Bone_049 {
          FrameTransformMatrix {
            -0.861757, 0.507322, 0.000000, 0.000000,
            -0.507322,-0.861757, 0.000000, 0.000000,
             0.000000, 0.000000, 1.000000, 0.000000,
             0.000000, 0.481349,-0.000000, 1.000000;;
          }
          Frame Armature_Bone_051 {
            FrameTransformMatrix {
               1.000000, 0.000000,-0.000000, 0.000000,
               0.000000, 1.000000,-0.000000, 0.000000,
               0.000000,-0.000000, 1.000000, 0.000000,
               0.000000, 0.460640, 0.000000, 1.000000;;
            }
            Frame Armature_Bone_053 {
              FrameTransformMatrix {
                 0.347775, 0.937578, 0.000000, 0.000000,
                -0.937578, 0.347775, 0.000000, 0.000000,
                 0.000000,-0.000000, 1.000000, 0.000000,
                 0.000000, 0.442435, 0.000000, 1.000000;;
              }
            } // End of Armature_Bone_053
          } // End of Armature_Bone_051
          Frame Armature_Bone_058 {
            FrameTransformMatrix {
               1.000000, 0.000000,-0.000000, 0.000000,
              -0.000000, 0.946565, 0.322514, 0.000000,
               0.000000,-0.322514, 0.946565, 0.000000,
               0.000000, 0.460640, 0.000000, 1.000000;;
            }
            Frame Armature_Bone_059 {
              FrameTransformMatrix {
                 0.365103, 0.881221,-0.300250, 0.000000,
                -0.895190, 0.420862, 0.146663, 0.000000,
                 0.255606, 0.215233, 0.942518, 0.000000,
                 0.000000, 0.461871, 0.000000, 1.000000;;
              }
            } // End of Armature_Bone_059
          } // End of Armature_Bone_058
          Frame Armature_Bone_060 {
            FrameTransformMatrix {
               1.000000,-0.000000,-0.000000, 0.000000,
               0.000000, 0.948503,-0.316767, 0.000000,
               0.000000, 0.316767, 0.948503, 0.000000,
               0.000000, 0.460640, 0.000000, 1.000000;;
            }
            Frame Armature_Bone_061 {
              FrameTransformMatrix {
                 0.278558, 0.910961, 0.304230, 0.000000,
                -0.935337, 0.329233,-0.129420, 0.000000,
                -0.218059,-0.248506, 0.943766, 0.000000,
                 0.000000, 0.450563, 0.000000, 1.000000;;
              }
            } // End of Armature_Bone_061
          } // End of Armature_Bone_060
        } // End of Armature_Bone_049
      } // End of Armature_Bone_047
    } // End of Armature_Bone_045
    Frame Cube {
      FrameTransformMatrix {
         1.000000, 0.000000, 0.000000, 0.000000,
         0.000000, 0.524898, 0.000000, 0.000000,
        -0.000000, 0.000000, 0.228059, 0.000000,
         0.346824,-0.021946, 0.245693, 1.000000;;
      }
      Mesh { // Cube mesh
        2832;
        -0.782380; 1.000787;-3.000048;,
        -0.782380; 0.806180;-3.000048;,
        -0.911554; 0.806180;-3.000048;,
        -0.911554; 1.000787;-3.000048;,
        -0.782380; 1.000786;-1.030467;,
        -0.911554; 1.000787;-1.030467;,
        -0.911554; 0.806180;-1.030467;,
        -0.782380; 0.806180;-1.030467;,
        -0.782380; 1.000787;-3.000048;,
        -0.782380; 1.000786;-1.030467;,
        -0.782380; 0.806180;-1.030467;,
        -0.782380; 0.806180;-3.000048;,
        -0.782380; 0.806180;-3.000048;,
        -0.782380; 0.806180;-1.030467;,
        -0.911554; 0.806180;-1.030467;,
        -0.911554; 0.806180;-3.000048;,
        -0.911554; 0.806180;-3.000048;,
        -0.911554; 0.806180;-1.030467;,
        -0.911554; 1.000787;-1.030467;,
        -0.911554; 1.000787;-3.000048;,
        -0.782380; 1.000786;-1.030467;,
        -0.782380; 1.000787;-3.000048;,
        -0.911554; 1.000787;-3.000048;,
        -0.911554; 1.000787;-1.030467;,
        -0.806847; 0.982562;-5.002624;,
        -0.806847; 0.824404;-5.002624;,
        -0.887087; 0.824404;-5.002624;,
        -0.887087; 0.982562;-5.002624;,
        -0.806847; 0.982562;-3.033042;,
        -0.887087; 0.982562;-3.033042;,
        -0.887087; 0.824404;-3.033042;,
        -0.806847; 0.824404;-3.033042;,
        -0.806847; 0.982562;-5.002624;,
        -0.806847; 0.982562;-3.033042;,
        -0.806847; 0.824404;-3.033042;,
        -0.806847; 0.824404;-5.002624;,
        -0.806847; 0.824404;-5.002624;,
        -0.806847; 0.824404;-3.033042;,
        -0.887087; 0.824404;-3.033042;,
        -0.887087; 0.824404;-5.002624;,
        -0.887087; 0.824404;-5.002624;,
        -0.887087; 0.824404;-3.033042;,
        -0.887087; 0.982562;-3.033042;,
        -0.887087; 0.982562;-5.002624;,
        -0.806847; 0.982562;-3.033042;,
        -0.806847; 0.982562;-5.002624;,
        -0.887087; 0.982562;-5.002624;,
        -0.887087; 0.982562;-3.033042;,
        -0.821599; 0.949596;-6.948414;,
        -0.821599; 0.857371;-6.948414;,
        -0.872335; 0.857371;-6.948414;,
        -0.872335; 0.949596;-6.948414;,
        -0.821599; 0.949596;-4.978832;,
        -0.872335; 0.949596;-4.978832;,
        -0.872335; 0.857371;-4.978832;,
        -0.821599; 0.857371;-4.978832;,
        -0.821599; 0.949596;-6.948414;,
        -0.821599; 0.949596;-4.978832;,
        -0.821599; 0.857371;-4.978832;,
        -0.821599; 0.857371;-6.948414;,
        -0.821599; 0.857371;-6.948414;,
        -0.821599; 0.857371;-4.978832;,
        -0.872335; 0.857371;-4.978832;,
        -0.872335; 0.857371;-6.948414;,
        -0.872335; 0.857371;-6.948414;,
        -0.872335; 0.857371;-4.978832;,
        -0.872335; 0.949596;-4.978832;,
        -0.872335; 0.949596;-6.948414;,
        -0.821599; 0.949596;-4.978832;,
        -0.821599; 0.949596;-6.948414;,
        -0.872335; 0.949596;-6.948414;,
        -0.872335; 0.949596;-4.978832;,
        -0.824874; 0.935069;-7.579130;,
        -0.824874; 0.871898;-7.579130;,
        -0.869060; 0.871898;-7.579130;,
        -0.869060; 0.935069;-7.579130;,
        -0.824874; 0.935069;-6.949891;,
        -0.869060; 0.935069;-6.949891;,
        -0.869060; 0.871898;-6.949891;,
        -0.824874; 0.871898;-6.949891;,
        -0.824874; 0.935069;-7.579130;,
        -0.824874; 0.935069;-6.949891;,
        -0.824874; 0.871898;-6.949891;,
        -0.824874; 0.871898;-7.579130;,
        -0.824874; 0.871898;-7.579130;,
        -0.824874; 0.871898;-6.949891;,
        -0.869060; 0.871898;-6.949891;,
        -0.869060; 0.871898;-7.579130;,
        -0.869060; 0.871898;-7.579130;,
        -0.869060; 0.871898;-6.949891;,
        -0.869060; 0.935069;-6.949891;,
        -0.869060; 0.935069;-7.579130;,
        -0.824874; 0.935069;-6.949891;,
        -0.824874; 0.935069;-7.579130;,
        -0.869060; 0.935069;-7.579130;,
        -0.869060; 0.935069;-6.949891;,
        -0.824874; 1.284591;-7.459910;,
        -0.824874; 1.223413;-7.496138;,
        -0.869060; 1.223413;-7.496138;,
        -0.869060; 1.284591;-7.459910;,
        -0.824874; 1.216470;-6.850517;,
        -0.869060; 1.216470;-6.850517;,
        -0.869060; 1.155292;-6.886744;,
        -0.824874; 1.155292;-6.886744;,
        -0.824874; 1.284591;-7.459910;,
        -0.824874; 1.216470;-6.850517;,
        -0.824874; 1.155292;-6.886744;,
        -0.824874; 1.223413;-7.496138;,
        -0.824874; 1.223413;-7.496138;,
        -0.824874; 1.155292;-6.886744;,
        -0.869060; 1.155292;-6.886744;,
        -0.869060; 1.223413;-7.496138;,
        -0.869060; 1.223413;-7.496138;,
        -0.869060; 1.155292;-6.886744;,
        -0.869060; 1.216470;-6.850517;,
        -0.869060; 1.284591;-7.459910;,
        -0.824874; 1.216470;-6.850517;,
        -0.824874; 1.284591;-7.459910;,
        -0.869060; 1.284591;-7.459910;,
        -0.869060; 1.216470;-6.850517;,
        -0.821599; 1.230379;-6.840756;,
        -0.821599; 1.141063;-6.893645;,
        -0.872335; 1.141063;-6.893645;,
        -0.872335; 1.230379;-6.840756;,
        -0.821599; 1.017152;-4.933295;,
        -0.872335; 1.017152;-4.933295;,
        -0.872335; 0.927837;-4.986185;,
        -0.821599; 0.927836;-4.986185;,
        -0.821599; 1.230379;-6.840756;,
        -0.821599; 1.017152;-4.933295;,
        -0.821599; 0.927836;-4.986185;,
        -0.821599; 1.141063;-6.893645;,
        -0.821599; 1.141063;-6.893645;,
        -0.821599; 0.927836;-4.986185;,
        -0.872335; 0.927837;-4.986185;,
        -0.872335; 1.141063;-6.893645;,
        -0.872335; 1.141063;-6.893645;,
        -0.872335; 0.927837;-4.986185;,
        -0.872335; 1.017152;-4.933295;,
        -0.872335; 1.230379;-6.840756;,
        -0.821599; 1.017152;-4.933295;,
        -0.821599; 1.230379;-6.840756;,
        -0.872335; 1.230379;-6.840756;,
        -0.872335; 1.017152;-4.933295;,
        -0.821599; 0.677812;-6.895330;,
        -0.821599; 0.587827;-6.848832;,
        -0.872335; 0.587827;-6.848832;,
        -0.872335; 0.677812;-6.895330;,
        -0.821599; 0.865270;-4.973586;,
        -0.872335; 0.865270;-4.973586;,
        -0.872335; 0.775286;-4.927088;,
        -0.821599; 0.775286;-4.927088;,
        -0.821599; 0.677812;-6.895330;,
        -0.821599; 0.865270;-4.973586;,
        -0.821599; 0.775286;-4.927088;,
        -0.821599; 0.587827;-6.848832;,
        -0.821599; 0.587827;-6.848832;,
        -0.821599; 0.775286;-4.927088;,
        -0.872335; 0.775286;-4.927088;,
        -0.872335; 0.587827;-6.848832;,
        -0.872335; 0.587827;-6.848832;,
        -0.872335; 0.775286;-4.927088;,
        -0.872335; 0.865270;-4.973586;,
        -0.872335; 0.677812;-6.895330;,
        -0.821599; 0.865270;-4.973586;,
        -0.821599; 0.677812;-6.895330;,
        -0.872335; 0.677812;-6.895330;,
        -0.872335; 0.865270;-4.973586;,
        -0.824874; 0.603608;-7.503404;,
        -0.824874; 0.541972;-7.471554;,
        -0.869060; 0.541972;-7.471554;,
        -0.869060; 0.603608;-7.503404;,
        -0.824874; 0.663497;-6.889448;,
        -0.869060; 0.663497;-6.889448;,
        -0.869060; 0.601861;-6.857598;,
        -0.824874; 0.601861;-6.857598;,
        -0.824874; 0.603608;-7.503404;,
        -0.824874; 0.663497;-6.889448;,
        -0.824874; 0.601861;-6.857598;,
        -0.824874; 0.541972;-7.471554;,
        -0.824874; 0.541972;-7.471554;,
        -0.824874; 0.601861;-6.857598;,
        -0.869060; 0.601861;-6.857598;,
        -0.869060; 0.541972;-7.471554;,
        -0.869060; 0.541972;-7.471554;,
        -0.869060; 0.601861;-6.857598;,
        -0.869060; 0.663497;-6.889448;,
        -0.869060; 0.603608;-7.503404;,
        -0.824874; 0.663497;-6.889448;,
        -0.824874; 0.603608;-7.503404;,
        -0.869060; 0.603608;-7.503404;,
        -0.869060; 0.663497;-6.889448;,
        -0.824874;-1.179260;-7.503404;,
        -0.824874;-1.240897;-7.471554;,
        -0.869060;-1.240897;-7.471554;,
        -0.869060;-1.179260;-7.503404;,
        -0.824874;-1.119371;-6.889448;,
        -0.869060;-1.119371;-6.889448;,
        -0.869060;-1.181008;-6.857598;,
        -0.824874;-1.181008;-6.857598;,
        -0.824874;-1.179260;-7.503404;,
        -0.824874;-1.119371;-6.889448;,
        -0.824874;-1.181008;-6.857598;,
        -0.824874;-1.240897;-7.471554;,
        -0.824874;-1.240897;-7.471554;,
        -0.824874;-1.181008;-6.857598;,
        -0.869060;-1.181008;-6.857598;,
        -0.869060;-1.240897;-7.471554;,
        -0.869060;-1.240897;-7.471554;,
        -0.869060;-1.181008;-6.857598;,
        -0.869060;-1.119371;-6.889448;,
        -0.869060;-1.179260;-7.503404;,
        -0.824874;-1.119371;-6.889448;,
        -0.824874;-1.179260;-7.503404;,
        -0.869060;-1.179260;-7.503404;,
        -0.869060;-1.119371;-6.889448;,
        -0.821599;-1.105057;-6.895330;,
        -0.821599;-1.195041;-6.848832;,
        -0.872335;-1.195041;-6.848832;,
        -0.872335;-1.105057;-6.895330;,
        -0.821599;-0.917598;-4.973586;,
        -0.872335;-0.917598;-4.973586;,
        -0.872335;-1.007583;-4.927088;,
        -0.821599;-1.007583;-4.927088;,
        -0.821599;-1.105057;-6.895330;,
        -0.821599;-0.917598;-4.973586;,
        -0.821599;-1.007583;-4.927088;,
        -0.821599;-1.195041;-6.848832;,
        -0.821599;-1.195041;-6.848832;,
        -0.821599;-1.007583;-4.927088;,
        -0.872335;-1.007583;-4.927088;,
        -0.872335;-1.195041;-6.848832;,
        -0.872335;-1.195041;-6.848832;,
        -0.872335;-1.007583;-4.927088;,
        -0.872335;-0.917598;-4.973586;,
        -0.872335;-1.105057;-6.895330;,
        -0.821599;-0.917598;-4.973586;,
        -0.821599;-1.105057;-6.895330;,
        -0.872335;-1.105057;-6.895330;,
        -0.872335;-0.917598;-4.973586;,
        -0.821599;-0.552489;-6.840756;,
        -0.821599;-0.641805;-6.893645;,
        -0.872335;-0.641805;-6.893645;,
        -0.872335;-0.552489;-6.840756;,
        -0.821599;-0.765716;-4.933295;,
        -0.872335;-0.765716;-4.933295;,
        -0.872335;-0.855032;-4.986185;,
        -0.821599;-0.855032;-4.986185;,
        -0.821599;-0.552489;-6.840756;,
        -0.821599;-0.765716;-4.933295;,
        -0.821599;-0.855032;-4.986185;,
        -0.821599;-0.641805;-6.893645;,
        -0.821599;-0.641805;-6.893645;,
        -0.821599;-0.855032;-4.986185;,
        -0.872335;-0.855032;-4.986185;,
        -0.872335;-0.641805;-6.893645;,
        -0.872335;-0.641805;-6.893645;,
        -0.872335;-0.855032;-4.986185;,
        -0.872335;-0.765716;-4.933295;,
        -0.872335;-0.552489;-6.840756;,
        -0.821599;-0.765716;-4.933295;,
        -0.821599;-0.552489;-6.840756;,
        -0.872335;-0.552489;-6.840756;,
        -0.872335;-0.765716;-4.933295;,
        -0.824874;-0.498277;-7.459910;,
        -0.824874;-0.559455;-7.496138;,
        -0.869060;-0.559455;-7.496138;,
        -0.869060;-0.498277;-7.459910;,
        -0.824874;-0.566398;-6.850517;,
        -0.869060;-0.566398;-6.850517;,
        -0.869060;-0.627576;-6.886744;,
        -0.824874;-0.627576;-6.886744;,
        -0.824874;-0.498277;-7.459910;,
        -0.824874;-0.566398;-6.850517;,
        -0.824874;-0.627576;-6.886744;,
        -0.824874;-0.559455;-7.496138;,
        -0.824874;-0.559455;-7.496138;,
        -0.824874;-0.627576;-6.886744;,
        -0.869060;-0.627576;-6.886744;,
        -0.869060;-0.559455;-7.496138;,
        -0.869060;-0.559455;-7.496138;,
        -0.869060;-0.627576;-6.886744;,
        -0.869060;-0.566398;-6.850517;,
        -0.869060;-0.498277;-7.459910;,
        -0.824874;-0.566398;-6.850517;,
        -0.824874;-0.498277;-7.459910;,
        -0.869060;-0.498277;-7.459910;,
        -0.869060;-0.566398;-6.850517;,
        -0.824874;-0.847799;-7.579130;,
        -0.824874;-0.910970;-7.579130;,
        -0.869060;-0.910970;-7.579130;,
        -0.869060;-0.847799;-7.579130;,
        -0.824874;-0.847799;-6.949891;,
        -0.869060;-0.847799;-6.949891;,
        -0.869060;-0.910970;-6.949891;,
        -0.824874;-0.910970;-6.949891;,
        -0.824874;-0.847799;-7.579130;,
        -0.824874;-0.847799;-6.949891;,
        -0.824874;-0.910970;-6.949891;,
        -0.824874;-0.910970;-7.579130;,
        -0.824874;-0.910970;-7.579130;,
        -0.824874;-0.910970;-6.949891;,
        -0.869060;-0.910970;-6.949891;,
        -0.869060;-0.910970;-7.579130;,
        -0.869060;-0.910970;-7.579130;,
        -0.869060;-0.910970;-6.949891;,
        -0.869060;-0.847799;-6.949891;,
        -0.869060;-0.847799;-7.579130;,
        -0.824874;-0.847799;-6.949891;,
        -0.824874;-0.847799;-7.579130;,
        -0.869060;-0.847799;-7.579130;,
        -0.869060;-0.847799;-6.949891;,
        -0.821599;-0.833272;-6.948414;,
        -0.821599;-0.925497;-6.948414;,
        -0.872335;-0.925497;-6.948414;,
        -0.872335;-0.833272;-6.948414;,
        -0.821599;-0.833272;-4.978832;,
        -0.872335;-0.833272;-4.978832;,
        -0.872335;-0.925497;-4.978832;,
        -0.821599;-0.925497;-4.978832;,
        -0.821599;-0.833272;-6.948414;,
        -0.821599;-0.833272;-4.978832;,
        -0.821599;-0.925497;-4.978832;,
        -0.821599;-0.925497;-6.948414;,
        -0.821599;-0.925497;-6.948414;,
        -0.821599;-0.925497;-4.978832;,
        -0.872335;-0.925497;-4.978832;,
        -0.872335;-0.925497;-6.948414;,
        -0.872335;-0.925497;-6.948414;,
        -0.872335;-0.925497;-4.978832;,
        -0.872335;-0.833272;-4.978832;,
