xof 0303txt 0032

template XSkinMeshHeader {
  <3cf169ce-ff7c-44ab-93c0-f78f62d172e2>
  WORD nMaxSkinWeightsPerVertex;
  WORD nMaxSkinWeightsPerFace;
  WORD nBones;
}

template SkinWeights {
  <6f0d123b-bad2-4167-a0d0-80224f25fabb>
  STRING transformNodeName;
  DWORD nWeights;
  array DWORD vertexIndices[nWeights];
  array float weights[nWeights];
  Matrix4x4 matrixOffset;
}

Frame Root {
  FrameTransformMatrix {
     1.000000, 0.000000, 0.000000, 0.000000,
     0.000000,-0.000000, 1.000000, 0.000000,
     0.000000, 1.000000, 0.000000, 0.000000,
     0.000000, 0.000000, 0.000000, 1.000000;;
  }
  Frame Armature {
    FrameTransformMatrix {
      -0.000000, 1.000000, 0.000000, 0.000000,
      -1.000000,-0.000000, 0.000000, 0.000000,
       0.000000, 0.000000, 1.000000, 0.000000,
       0.007163,-0.003261,13.809329, 1.000000;;
    }
    Frame Armature_testa {
      FrameTransformMatrix {
        -0.147137,-0.806608,-0.572481, 0.000000,
         0.022262, 0.575933,-0.817194, 0.000000,
         0.988866,-0.132985,-0.066784, 0.000000,
         0.005390,-1.139179,-1.435786, 1.000000;;
      }
      Frame Armature_bocca {
        FrameTransformMatrix {
          -0.079831,-0.085309, 0.993151, 0.000000,
           0.994378,-0.076343, 0.073372, 0.000000,
           0.069561, 0.993425, 0.090924, 0.000000,
           0.000000, 1.348373, 0.000000, 1.000000;;
        }
      } // End of Armature_bocca
      Frame Armature_boccal {
        FrameTransformMatrix {
          -0.895564,-0.390534, 0.213186, 0.000000,
           0.267459,-0.089616, 0.959393, 0.000000,
          -0.355571, 0.916216, 0.184709, 0.000000,
           0.000000, 1.348373, 0.000000, 1.000000;;
        }
      } // End of Armature_boccal
      Frame Armature_boccar {
        FrameTransformMatrix {
          -0.720292, 0.431534,-0.543101, 0.000000,
           0.536986,-0.148748,-0.830373, 0.000000,
          -0.439120,-0.889749,-0.124586, 0.000000,
           0.000000, 1.348373, 0.000000, 1.000000;;
        }
      } // End of Armature_boccar
      Frame Armature_picciolo {
        FrameTransformMatrix {
          -0.147350, 0.022244, 0.988697, 0.000000,
           0.031116,-0.999147, 0.027124, 0.000000,
           0.988525, 0.034750, 0.146304, 0.000000,
          -0.589528,-0.597243,-0.079724, 1.000000;;
        }
      } // End of Armature_picciolo
    } // End of Armature_testa
    Frame Armature_collo {
      FrameTransformMatrix {
        -0.219447, 0.933250, 0.284406, 0.000000,
        -0.016382, 0.287946,-0.957507, 0.000000,
        -0.975487,-0.214782,-0.047900, 0.000000,
        -0.026469, 0.040828,-1.987826, 1.000000;;
      }
      Frame Armature_omerol {
        FrameTransformMatrix {
          -0.298369,-0.081159,-0.950994, 0.000000,
          -0.393074, 0.918408, 0.044947, 0.000000,
           0.869752, 0.387222,-0.305926, 0.000000,
          -0.046246, 1.470379,-1.539754, 1.000000;;
        }
        Frame Armature_radiol {
          FrameTransformMatrix {
             0.994921, 0.025627, 0.097342, 0.000000,
            -0.009163, 0.986093,-0.165943, 0.000000,
            -0.100241, 0.164208, 0.981319, 0.000000,
            -0.000000, 3.239338,-0.000000, 1.000000;;
          }
          Frame Armature_a1l {
            FrameTransformMatrix {
               0.994204, 0.030693, 0.103038, 0.000000,
              -0.023287, 0.997110,-0.072322, 0.000000,
              -0.104960, 0.069503, 0.992045, 0.000000,
               0.169123, 3.761045, 0.058170, 1.000000;;
            }
            Frame Armature_a2l {
              FrameTransformMatrix {
                 0.994512,-0.024520,-0.101711, 0.000000,
                 0.077168, 0.828375, 0.554834, 0.000000,
                 0.070650,-0.559638, 0.825720, 0.000000,
                -0.000000, 0.589178, 0.000000, 1.000000;;
              }
            } // End of Armature_a2l
          } // End of Armature_a1l
          Frame Armature_i1l {
            FrameTransformMatrix {
               0.846770, 0.023820, 0.531426, 0.000000,
              -0.011494, 0.999583,-0.026490, 0.000000,
              -0.531836, 0.016322, 0.846690, 0.000000,
              -0.205605, 3.753064, 0.033516, 1.000000;;
            }
            Frame Armature_i2l {
              FrameTransformMatrix {
                 0.878771,-0.050893,-0.474522, 0.000000,
                 0.287858, 0.849590, 0.441968, 0.000000,
                 0.380656,-0.524983, 0.761245, 0.000000,
                -0.000000, 0.573538, 0.000000, 1.000000;;
              }
            } // End of Armature_i2l
          } // End of Armature_i1l
          Frame Armature_manol {
            FrameTransformMatrix {
               0.998389, 0.032454,-0.046539, 0.000000,
              -0.030255, 0.998427, 0.047206, 0.000000,
               0.047998,-0.045722, 0.997800, 0.000000,
               0.000000, 2.937769, 0.000000, 1.000000;;
            }
            Frame Armature_m1l {
              FrameTransformMatrix {
                 0.955501,-0.010484, 0.294803, 0.000000,
                 0.021940, 0.999126,-0.035579, 0.000000,
                -0.294172, 0.040464, 0.954896, 0.000000,
                 0.000000, 0.813799,-0.000000, 1.000000;;
              }
              Frame Armature_m2l {
                FrameTransformMatrix {
                   0.969026,-0.008640,-0.246807, 0.000000,
                   0.122185, 0.885272, 0.448736, 0.000000,
                   0.214614,-0.464993, 0.858908, 0.000000,
                   0.000000, 0.583249, 0.000001, 1.000000;;
                }
              } // End of Armature_m2l
            } // End of Armature_m1l
          } // End of Armature_manol
          Frame Armature_p1l {
            FrameTransformMatrix {
               0.376679, 0.256598, 0.890096, 0.000000,
              -0.501713, 0.864250,-0.036827, 0.000000,
              -0.778715,-0.432700, 0.454284, 0.000000,
              -0.260226, 3.505571, 0.011406, 1.000000;;
            }
            Frame Armature_p2l {
              FrameTransformMatrix {
                 0.814818,-0.404377,-0.415392, 0.000000,
                 0.216142, 0.876789,-0.429561, 0.000000,
                 0.537916, 0.260231, 0.801827, 0.000000,
                 0.000000, 0.560812,-0.000000, 1.000000;;
              }
            } // End of Armature_p2l
          } // End of Armature_p1l
        } // End of Armature_radiol
      } // End of Armature_omerol
      Frame Armature_omeror {
        FrameTransformMatrix {
          -0.257642,-0.051911,-0.964845, 0.000000,
          -0.364450, 0.930022, 0.047282, 0.000000,
           0.894873, 0.363819,-0.258532, 0.000000,
           0.531866, 1.444818, 1.510461, 1.000000;;
        }
        Frame Armature_radior {
          FrameTransformMatrix {
             0.988178,-0.009667,-0.153007, 0.000000,
            -0.007561, 0.993722,-0.111617, 0.000000,
             0.153126, 0.111454, 0.981902, 0.000000,
             0.000000, 3.129761,-0.000000, 1.000000;;
          }
          Frame Armature_a1r {
            FrameTransformMatrix {
               0.980865, 0.007655, 0.194538, 0.000000,
              -0.003439, 0.999752,-0.022001, 0.000000,
              -0.194658, 0.020911, 0.980648, 0.000000,
              -0.235347, 3.816976,-0.076977, 1.000000;;
            }
            Frame Armature_a2r {
              FrameTransformMatrix {
                 0.999977, 0.005061, 0.004548, 0.000000,
                -0.006781, 0.686160, 0.727419, 0.000000,
                 0.000561,-0.727433, 0.686178, 0.000000,
                -0.000000, 0.704753,-0.000000, 1.000000;;
              }
            } // End of Armature_a2r
          } // End of Armature_a1r
          Frame Armature_i1r {
            FrameTransformMatrix {
               0.924483,-0.006444, 0.381168, 0.000000,
               0.019027, 0.999391,-0.029250, 0.000000,
              -0.380747, 0.034294, 0.924043, 0.000000,
               0.160364, 3.861160, 0.023395, 1.000000;;
            }
            Frame Armature_i2r {
              FrameTransformMatrix {
                 0.992475,-0.111227,-0.051208, 0.000000,
                 0.112872, 0.668872, 0.734759, 0.000000,
                -0.047473,-0.735010, 0.676393, 0.000000,
                -0.000000, 0.661052, 0.000000, 1.000000;;
              }
            } // End of Armature_i2r
          } // End of Armature_i1r
          Frame Armature_manor {
            FrameTransformMatrix {
               0.996735, 0.044181, 0.067576, 0.000000,
              -0.042225, 0.998654,-0.030112, 0.000000,
              -0.068815, 0.027161, 0.997260, 0.000000,
              -0.000000, 3.026192, 0.000000, 1.000000;;
            }
            Frame Armature_m1r {
              FrameTransformMatrix {
                 0.669909,-0.022787,-0.742094, 0.000000,
                 0.038950, 0.999231, 0.004478, 0.000000,
                 0.741421,-0.031905, 0.670281, 0.000000,
                 0.000000, 0.797670, 0.000000, 1.000000;;
              }
              Frame Armature_m2r {
                FrameTransformMatrix {
                   0.787860, 0.597996, 0.147233, 0.000000,
                  -0.599107, 0.688836, 0.408136, 0.000000,
                   0.142644,-0.409762, 0.900970, 0.000000,
                  -0.000000, 0.706567, 0.000000, 1.000000;;
                }
              } // End of Armature_m2r
            } // End of Armature_m1r
          } // End of Armature_manor
          Frame Armature_p1r {
            FrameTransformMatrix {
               0.492045,-0.375124, 0.785604, 0.000000,
               0.504599, 0.858247, 0.093766, 0.000000,
              -0.709416, 0.350278, 0.611583, 0.000000,
               0.250075, 3.672588, 0.090303, 1.000000;;
            }
            Frame Armature_p2r {
              FrameTransformMatrix {
                 0.373688, 0.459398,-0.805798, 0.000000,
                -0.403514, 0.862737, 0.304730, 0.000000,
                 0.835185, 0.211277, 0.507769, 0.000000,
                -0.000000, 0.515157,-0.000000, 1.000000;;
              }
            } // End of Armature_p2r
          } // End of Armature_p1r
        } // End of Armature_radior
      } // End of Armature_omeror
      Frame Armature_shoulders {
        FrameTransformMatrix {
          -0.186072,-0.043313,-0.981581, 0.000000,
           0.423295, 0.898027,-0.119868, 0.000000,
           0.886678,-0.437803,-0.148763, 0.000000,
          -0.000000, 1.019916, 0.000000, 1.000000;;
        }
        Frame Armature_thorax {
          FrameTransformMatrix {
             0.998849, 0.030526, 0.037008, 0.000000,
            -0.007109, 0.857094,-0.515111, 0.000000,
            -0.047443, 0.514255, 0.856324, 0.000000,
            -0.000000, 0.736384, 0.000000, 1.000000;;
          }
          Frame Armature_abdomen {
            FrameTransformMatrix {
               0.995335, 0.035375, 0.089760, 0.000000,
              -0.016579, 0.979230,-0.202073, 0.000000,
              -0.095044, 0.199642, 0.975248, 0.000000,
               0.000000, 1.456455, 0.000000, 1.000000;;
            }
            Frame Armature_femorel {
              FrameTransformMatrix {
                 0.995240, 0.040787, 0.088508, 0.000000,
                -0.042324, 0.998983, 0.015553, 0.000000,
                -0.087784,-0.019225, 0.995954, 0.000000,
                 0.542350, 2.736111,-0.154832, 1.000000;;
              }
              Frame Armature_tibial {
                FrameTransformMatrix {
                   0.988697,-0.031687,-0.146538, 0.000000,
                   0.031530, 0.999497,-0.003394, 0.000000,
                   0.146572,-0.001265, 0.989199, 0.000000,
                  -0.000000, 2.939317, 0.000000, 1.000000;;
                }
                Frame Armature_piedel {
                  FrameTransformMatrix {
                    -0.857134, 0.489420, 0.160593, 0.000000,
                    -0.133003, 0.090913,-0.986937, 0.000000,
                    -0.497627,-0.867296,-0.012830, 0.000000,
                    -0.000000, 2.797039, 0.000000, 1.000000;;
                  }
                } // End of Armature_piedel
              } // End of Armature_tibial
            } // End of Armature_femorel
            Frame Armature_femorer {
              FrameTransformMatrix {
                 0.988496,-0.006357,-0.151116, 0.000000,
                 0.010018, 0.999674, 0.023477, 0.000000,
                 0.150918,-0.024720, 0.988237, 0.000000,
                -0.658924, 2.622734,-0.059549, 1.000000;;
              }
              Frame Armature_tibiar {
                FrameTransformMatrix {
                   0.989164, 0.025185,-0.144636, 0.000000,
                  -0.031047, 0.998779,-0.038418, 0.000000,
                   0.143492, 0.042493, 0.988739, 0.000000,
                  -0.000000, 3.013415,-0.000000, 1.000000;;
                }
                Frame Armature_pieder {
                  FrameTransformMatrix {
                     0.993615, 0.104574, 0.042341, 0.000000,
                     0.025499, 0.157431,-0.987201, 0.000000,
                    -0.109902, 0.981977, 0.153759, 0.000000,
                    -0.000000, 2.793831,-0.000000, 1.000000;;
                  }
                } // End of Armature_pieder
              } // End of Armature_tibiar
            } // End of Armature_femorer
          } // End of Armature_abdomen
        } // End of Armature_thorax
      } // End of Armature_shoulders
    } // End of Armature_collo
    Frame Armature_palato {
      FrameTransformMatrix {
         0.999989,-0.004239,-0.001978, 0.000000,
        -0.004559,-0.788288,-0.615288, 0.000000,
         0.001049, 0.615291,-0.788298, 0.000000,
         0.005390,-1.139179,-1.435786, 1.000000;;
      }
    } // End of Armature_palato
    Frame Armature_palatol {
      FrameTransformMatrix {
        -0.399816,-0.629702,-0.666050, 0.000000,
         0.903408,-0.393540,-0.170234, 0.000000,
        -0.154921,-0.669778, 0.726221, 0.000000,
         0.005390,-1.139179,-1.435786, 1.000000;;
      }
    } // End of Armature_palatol
    Frame Armature_palator {
      FrameTransformMatrix {
        -0.454037, 0.883283, 0.116883, 0.000000,
        -0.888328,-0.438655,-0.135848, 0.000000,
        -0.068721,-0.165510, 0.983811, 0.000000,
         0.005390,-1.139179,-1.435786, 1.000000;;
      }
    } // End of Armature_palator
    Frame Cube_004 {
      FrameTransformMatrix {
         1.000000, 0.000000, 0.000000, 0.000000,
        -0.000000, 1.000000,-0.000000, 0.000000,
        -0.000000, 0.000000, 1.000000, 0.000000,
        -0.007163, 0.291242,-6.065057, 1.000000;;
      }
      Mesh { // Cube_004 mesh
        1296;
         0.986216;-0.315376;-4.605818;,
         0.986216;-0.275376;-4.605818;,
         0.986216;-0.275376;-5.205818;,
         0.986216;-0.315376;-5.205818;,
         0.986216;-0.275376;-4.605818;,
         1.026216;-0.275376;-4.605818;,
         1.026216;-0.275376;-5.205818;,
         0.986216;-0.275376;-5.205818;,
         1.026216;-0.275376;-4.605818;,
         1.026216;-0.315376;-4.605818;,
         1.026216;-0.315376;-5.205818;,
         1.026216;-0.275376;-5.205818;,
         1.026216;-0.315376;-4.605818;,
         0.986216;-0.315376;-4.605818;,
         0.986216;-0.315376;-5.205818;,
         1.026216;-0.315376;-5.205818;,
         0.986216;-0.315376;-5.205818;,
         0.986216;-0.275376;-5.205818;,
         1.026216;-0.275376;-5.205818;,
         1.026216;-0.315376;-5.205818;,
         1.026216;-0.315376;-4.605818;,
         1.026216;-0.275376;-4.605818;,
         0.986216;-0.275376;-4.605818;,
         0.986216;-0.315376;-4.605818;,
        -1.044387;-0.292297;-4.546527;,
        -1.044387;-0.252297;-4.546527;,
        -1.044387;-0.252297;-5.146527;,
        -1.044387;-0.292297;-5.146527;,
        -1.044387;-0.252297;-4.546527;,
        -1.004387;-0.252297;-4.546527;,
        -1.004387;-0.252297;-5.146527;,
        -1.044387;-0.252297;-5.146527;,
        -1.004387;-0.252297;-4.546527;,
        -1.004387;-0.292297;-4.546527;,
        -1.004387;-0.292297;-5.146527;,
        -1.004387;-0.252297;-5.146527;,
        -1.004387;-0.292297;-4.546527;,
        -1.044387;-0.292297;-4.546527;,
        -1.044387;-0.292297;-5.146527;,
        -1.004387;-0.292297;-5.146527;,
        -1.044387;-0.292297;-5.146527;,
        -1.044387;-0.252297;-5.146527;,
        -1.004387;-0.252297;-5.146527;,
        -1.004387;-0.292297;-5.146527;,
        -1.004387;-0.292297;-4.546527;,
        -1.004387;-0.252297;-4.546527;,
        -1.044387;-0.252297;-4.546527;,
        -1.044387;-0.292297;-4.546527;,
         1.259100;-0.329512;-4.093678;,
         1.259100;-0.229512;-4.093678;,
         0.959100;-0.229512;-4.613293;,
         0.959100;-0.329512;-4.613293;,
         1.259100;-0.229512;-4.093678;,
         1.345702;-0.229512;-4.143678;,
         1.045702;-0.229512;-4.663293;,
         0.959100;-0.229512;-4.613293;,
         1.345702;-0.229512;-4.143678;,
         1.345702;-0.329512;-4.143678;,
         1.045702;-0.329512;-4.663293;,
         1.045702;-0.229512;-4.663293;,
         1.345702;-0.329512;-4.143678;,
         1.259100;-0.329512;-4.093678;,
         0.959100;-0.329512;-4.613293;,
         1.045702;-0.329512;-4.663293;,
         0.959100;-0.329512;-4.613293;,
         0.959100;-0.229512;-4.613293;,
         1.045702;-0.229512;-4.663293;,
         1.045702;-0.329512;-4.663293;,
         1.345702;-0.329512;-4.143678;,
         1.345702;-0.229512;-4.143678;,
         1.259100;-0.229512;-4.093678;,
         1.259100;-0.329512;-4.093678;,
        -1.363823;-0.303943;-4.113177;,
        -1.363823;-0.203943;-4.113177;,
        -1.063823;-0.203943;-4.632792;,
        -1.063823;-0.303943;-4.632792;,
        -1.363823;-0.203943;-4.113177;,
        -1.277220;-0.203943;-4.063177;,
        -0.977220;-0.203943;-4.582792;,
        -1.063823;-0.203943;-4.632792;,
        -1.277220;-0.203943;-4.063177;,
        -1.277220;-0.303943;-4.063177;,
        -0.977220;-0.303943;-4.582792;,
        -0.977220;-0.203943;-4.582792;,
        -1.277220;-0.303943;-4.063177;,
        -1.363823;-0.303943;-4.113177;,
        -1.063823;-0.303943;-4.632792;,
        -0.977220;-0.303943;-4.582792;,
        -1.063823;-0.303943;-4.632792;,
        -1.063823;-0.203943;-4.632792;,
        -0.977220;-0.203943;-4.582792;,
        -0.977220;-0.303943;-4.582792;,
        -1.277220;-0.303943;-4.063177;,
        -1.277220;-0.203943;-4.063177;,
        -1.363823;-0.203943;-4.113177;,
        -1.363823;-0.303943;-4.113177;,
        -1.435938;-0.336157;-4.224055;,
        -1.435938;-0.236157;-4.224055;,
        -1.435938;-0.236157;-5.024055;,
        -1.435938;-0.336157;-5.024055;,
        -1.435938;-0.236157;-4.224055;,
        -1.335938;-0.236157;-4.224055;,
        -1.335938;-0.236157;-5.024055;,
        -1.435938;-0.236157;-5.024055;,
        -1.335938;-0.236157;-4.224055;,
        -1.335938;-0.336157;-4.224055;,
        -1.335938;-0.336157;-5.024055;,
        -1.335938;-0.236157;-5.024055;,
        -1.335938;-0.336157;-4.224055;,
        -1.435938;-0.336157;-4.224055;,
        -1.435938;-0.336157;-5.024055;,
        -1.335938;-0.336157;-5.024055;,
        -1.435938;-0.336157;-5.024055;,
        -1.435938;-0.236157;-5.024055;,
        -1.335938;-0.236157;-5.024055;,
        -1.335938;-0.336157;-5.024055;,
        -1.335938;-0.336157;-4.224055;,
        -1.335938;-0.236157;-4.224055;,
        -1.435938;-0.236157;-4.224055;,
        -1.435938;-0.336157;-4.224055;,
        -1.420960;-0.337206;-4.859950;,
        -1.420960;-0.277206;-4.859950;,
        -1.420960;-0.277206;-5.659950;,
        -1.420960;-0.337206;-5.659950;,
        -1.420960;-0.277206;-4.859950;,
        -1.360960;-0.277206;-4.859950;,
        -1.360960;-0.277206;-5.659950;,
        -1.420960;-0.277206;-5.659950;,
        -1.360960;-0.277206;-4.859950;,
        -1.360960;-0.337206;-4.859950;,
        -1.360960;-0.337206;-5.659950;,
        -1.360960;-0.277206;-5.659950;,
        -1.360960;-0.337206;-4.859950;,
        -1.420960;-0.337206;-4.859950;,
        -1.420960;-0.337206;-5.659950;,
        -1.360960;-0.337206;-5.659950;,
        -1.420960;-0.337206;-5.659950;,
        -1.420960;-0.277206;-5.659950;,
        -1.360960;-0.277206;-5.659950;,
        -1.360960;-0.337206;-5.659950;,
        -1.360960;-0.337206;-4.859950;,
        -1.360960;-0.277206;-4.859950;,
        -1.420960;-0.277206;-4.859950;,
        -1.420960;-0.337206;-4.859950;,
        -1.650261;-0.347242;-4.211216;,
        -1.650261;-0.247242;-4.211216;,
        -1.650261;-0.247242;-5.011216;,
        -1.650261;-0.347242;-5.011216;,
        -1.650261;-0.247242;-4.211216;,
        -1.550261;-0.247242;-4.211216;,
        -1.550261;-0.247242;-5.011216;,
        -1.650261;-0.247242;-5.011216;,
        -1.550261;-0.247242;-4.211216;,
        -1.550261;-0.347242;-4.211216;,
        -1.550261;-0.347242;-5.011216;,
        -1.550261;-0.247242;-5.011216;,
        -1.550261;-0.347242;-4.211216;,
        -1.650261;-0.347242;-4.211216;,
        -1.650261;-0.347242;-5.011216;,
        -1.550261;-0.347242;-5.011216;,
        -1.650261;-0.347242;-5.011216;,
        -1.650261;-0.247242;-5.011216;,
        -1.550261;-0.247242;-5.011216;,
        -1.550261;-0.347242;-5.011216;,
        -1.550261;-0.347242;-4.211216;,
        -1.550261;-0.247242;-4.211216;,
        -1.650261;-0.247242;-4.211216;,
        -1.650261;-0.347242;-4.211216;,
        -1.635282;-0.348291;-4.847111;,
        -1.635282;-0.288291;-4.847111;,
        -1.635282;-0.288291;-5.647111;,
        -1.635282;-0.348291;-5.647111;,
        -1.635282;-0.288291;-4.847111;,
        -1.575282;-0.288291;-4.847111;,
        -1.575282;-0.288291;-5.647111;,
        -1.635282;-0.288291;-5.647111;,
        -1.575282;-0.288291;-4.847111;,
        -1.575282;-0.348291;-4.847111;,
        -1.575282;-0.348291;-5.647111;,
        -1.575282;-0.288291;-5.647111;,
        -1.575282;-0.348291;-4.847111;,
        -1.635282;-0.348291;-4.847111;,
        -1.635282;-0.348291;-5.647111;,
        -1.575282;-0.348291;-5.647111;,
        -1.635282;-0.348291;-5.647111;,
        -1.635282;-0.288291;-5.647111;,
        -1.575282;-0.288291;-5.647111;,
        -1.575282;-0.348291;-5.647111;,
        -1.575282;-0.348291;-4.847111;,
        -1.575282;-0.288291;-4.847111;,
        -1.635282;-0.288291;-4.847111;,
        -1.635282;-0.348291;-4.847111;,
        -1.837469;-0.349137;-4.221643;,
        -1.837469;-0.249137;-4.221643;,
        -1.837469;-0.249137;-5.021643;,
        -1.837469;-0.349137;-5.021643;,
        -1.837469;-0.249137;-4.221643;,
        -1.737469;-0.249137;-4.221643;,
        -1.737469;-0.249137;-5.021643;,
        -1.837469;-0.249137;-5.021643;,
        -1.737469;-0.249137;-4.221643;,
        -1.737469;-0.349137;-4.221643;,
        -1.737469;-0.349137;-5.021643;,
        -1.737469;-0.249137;-5.021643;,
        -1.737469;-0.349137;-4.221643;,
        -1.837469;-0.349137;-4.221643;,
        -1.837469;-0.349137;-5.021643;,
        -1.737469;-0.349137;-5.021643;,
        -1.837469;-0.349137;-5.021643;,
        -1.837469;-0.249137;-5.021643;,
        -1.737469;-0.249137;-5.021643;,
        -1.737469;-0.349137;-5.021643;,
        -1.737469;-0.349137;-4.221643;,
        -1.737469;-0.249137;-4.221643;,
        -1.837469;-0.249137;-4.221643;,
        -1.837469;-0.349137;-4.221643;,
        -1.822491;-0.350186;-4.857538;,
        -1.822491;-0.290186;-4.857538;,
        -1.822491;-0.290186;-5.657538;,
        -1.822491;-0.350186;-5.657538;,
        -1.822491;-0.290186;-4.857538;,
        -1.762491;-0.290186;-4.857538;,
        -1.762491;-0.290186;-5.657538;,
        -1.822491;-0.290186;-5.657538;,
        -1.762491;-0.290186;-4.857538;,
        -1.762491;-0.350186;-4.857538;,
        -1.762491;-0.350186;-5.657538;,
        -1.762491;-0.290186;-5.657538;,
        -1.762491;-0.350186;-4.857538;,
        -1.822491;-0.350186;-4.857538;,
        -1.822491;-0.350186;-5.657538;,
        -1.762491;-0.350186;-5.657538;,
        -1.822491;-0.350186;-5.657538;,
        -1.822491;-0.290186;-5.657538;,
        -1.762491;-0.290186;-5.657538;,
        -1.762491;-0.350186;-5.657538;,
        -1.762491;-0.350186;-4.857538;,
        -1.762491;-0.290186;-4.857538;,
        -1.822491;-0.290186;-4.857538;,
        -1.822491;-0.350186;-4.857538;,
         1.674150;-0.286976;-4.224266;,
         1.674150;-0.186976;-4.224266;,
         1.674150;-0.186976;-5.024266;,
         1.674150;-0.286976;-5.024266;,
         1.674150;-0.186976;-4.224266;,
         1.774150;-0.186976;-4.224266;,
         1.774150;-0.186976;-5.024266;,
         1.674150;-0.186976;-5.024266;,
         1.774150;-0.186976;-4.224266;,
         1.774150;-0.286976;-4.224266;,
         1.774150;-0.286976;-5.024266;,
         1.774150;-0.186976;-5.024266;,
         1.774150;-0.286976;-4.224266;,
         1.674150;-0.286976;-4.224266;,
         1.674150;-0.286976;-5.024266;,
         1.774150;-0.286976;-5.024266;,
         1.674150;-0.286976;-5.024266;,
         1.674150;-0.186976;-5.024266;,
         1.774150;-0.186976;-5.024266;,
         1.774150;-0.286976;-5.024266;,
         1.774150;-0.286976;-4.224266;,
         1.774150;-0.186976;-4.224266;,
         1.674150;-0.186976;-4.224266;,
         1.674150;-0.286976;-4.224266;,
         1.689129;-0.288025;-4.860161;,
         1.689129;-0.228025;-4.860161;,
         1.689129;-0.228025;-5.660161;,
         1.689129;-0.288025;-5.660161;,
         1.689129;-0.228025;-4.860161;,
         1.749129;-0.228025;-4.860161;,
         1.749129;-0.228025;-5.660161;,
         1.689129;-0.228025;-5.660161;,
         1.749129;-0.228025;-4.860161;,
         1.749129;-0.288025;-4.860161;,
         1.749129;-0.288025;-5.660161;,
         1.749129;-0.228025;-5.660161;,
         1.749129;-0.288025;-4.860161;,
         1.689129;-0.288025;-4.860161;,
         1.689129;-0.288025;-5.660161;,
         1.749129;-0.288025;-5.660161;,
         1.689129;-0.288025;-5.660161;,
         1.689129;-0.228025;-5.660161;,
         1.749129;-0.228025;-5.660161;,
         1.749129;-0.288025;-5.660161;,
         1.749129;-0.288025;-4.860161;,
         1.749129;-0.228025;-4.860161;,
         1.689129;-0.228025;-4.860161;,
         1.689129;-0.288025;-4.860161;,
         1.487672;-0.277384;-4.215321;,
         1.487672;-0.177384;-4.215321;,
         1.487672;-0.177384;-5.015321;,
         1.487672;-0.277384;-5.015321;,
         1.487672;-0.177384;-4.215321;,
         1.587672;-0.177384;-4.215321;,
         1.587672;-0.177384;-5.015321;,
         1.487672;-0.177384;-5.015321;,
         1.587672;-0.177384;-4.215321;,
         1.587672;-0.277384;-4.215321;,
         1.587672;-0.277384;-5.015321;,
         1.587672;-0.177384;-5.015321;,
         1.587672;-0.277384;-4.215321;,
         1.487672;-0.277384;-4.215321;,
         1.487672;-0.277384;-5.015321;,
         1.587672;-0.277384;-5.015321;,
         1.487672;-0.277384;-5.015321;,
         1.487672;-0.177384;-5.015321;,
         1.587672;-0.177384;-5.015321;,
         1.587672;-0.277384;-5.015321;,
         1.587672;-0.277384;-4.215321;,
         1.587672;-0.177384;-4.215321;,
         1.487672;-0.177384;-4.215321;,
         1.487672;-0.277384;-4.215321;,
         1.502651;-0.278433;-4.851216;,
         1.502651;-0.218433;-4.851216;,
         1.502651;-0.218433;-5.651216;,
         1.502651;-0.278433;-5.651216;,
         1.502651;-0.218433;-4.851216;,
         1.562651;-0.218433;-4.851216;,
         1.562651;-0.218433;-5.651216;,
         1.502651;-0.218433;-5.651216;,
         1.562651;-0.218433;-4.851216;,
         1.562651;-0.278433;-4.851216;,
         1.562651;-0.278433;-5.651216;,
         1.562651;-0.218433;-5.651216;,
         1.562651;-0.278433;-4.851216;,
         1.502651;-0.278433;-4.851216;,
         1.502651;-0.278433;-5.651216;,
         1.562651;-0.278433;-5.651216;,
         1.502651;-0.278433;-5.651216;,
         1.502651;-0.218433;-5.651216;,
         1.562651;-0.218433;-5.651216;,
         1.562651;-0.278433;-5.651216;,
         1.562651;-0.278433;-4.851216;,
         1.562651;-0.218433;-4.851216;,
         1.502651;-0.218433;-4.851216;,
         1.502651;-0.278433;-4.851216;,
         1.301194;-0.278651;-4.206376;,
         1.301194;-0.178651;-4.206376;,
         1.301194;-0.178651;-5.006376;,
         1.301194;-0.278651;-5.006376;,
         1.301194;-0.178651;-4.206376;,
         1.401194;-0.178651;-4.206376;,
         1.401194;-0.178651;-5.006376;,
         1.301194;-0.178651;-5.006376;,
         1.401194;-0.178651;-4.206376;,
         1.401194;-0.278651;-4.206376;,
         1.401194;-0.278651;-5.006376;,
         1.401194;-0.178651;-5.006376;,
         1.401194;-0.278651;-4.206376;,
         1.301194;-0.278651;-4.206376;,
         1.301194;-0.278651;-5.006376;,
         1.401194;-0.278651;-5.006376;,
         1.301194;-0.278651;-5.006376;,
         1.301194;-0.178651;-5.006376;,
         1.401194;-0.178651;-5.006376;,
         1.401194;-0.278651;-5.006376;,
         1.401194;-0.278651;-4.206376;,
         1.401194;-0.178651;-4.206376;,
         1.301194;-0.178651;-4.206376;,
         1.301194;-0.278651;-4.206376;,
         1.316172;-0.279700;-4.842271;,
         1.316172;-0.219700;-4.842271;,
         1.316172;-0.219700;-5.642271;,
         1.316172;-0.279700;-5.642271;,
         1.316172;-0.219700;-4.842271;,
         1.376172;-0.219700;-4.842271;,
         1.376172;-0.219700;-5.642271;,
         1.316172;-0.219700;-5.642271;,
         1.376172;-0.219700;-4.842271;,
         1.376172;-0.279700;-4.842271;,
         1.376172;-0.279700;-5.642271;,
         1.376172;-0.219700;-5.642271;,
         1.376172;-0.279700;-4.842271;,
         1.316172;-0.279700;-4.842271;,
         1.316172;-0.279700;-5.642271;,
         1.376172;-0.279700;-5.642271;,
         1.316172;-0.279700;-5.642271;,
         1.316172;-0.219700;-5.642271;,
         1.376172;-0.219700;-5.642271;,
         1.376172;-0.279700;-5.642271;,
         1.376172;-0.279700;-4.842271;,
         1.376172;-0.219700;-4.842271;,
         1.316172;-0.219700;-4.842271;,
         1.316172;-0.279700;-4.842271;,
        -1.877262;-0.368965;-3.529298;,
        -1.877262;-0.168965;-3.529298;,
        -1.877262;-0.168965;-4.329298;,
        -1.877262;-0.368965;-4.329298;,
        -1.877262;-0.168965;-3.529298;,
        -1.277262;-0.168965;-3.529298;,
        -1.277262;-0.168965;-4.329298;,
        -1.877262;-0.168965;-4.329298;,
        -1.277262;-0.168965;-3.529298;,
        -1.277262;-0.368965;-3.529298;,
        -1.277262;-0.368965;-4.329298;,
        -1.277262;-0.168965;-4.329298;,
        -1.277262;-0.368965;-3.529298;,
        -1.877262;-0.368965;-3.529298;,
        -1.877262;-0.368965;-4.329298;,
        -1.277262;-0.368965;-4.329298;,
        -1.877262;-0.368965;-4.329298;,
        -1.877262;-0.168965;-4.329298;,
        -1.277262;-0.168965;-4.329298;,
        -1.277262;-0.368965;-4.329298;,
        -1.277262;-0.368965;-3.529298;,
        -1.277262;-0.168965;-3.529298;,
        -1.877262;-0.168965;-3.529298;,
        -1.877262;-0.368965;-3.529298;,
         1.241153;-0.369754;-3.576934;,
         1.241153;-0.169754;-3.576934;,
         1.241153;-0.169754;-4.376934;,
         1.241153;-0.369754;-4.376934;,
         1.241153;-0.169754;-3.576934;,
         1.841153;-0.169754;-3.576934;,
         1.841153;-0.169754;-4.376934;,
         1.241153;-0.169754;-4.376934;,
         1.841153;-0.169754;-3.576934;,
         1.841153;-0.369754;-3.576934;,
         1.841153;-0.369754;-4.376934;,
         1.841153;-0.169754;-4.376934;,
         1.841153;-0.369754;-3.576934;,
         1.241153;-0.369754;-3.576934;,
         1.241153;-0.369754;-4.376934;,
         1.841153;-0.369754;-4.376934;,
         1.241153;-0.369754;-4.376934;,
         1.241153;-0.169754;-4.376934;,
         1.841153;-0.169754;-4.376934;,
         1.841153;-0.369754;-4.376934;,
         1.841153;-0.369754;-3.576934;,
         1.841153;-0.169754;-3.576934;,
         1.241153;-0.169754;-3.576934;,
         1.241153;-0.369754;-3.576934;,
         0.450828;-1.568816;-7.544552;,
         0.450828;-0.568816;-7.544552;,
         0.450828;-0.568816;-7.744552;,
         0.450828;-1.568816;-7.744552;,
         0.450828;-0.568816;-7.544552;,
         0.650828;-0.568816;-7.544552;,
         0.650828;-0.568816;-7.744552;,
         0.450828;-0.568816;-7.744552;,
         0.650828;-0.568816;-7.544552;,
         0.650828;-1.568816;-7.544552;,
         0.650828;-1.568816;-7.744552;,
         0.650828;-0.568816;-7.744552;,
         0.650828;-1.568816;-7.544552;,
         0.450828;-1.568816;-7.544552;,
         0.450828;-1.568816;-7.744552;,
         0.650828;-1.568816;-7.744552;,
         0.450828;-1.568816;-7.744552;,
         0.450828;-0.568816;-7.744552;,
         0.650828;-0.568816;-7.744552;,
         0.650828;-1.568816;-7.744552;,
         0.650828;-1.568816;-7.544552;,
         0.650828;-0.568816;-7.544552;,
         0.450828;-0.568816;-7.544552;,
         0.450828;-1.568816;-7.544552;,
         0.740042;-1.236129;-7.539021;,
         0.740042;-0.236129;-7.539021;,
         0.740042;-0.236129;-7.739020;,
         0.740042;-1.236129;-7.739020;,
         0.740042;-0.236129;-7.539021;,
         0.940042;-0.236129;-7.539021;,
         0.940042;-0.236129;-7.739020;,
         0.740042;-0.236129;-7.739020;,
         0.940042;-0.236129;-7.539021;,
         0.940042;-1.236129;-7.539021;,
         0.940042;-1.236129;-7.739020;,
         0.940042;-0.236129;-7.739020;,
         0.940042;-1.236129;-7.539021;,
         0.740042;-1.236129;-7.539021;,
         0.740042;-1.236129;-7.739020;,
         0.940042;-1.236129;-7.739020;,
         0.740042;-1.236129;-7.739020;,
         0.740042;-0.236129;-7.739020;,
         0.940042;-0.236129;-7.739020;,
         0.940042;-1.236129;-7.739020;,
         0.940042;-1.236129;-7.539021;,
         0.940042;-0.236129;-7.539021;,
         0.740042;-0.236129;-7.539021;,
         0.740042;-1.236129;-7.539021;,
         0.148335;-1.107312;-7.563519;,
         0.148335;-0.107312;-7.563519;,
         0.148335;-0.107312;-7.763519;,
         0.148335;-1.107312;-7.763519;,
         0.148335;-0.107312;-7.563519;,
         0.348335;-0.107312;-7.563519;,
         0.348335;-0.107312;-7.763519;,
         0.148335;-0.107312;-7.763519;,
         0.348335;-0.107312;-7.563519;,
         0.348335;-1.107312;-7.563519;,
         0.348335;-1.107312;-7.763519;,
         0.348335;-0.107312;-7.763519;,
         0.348335;-1.107312;-7.563519;,
         0.148335;-1.107312;-7.563519;,
         0.148335;-1.107312;-7.763519;,
         0.348335;-1.107312;-7.763519;,
         0.148335;-1.107312;-7.763519;,
         0.148335;-0.107312;-7.763519;,
         0.348335;-0.107312;-7.763519;,
         0.348335;-1.107312;-7.763519;,
         0.348335;-1.107312;-7.563519;,
         0.348335;-0.107312;-7.563519;,
         0.148335;-0.107312;-7.563519;,
         0.148335;-1.107312;-7.563519;,
        -0.658133;-1.480225;-7.564099;,
        -0.658133;-0.480225;-7.564099;,
        -0.658133;-0.480225;-7.764099;,
        -0.658133;-1.480225;-7.764099;,
        -0.658133;-0.480225;-7.564099;,
        -0.458133;-0.480225;-7.564099;,
        -0.458133;-0.480225;-7.764099;,
        -0.658133;-0.480225;-7.764099;,
        -0.458133;-0.480225;-7.564099;,
        -0.458133;-1.480225;-7.564099;,
        -0.458133;-1.480225;-7.764099;,
        -0.458133;-0.480225;-7.764099;,
        -0.458133;-1.480225;-7.564099;,
        -0.658133;-1.480225;-7.564099;,
        -0.658133;-1.480225;-7.764099;,
        -0.458133;-1.480225;-7.764099;,
        -0.658133;-1.480225;-7.764099;,
        -0.658133;-0.480225;-7.764099;,
        -0.458133;-0.480225;-7.764099;,
        -0.458133;-1.480225;-7.764099;,
        -0.458133;-1.480225;-7.564099;,
        -0.458133;-0.480225;-7.564099;,
        -0.658133;-0.480225;-7.564099;,
        -0.658133;-1.480225;-7.564099;,
        -0.307232;-1.115621;-7.546670;,
        -0.307232;-0.115621;-7.546670;,
        -0.307232;-0.115621;-7.746670;,
        -0.307232;-1.115621;-7.746670;,
        -0.307232;-0.115621;-7.546670;,
        -0.107232;-0.115621;-7.546670;,
        -0.107232;-0.115621;-7.746670;,
        -0.307232;-0.115621;-7.746670;,
        -0.107232;-0.115621;-7.546670;,
        -0.107232;-1.115621;-7.546670;,
        -0.107232;-1.115621;-7.746670;,
        -0.107232;-0.115621;-7.746670;,
        -0.107232;-1.115621;-7.546670;,
        -0.307232;-1.115621;-7.546670;,
        -0.307232;-1.115621;-7.746670;,
        -0.107232;-1.115621;-7.746670;,
        -0.307232;-1.115621;-7.746670;,
        -0.307232;-0.115621;-7.746670;,
        -0.107232;-0.115621;-7.746670;,
        -0.107232;-1.115621;-7.746670;,
        -0.107232;-1.115621;-7.546670;,
        -0.107232;-0.115621;-7.546670;,
        -0.307232;-0.115621;-7.546670;,
        -0.307232;-1.115621;-7.546670;,
        -0.939792;-1.393856;-7.541821;,
        -0.939792;-0.393856;-7.541821;,
        -0.939792;-0.393856;-7.741821;,
        -0.939792;-1.393856;-7.741821;,
        -0.939792;-0.393856;-7.541821;,
        -0.739792;-0.393856;-7.541821;,
        -0.739792;-0.393856;-7.741821;,
        -0.939792;-0.393856;-7.741821;,
        -0.739792;-0.393856;-7.541821;,
        -0.739792;-1.393856;-7.541821;,
        -0.739792;-1.393856;-7.741821;,
        -0.739792;-0.393856;-7.741821;,
        -0.739792;-1.393856;-7.541821;,
        -0.939792;-1.393856;-7.541821;,
        -0.939792;-1.393856;-7.741821;,
        -0.739792;-1.393856;-7.741821;,
        -0.939792;-1.393856;-7.741821;,
        -0.939792;-0.393856;-7.741821;,
        -0.739792;-0.393856;-7.741821;,
        -0.739792;-1.393856;-7.741821;,
        -0.739792;-1.393856;-7.541821;,
        -0.739792;-0.393856;-7.541821;,
        -0.939792;-0.393856;-7.541821;,
        -0.939792;-1.393856;-7.541821;,
        -0.763227;-0.891215;-7.359941;,
        -0.763227; 0.108785;-7.359941;,
        -0.763227; 0.108785;-7.759940;,
        -0.763227;-0.891215;-7.759940;,
        -0.763227; 0.108785;-7.359941;,
        -0.263227; 0.108785;-7.359941;,
        -0.263227; 0.108785;-7.759940;,
        -0.763227; 0.108785;-7.759940;,
        -0.263227; 0.108785;-7.359941;,
        -0.263227;-0.891215;-7.359941;,
        -0.263227;-0.891215;-7.759940;,
        -0.263227; 0.108785;-7.759940;,
        -0.263227;-0.891215;-7.359941;,
        -0.763227;-0.891215;-7.359941;,
        -0.763227;-0.891215;-7.759940;,
        -0.263227;-0.891215;-7.759940;,
        -0.763227;-0.891215;-7.759940;,
        -0.763227; 0.108785;-7.759940;,
        -0.263227; 0.108785;-7.759940;,
        -0.263227;-0.891215;-7.759940;,
        -0.263227;-0.891215;-7.359941;,
        -0.263227; 0.108785;-7.359941;,
        -0.763227; 0.108785;-7.359941;,
        -0.763227;-0.891215;-7.359941;,
         0.310592;-0.840712;-7.328121;,
         0.310592; 0.159288;-7.328121;,
         0.310592; 0.159288;-7.728120;,
         0.310592;-0.840712;-7.728120;,
         0.310592; 0.159288;-7.328121;,
         0.810592; 0.159288;-7.328121;,
         0.810592; 0.159288;-7.728120;,
         0.310592; 0.159288;-7.728120;,
         0.810592; 0.159288;-7.328121;,
         0.810592;-0.840712;-7.328121;,
