xof 0303txt 0032

template XSkinMeshHeader {
  <3cf169ce-ff7c-44ab-93c0-f78f62d172e2>
  WORD nMaxSkinWeightsPerVertex;
  WORD nMaxSkinWeightsPerFace;
  WORD nBones;
}

template SkinWeights {
  <6f0d123b-bad2-4167-a0d0-80224f25fabb>
  STRING transformNodeName;
  DWORD nWeights;
  array DWORD vertexIndices[nWeights];
  array float weights[nWeights];
  Matrix4x4 matrixOffset;
}

Frame Root {
  FrameTransformMatrix {
     1.000000, 0.000000, 0.000000, 0.000000,
     0.000000,-0.000000, 1.000000, 0.000000,
     0.000000, 1.000000, 0.000000, 0.000000,
     0.000000, 0.000000, 0.000000, 1.000000;;
  }
  Frame Armature {
    FrameTransformMatrix {
       1.000000, 0.000000, 0.000000, 0.000000,
       0.000000, 1.000000, 0.000000, 0.000000,
       0.000000, 0.000000, 1.000000, 0.000000,
       0.646283, 0.139235, 2.523954, 1.000000;;
    }
    Frame Armature_triipone {
      FrameTransformMatrix {
         0.990615, 0.000000,-0.136685, 0.000000,
         0.136685, 0.000000, 0.990615, 0.000000,
         0.000000,-1.000000,-0.000000, 0.000000,
        -0.330420,-0.130307,-0.650801, 1.000000;;
      }
      Frame Armature__1 {
        FrameTransformMatrix {
          -0.000000, 0.000000,-1.000000, 0.000000,
          -0.414676,-0.909969,-0.000000, 0.000000,
          -0.909969, 0.414676, 0.000000, 0.000000,
          -1.197447, 1.478562,-0.000000, 1.000000;;
        }
        Frame Armature__2 {
          FrameTransformMatrix {
             0.999994,-0.001951,-0.002959, 0.000000,
             0.001500, 0.989394,-0.145251, 0.000000,
             0.003211, 0.145246, 0.989390, 0.000000,
             0.000000, 1.065894, 0.000000, 1.000000;;
          }
          Frame Armature__3 {
            FrameTransformMatrix {
               1.000000,-0.000000, 0.000000, 0.000000,
              -0.000000, 0.958493, 0.285117, 0.000000,
              -0.000000,-0.285117, 0.958493, 0.000000,
               0.000000, 1.254402, 0.000000, 1.000000;;
            }
            Frame Armature__4 {
              FrameTransformMatrix {
                 0.998261, 0.038452,-0.044687, 0.000000,
                -0.003655, 0.796911, 0.604085, 0.000000,
                 0.058840,-0.602871, 0.795666, 0.000000,
                 0.000000, 1.250431, 0.000000, 1.000000;;
              }
              Frame Armature__5 {
                FrameTransformMatrix {
                   0.999962, 0.008043, 0.003255, 0.000000,
                  -0.008610, 0.966141, 0.257871, 0.000000,
                  -0.001071,-0.257890, 0.966174, 0.000000,
                   0.000000, 1.240390, 0.000000, 1.000000;;
                }
                Frame Armature__7 {
                  FrameTransformMatrix {
                     0.629818, 0.776548,-0.017398, 0.000000,
                    -0.776363, 0.628651,-0.045368, 0.000000,
                    -0.024293, 0.042081, 0.998819, 0.000000,
                     0.000000, 0.624415, 0.000001, 1.000000;;
                  }
                } // End of Armature__7
                Frame Armature__8 {
                  FrameTransformMatrix {
                     0.572467,-0.819582,-0.023794, 0.000000,
                     0.819897, 0.572456, 0.007938, 0.000000,
                     0.007115,-0.024053, 0.999685, 0.000000,
                     0.000000, 0.624415, 0.000001, 1.000000;;
                  }
                } // End of Armature__8
              } // End of Armature__5
            } // End of Armature__4
          } // End of Armature__3
        } // End of Armature__2
      } // End of Armature__1
      Frame Armature_coscial {
        FrameTransformMatrix {
           0.967235, 0.253912, 0.004720, 0.000000,
           0.253919,-0.967225,-0.001678, 0.000000,
           0.004139, 0.002822,-0.999987, 0.000000,
          -0.280018,-0.036710,-0.939366, 1.000000;;
        }
        Frame Armature_tibial {
          FrameTransformMatrix {
             0.828762, 0.559588,-0.003749, 0.000000,
            -0.559485, 0.828435,-0.025919, 0.000000,
            -0.011398, 0.023578, 0.999657, 0.000000,
             0.000000, 0.870844, 0.000000, 1.000000;;
          }
          Frame Armature_piedel {
            FrameTransformMatrix {
               0.004631,-0.009519,-0.999944, 0.000000,
               0.975966,-0.217825, 0.006594, 0.000000,
              -0.217876,-0.975942, 0.008282, 0.000000,
               0.000000, 0.862877,-0.000000, 1.000000;;
            }
            Frame Armature_ditl {
              FrameTransformMatrix {
                 0.999985,-0.005442,-0.001082, 0.000000,
                 0.005545, 0.972733, 0.231863, 0.000000,
                -0.000209,-0.231865, 0.972748, 0.000000,
                -0.000000, 0.405034, 0.000000, 1.000000;;
              }
              Frame Armature_unl {
                FrameTransformMatrix {
                   1.000000, 0.000000, 0.000000, 0.000000,
                   0.000000, 0.766290,-0.642495, 0.000000,
                  -0.000000, 0.642495, 0.766290, 0.000000,
                  -0.000000, 0.989975,-0.000000, 1.000000;;
                }
              } // End of Armature_unl
            } // End of Armature_ditl
          } // End of Armature_piedel
        } // End of Armature_tibial
      } // End of Armature_coscial
      Frame Armature_cosciar {
        FrameTransformMatrix {
           0.931207, 0.364510, 0.004713, 0.000000,
           0.364520,-0.931195,-0.001674, 0.000000,
           0.003779, 0.003277,-0.999987, 0.000000,
          -0.283624,-0.040055, 1.027972, 1.000000;;
        }
        Frame Armature_tibiar {
          FrameTransformMatrix {
             0.812980, 0.582291,-0.000905, 0.000000,
            -0.582291, 0.812980,-0.000489, 0.000000,
             0.000451, 0.000925, 0.999999, 0.000000,
             0.000000, 0.870844, 0.000000, 1.000000;;
          }
          Frame Armature_pieder {
            FrameTransformMatrix {
               0.001672, 0.000578,-0.999999, 0.000000,
               0.975850,-0.218437, 0.001505, 0.000000,
              -0.218436,-0.975851,-0.000929, 0.000000,
              -0.000000, 0.862877, 0.000000, 1.000000;;
            }
            Frame Armature_ditr {
              FrameTransformMatrix {
                 1.000000,-0.000546, 0.000444, 0.000000,
                 0.000499, 0.995018, 0.099693, 0.000000,
                -0.000496,-0.099693, 0.995018, 0.000000,
                -0.000000, 0.405034,-0.000000, 1.000000;;
              }
              Frame Armature_unr {
                FrameTransformMatrix {
                   1.000000, 0.000000, 0.000000, 0.000000,
                   0.000000, 0.919876,-0.392211, 0.000000,
                  -0.000000, 0.392211, 0.919875, 0.000000,
                  -0.000000, 0.989975, 0.000000, 1.000000;;
                }
              } // End of Armature_unr
            } // End of Armature_ditr
          } // End of Armature_pieder
        } // End of Armature_tibiar
      } // End of Armature_cosciar
      Frame Armature_torace {
        FrameTransformMatrix {
           0.767336, 0.641245, 0.000000, 0.000000,
          -0.641245, 0.767336,-0.000000, 0.000000,
          -0.000000,-0.000000, 1.000000, 0.000000,
          -0.000000, 2.417374,-0.000000, 1.000000;;
        }
        Frame Armature_collo {
          FrameTransformMatrix {
             0.841194,-0.540733,-0.000000, 0.000000,
             0.540733, 0.841194,-0.000000, 0.000000,
             0.000000,-0.000000, 1.000000, 0.000000,
             0.000000, 1.147815,-0.000000, 1.000000;;
          }
          Frame Armature_boccagiù {
            FrameTransformMatrix {
               0.000000, 0.000000, 1.000000, 0.000000,
               0.946757,-0.321949, 0.000000, 0.000000,
               0.321949, 0.946757,-0.000000, 0.000000,
               0.690923, 1.056570,-0.000000, 1.000000;;
            }
          } // End of Armature_boccagiù
          Frame Armature_teta {
            FrameTransformMatrix {
               0.742938,-0.669361,-0.000000, 0.000000,
               0.669361, 0.742938,-0.000000, 0.000000,
               0.000000,-0.000000, 1.000000, 0.000000,
               0.000000, 0.924848,-0.000000, 1.000000;;
            }
            Frame Armature__1grug {
              FrameTransformMatrix {
                -0.000000, 0.000000, 1.000000, 0.000000,
                 0.729131, 0.684374, 0.000000, 0.000000,
                -0.684374, 0.729131,-0.000000, 0.000000,
                 0.000000, 1.087201,-0.000000, 1.000000;;
              }
              Frame Armature__2grugn {
                FrameTransformMatrix {
                   1.000000, 0.000000,-0.000000, 0.000000,
                  -0.000000, 0.999704,-0.024320, 0.000000,
                   0.000000, 0.024320, 0.999704, 0.000000,
                  -0.000000, 0.972058,-0.000000, 1.000000;;
                }
              } // End of Armature__2grugn
            } // End of Armature__1grug
            Frame Armature_orecl {
              FrameTransformMatrix {
                 0.732135, 0.681011,-0.014220, 0.000000,
                 0.663383,-0.717611,-0.212030, 0.000000,
                -0.154599, 0.145801,-0.977160, 0.000000,
                -1.284154, 1.306246,-0.978799, 1.000000;;
              }
            } // End of Armature_orecl
            Frame Armature_orecr {
              FrameTransformMatrix {
                -0.732049,-0.680936,-0.020737, 0.000000,
                 0.621112,-0.679622, 0.390299, 0.000000,
                -0.279862, 0.272839, 0.920454, 0.000000,
                -1.275197, 1.314577, 0.907556, 1.000000;;
              }
            } // End of Armature_orecr
          } // End of Armature_teta
        } // End of Armature_collo
        Frame Armature_omerol {
          FrameTransformMatrix {
            -0.205574,-0.478603, 0.853627, 0.000000,
            -0.475147,-0.713739,-0.514599, 0.000000,
             0.855555,-0.511386,-0.080681, 0.000000,
             0.078481, 0.995924,-0.894655, 1.000000;;
          }
          Frame Armature_aval {
            FrameTransformMatrix {
               0.895500,-0.442340, 0.049154, 0.000000,
               0.444065, 0.895417,-0.032172, 0.000000,
              -0.029782, 0.050637, 0.998273, 0.000000,
               0.000000, 1.656309, 0.000000, 1.000000;;
            }
            Frame Armature_manol {
              FrameTransformMatrix {
                 1.000000,-0.000000, 0.000000, 0.000000,
                 0.000000, 1.000000,-0.000000, 0.000000,
                 0.000000,-0.000000, 1.000000, 0.000000,
                 0.000000, 1.396533,-0.000000, 1.000000;;
              }
              Frame Armature_dital {
                FrameTransformMatrix {
                   1.000000,-0.000000, 0.000000, 0.000000,
                   0.000000, 0.994973,-0.100148, 0.000000,
                   0.000000, 0.100148, 0.994973, 0.000000,
                   0.000000, 0.385646, 0.000000, 1.000000;;
                }
                Frame Armature_unghiel {
                  FrameTransformMatrix {
                     1.000000,-0.000000,-0.000000, 0.000000,
                     0.000000, 0.765450,-0.643496, 0.000000,
                     0.000000, 0.643496, 0.765450, 0.000000,
                    -0.000000, 1.067249, 0.000000, 1.000000;;
                  }
                } // End of Armature_unghiel
              } // End of Armature_dital
            } // End of Armature_manol
          } // End of Armature_aval
        } // End of Armature_omerol
        Frame Armature_omeror {
          FrameTransformMatrix {
             0.245765, 0.449422, 0.858847, 0.000000,
            -0.428394,-0.744439, 0.512141, 0.000000,
             0.869528,-0.493792, 0.009573, 0.000000,
             0.078481, 0.995924, 0.987454, 1.000000;;
          }
          Frame Armature_avar {
            FrameTransformMatrix {
               0.864344, 0.502439,-0.021537, 0.000000,
              -0.502460, 0.864587, 0.004827, 0.000000,
               0.021046, 0.006649, 0.999756, 0.000000,
              -0.000000, 1.656222, 0.000000, 1.000000;;
            }
            Frame Armature_manor {
              FrameTransformMatrix {
                 1.000000, 0.000000,-0.000000, 0.000000,
                 0.000000, 1.000000,-0.000000, 0.000000,
                 0.000000, 0.000000, 1.000000, 0.000000,
                 0.000000, 1.396533,-0.000000, 1.000000;;
              }
              Frame Armature_unghier {
                FrameTransformMatrix {
                   1.000000, 0.000000,-0.000000, 0.000000,
                   0.000000, 1.000000,-0.000000, 0.000000,
                   0.000000, 0.000000, 1.000000, 0.000000,
                   0.000000, 0.385646,-0.000000, 1.000000;;
                }
                Frame Armature_ditar {
                  FrameTransformMatrix {
                     1.000000,-0.000000, 0.000000, 0.000000,
                     0.000000, 0.717241,-0.696825, 0.000000,
                    -0.000000, 0.696825, 0.717241, 0.000000,
                     0.000000, 1.067249, 0.000000, 1.000000;;
                  }
                } // End of Armature_ditar
              } // End of Armature_unghier
            } // End of Armature_manor
          } // End of Armature_avar
        } // End of Armature_omeror
      } // End of Armature_torace
    } // End of Armature_triipone
    Frame Cube {
      FrameTransformMatrix {
         1.000000, 0.000000, 0.000000, 0.000000,
         0.000000, 1.000000, 0.000000, 0.000000,
         0.000000,-0.000000, 1.000000, 0.000000,
        -0.333760,-0.139235, 0.268616, 1.000000;;
      }
      Mesh { // Cube mesh
        1392;
         4.363470;-1.191256; 2.342505;,
         4.363470;-1.252896; 2.342505;,
         3.316356;-1.252896; 2.342505;,
         3.316356;-1.191256; 2.342505;,
         4.363471;-1.191256; 2.392478;,
         3.316356;-1.191256; 2.392478;,
         3.316356;-1.252896; 2.392478;,
         4.363470;-1.252896; 2.392478;,
         4.363470;-1.191256; 2.342505;,
         4.363471;-1.191256; 2.392478;,
         4.363470;-1.252896; 2.392478;,
         4.363470;-1.252896; 2.342505;,
         4.363470;-1.252896; 2.342505;,
         4.363470;-1.252896; 2.392478;,
         3.316356;-1.252896; 2.392478;,
         3.316356;-1.252896; 2.342505;,
         3.316356;-1.252896; 2.342505;,
         3.316356;-1.252896; 2.392478;,
         3.316356;-1.191256; 2.392478;,
         3.316356;-1.191256; 2.342505;,
         4.363471;-1.191256; 2.392478;,
         4.363470;-1.191256; 2.342505;,
         3.316356;-1.191256; 2.342505;,
         3.316356;-1.191256; 2.392478;,
         4.363470;-1.096594; 2.342505;,
         4.363470;-1.158235; 2.342505;,
         3.316356;-1.158235; 2.342505;,
         3.316356;-1.096594; 2.342505;,
         4.363471;-1.096594; 2.392478;,
         3.316356;-1.096594; 2.392478;,
         3.316356;-1.158235; 2.392478;,
         4.363470;-1.158235; 2.392478;,
         4.363470;-1.096594; 2.342505;,
         4.363471;-1.096594; 2.392478;,
         4.363470;-1.158235; 2.392478;,
         4.363470;-1.158235; 2.342505;,
         4.363470;-1.158235; 2.342505;,
         4.363470;-1.158235; 2.392478;,
         3.316356;-1.158235; 2.392478;,
         3.316356;-1.158235; 2.342505;,
         3.316356;-1.158235; 2.342505;,
         3.316356;-1.158235; 2.392478;,
         3.316356;-1.096594; 2.392478;,
         3.316356;-1.096594; 2.342505;,
         4.363471;-1.096594; 2.392478;,
         4.363470;-1.096594; 2.342505;,
         3.316356;-1.096594; 2.342505;,
         3.316356;-1.096594; 2.392478;,
        -6.071067; 0.879518;-0.731480;,
        -6.071067; 0.067852;-0.731480;,
        -8.145183; 0.067852;-0.731480;,
        -8.145183; 0.879519;-0.731480;,
        -6.071067; 0.879518;-0.579970;,
        -8.145183; 0.879518;-0.579970;,
        -8.145183; 0.067852;-0.579970;,
        -6.071068; 0.067851;-0.579970;,
        -6.071067; 0.879518;-0.731480;,
        -6.071067; 0.879518;-0.579970;,
        -6.071068; 0.067851;-0.579970;,
        -6.071067; 0.067852;-0.731480;,
        -6.071067; 0.067852;-0.731480;,
        -6.071068; 0.067851;-0.579970;,
        -8.145183; 0.067852;-0.579970;,
        -8.145183; 0.067852;-0.731480;,
        -8.145183; 0.067852;-0.731480;,
        -8.145183; 0.067852;-0.579970;,
        -8.145183; 0.879518;-0.579970;,
        -8.145183; 0.879519;-0.731480;,
        -6.071067; 0.879518;-0.579970;,
        -6.071067; 0.879518;-0.731480;,
        -8.145183; 0.879519;-0.731480;,
        -8.145183; 0.879518;-0.579970;,
        -6.071067;-0.091380;-0.731480;,
        -6.071067;-0.903047;-0.731480;,
        -8.145183;-0.903047;-0.731480;,
        -8.145183;-0.091380;-0.731480;,
        -6.071067;-0.091380;-0.579970;,
        -8.145183;-0.091380;-0.579970;,
        -8.145183;-0.903047;-0.579970;,
        -6.071068;-0.903047;-0.579970;,
        -6.071067;-0.091380;-0.731480;,
        -6.071067;-0.091380;-0.579970;,
        -6.071068;-0.903047;-0.579970;,
        -6.071067;-0.903047;-0.731480;,
        -6.071067;-0.903047;-0.731480;,
        -6.071068;-0.903047;-0.579970;,
        -8.145183;-0.903047;-0.579970;,
        -8.145183;-0.903047;-0.731480;,
        -8.145183;-0.903047;-0.731480;,
        -8.145183;-0.903047;-0.579970;,
        -8.145183;-0.091380;-0.579970;,
        -8.145183;-0.091380;-0.731480;,
        -6.071067;-0.091380;-0.579970;,
        -6.071067;-0.091380;-0.731480;,
        -8.145183;-0.091380;-0.731480;,
        -8.145183;-0.091380;-0.579970;,
        -5.542231; 0.216057;-0.818189;,
        -5.542231;-0.216057;-0.818189;,
        -6.773467;-0.216057;-0.818189;,
        -6.773467; 0.216057;-0.818189;,
        -5.542231; 0.216057;-0.445119;,
        -6.773467; 0.216057;-0.445119;,
        -6.773467;-0.216057;-0.445119;,
        -5.542232;-0.216057;-0.445119;,
        -5.542231; 0.216057;-0.818189;,
        -5.542231; 0.216057;-0.445119;,
        -5.542232;-0.216057;-0.445119;,
        -5.542231;-0.216057;-0.818189;,
        -5.542231;-0.216057;-0.818189;,
        -5.542232;-0.216057;-0.445119;,
        -6.773467;-0.216057;-0.445119;,
        -6.773467;-0.216057;-0.818189;,
        -6.773467;-0.216057;-0.818189;,
        -6.773467;-0.216057;-0.445119;,
        -6.773467; 0.216057;-0.445119;,
        -6.773467; 0.216057;-0.818189;,
        -5.542231; 0.216057;-0.445119;,
        -5.542231; 0.216057;-0.818189;,
        -6.773467; 0.216057;-0.818189;,
        -6.773467; 0.216057;-0.445119;,
        -4.317932; 0.310442;-0.900356;,
        -4.317932;-0.310442;-0.900356;,
        -5.536564;-0.310442;-0.900356;,
        -5.536564; 0.310442;-0.900356;,
        -4.317932; 0.310442;-0.317331;,
        -5.536564; 0.310442;-0.317331;,
        -5.536564;-0.310442;-0.317331;,
        -4.317933;-0.310442;-0.317331;,
        -4.317932; 0.310442;-0.900356;,
        -4.317932; 0.310442;-0.317331;,
        -4.317933;-0.310442;-0.317331;,
        -4.317932;-0.310442;-0.900356;,
        -4.317932;-0.310442;-0.900356;,
        -4.317933;-0.310442;-0.317331;,
        -5.536564;-0.310442;-0.317331;,
        -5.536564;-0.310442;-0.900356;,
        -5.536564;-0.310442;-0.900356;,
        -5.536564;-0.310442;-0.317331;,
        -5.536564; 0.310442;-0.317331;,
        -5.536564; 0.310442;-0.900356;,
        -4.317932; 0.310442;-0.317331;,
        -4.317932; 0.310442;-0.900356;,
        -5.536564; 0.310442;-0.900356;,
        -5.536564; 0.310442;-0.317331;,
        -3.067662; 0.420866;-0.926466;,
        -3.067662;-0.420866;-0.926466;,
        -4.286294;-0.420866;-0.926466;,
        -4.286294; 0.420866;-0.926466;,
        -3.067662; 0.420866; 0.047061;,
        -4.286294; 0.420866; 0.047061;,
        -4.286294;-0.420866; 0.047061;,
        -3.067662;-0.420866; 0.047061;,
        -3.067662; 0.420866;-0.926466;,
        -3.067662; 0.420866; 0.047061;,
        -3.067662;-0.420866; 0.047061;,
        -3.067662;-0.420866;-0.926466;,
        -3.067662;-0.420866;-0.926466;,
        -3.067662;-0.420866; 0.047061;,
        -4.286294;-0.420866; 0.047061;,
        -4.286294;-0.420866;-0.926466;,
        -4.286294;-0.420866;-0.926466;,
        -4.286294;-0.420866; 0.047061;,
        -4.286294; 0.420866; 0.047061;,
        -4.286294; 0.420866;-0.926466;,
        -3.067662; 0.420866; 0.047061;,
        -3.067662; 0.420866;-0.926466;,
        -4.286294; 0.420866;-0.926466;,
        -4.286294; 0.420866; 0.047061;,
        -1.866722; 0.537318;-0.912769;,
        -1.866722;-0.537318;-0.912769;,
        -3.060975;-0.537318;-0.912769;,
        -3.060975; 0.537319;-0.912769;,
        -1.866721; 0.537318; 0.446694;,
        -3.060975; 0.537318; 0.446694;,
        -3.060975;-0.537318; 0.446694;,
        -1.866722;-0.537319; 0.446694;,
        -1.866722; 0.537318;-0.912769;,
        -1.866721; 0.537318; 0.446694;,
        -1.866722;-0.537319; 0.446694;,
        -1.866722;-0.537318;-0.912769;,
        -1.866722;-0.537318;-0.912769;,
        -1.866722;-0.537319; 0.446694;,
        -3.060975;-0.537318; 0.446694;,
        -3.060975;-0.537318;-0.912769;,
        -3.060975;-0.537318;-0.912769;,
        -3.060975;-0.537318; 0.446694;,
        -3.060975; 0.537318; 0.446694;,
        -3.060975; 0.537319;-0.912769;,
        -1.866721; 0.537318; 0.446694;,
        -1.866722; 0.537318;-0.912769;,
        -3.060975; 0.537319;-0.912769;,
        -3.060975; 0.537318; 0.446694;,
        -1.014545; 0.671352;-0.944013;,
        -1.014545;-0.671353;-0.944013;,
        -1.861744;-0.671352;-0.944013;,
        -1.861744; 0.671353;-0.944013;,
        -1.014545; 0.671352; 0.994904;,
        -1.861744; 0.671353; 0.994904;,
        -1.861744;-0.671352; 0.994904;,
        -1.014545;-0.671353; 0.994904;,
        -1.014545; 0.671352;-0.944013;,
        -1.014545; 0.671352; 0.994904;,
        -1.014545;-0.671353; 0.994904;,
        -1.014545;-0.671353;-0.944013;,
        -1.014545;-0.671353;-0.944013;,
        -1.014545;-0.671353; 0.994904;,
        -1.861744;-0.671352; 0.994904;,
        -1.861744;-0.671352;-0.944013;,
        -1.861744;-0.671352;-0.944013;,
        -1.861744;-0.671352; 0.994904;,
        -1.861744; 0.671353; 0.994904;,
        -1.861744; 0.671353;-0.944013;,
        -1.014545; 0.671352; 0.994904;,
        -1.014545; 0.671352;-0.944013;,
        -1.861744; 0.671353;-0.944013;,
        -1.861744; 0.671353; 0.994904;,
         1.576593;-0.995393; 2.254983;,
         1.576593;-1.259436; 2.254983;,
        -0.213330;-1.259436; 2.254983;,
        -0.213329;-0.995393; 2.254983;,
         1.576593;-0.995393; 2.528593;,
        -0.213330;-0.995393; 2.528593;,
        -0.213330;-1.259436; 2.528593;,
         1.576592;-1.259436; 2.528593;,
         1.576593;-0.995393; 2.254983;,
         1.576593;-0.995393; 2.528593;,
         1.576592;-1.259436; 2.528593;,
         1.576593;-1.259436; 2.254983;,
         1.576593;-1.259436; 2.254983;,
         1.576592;-1.259436; 2.528593;,
        -0.213330;-1.259436; 2.528593;,
        -0.213330;-1.259436; 2.254983;,
        -0.213330;-1.259436; 2.254983;,
        -0.213330;-1.259436; 2.528593;,
        -0.213330;-0.995393; 2.528593;,
        -0.213329;-0.995393; 2.254983;,
         1.576593;-0.995393; 2.528593;,
         1.576593;-0.995393; 2.254983;,
        -0.213329;-0.995393; 2.254983;,
        -0.213330;-0.995393; 2.528593;,
         2.985117;-1.024882; 2.272188;,
         2.985117;-1.229947; 2.272188;,
         1.581831;-1.229947; 2.272188;,
         1.581831;-1.024882; 2.272188;,
         2.985117;-1.024882; 2.501836;,
         1.581831;-1.024882; 2.501836;,
         1.581831;-1.229947; 2.501836;,
         2.985116;-1.229947; 2.501836;,
         2.985117;-1.024882; 2.272188;,
         2.985117;-1.024882; 2.501836;,
         2.985116;-1.229947; 2.501836;,
         2.985117;-1.229947; 2.272188;,
         2.985117;-1.229947; 2.272188;,
         2.985116;-1.229947; 2.501836;,
         1.581831;-1.229947; 2.501836;,
         1.581831;-1.229947; 2.272188;,
         1.581831;-1.229947; 2.272188;,
         1.581831;-1.229947; 2.501836;,
         1.581831;-1.024882; 2.501836;,
         1.581831;-1.024882; 2.272188;,
         2.985117;-1.024882; 2.501836;,
         2.985117;-1.024882; 2.272188;,
         1.581831;-1.024882; 2.272188;,
         1.581831;-1.024882; 2.501836;,
         3.308183;-0.985353; 2.312600;,
         3.308183;-1.269477; 2.312600;,
         2.984845;-1.269477; 2.312600;,
         2.984845;-0.985353; 2.312600;,
         3.308184;-0.985353; 2.438986;,
         2.984845;-0.985353; 2.438986;,
         2.984845;-1.269477; 2.438986;,
         3.308183;-1.269477; 2.438986;,
         3.308183;-0.985353; 2.312600;,
         3.308184;-0.985353; 2.438986;,
         3.308183;-1.269477; 2.438986;,
         3.308183;-1.269477; 2.312600;,
         3.308183;-1.269477; 2.312600;,
         3.308183;-1.269477; 2.438986;,
         2.984845;-1.269477; 2.438986;,
         2.984845;-1.269477; 2.312600;,
         2.984845;-1.269477; 2.312600;,
         2.984845;-1.269477; 2.438986;,
         2.984845;-0.985353; 2.438986;,
         2.984845;-0.985353; 2.312600;,
         3.308184;-0.985353; 2.438986;,
         3.308183;-0.985353; 2.312600;,
         2.984845;-0.985353; 2.312600;,
         2.984845;-0.985353; 2.438986;,
         4.603738;-1.114456; 2.347052;,
         4.603738;-1.140373; 2.347052;,
         4.361683;-1.140373; 2.347052;,
         4.361683;-1.114456; 2.347052;,
         4.603738;-1.114456; 2.385405;,
         4.361683;-1.114456; 2.385405;,
         4.361683;-1.140373; 2.385405;,
         4.603738;-1.140373; 2.385405;,
         4.603738;-1.114456; 2.347052;,
         4.603738;-1.114456; 2.385405;,
         4.603738;-1.140373; 2.385405;,
         4.603738;-1.140373; 2.347052;,
         4.603738;-1.140373; 2.347052;,
         4.603738;-1.140373; 2.385405;,
         4.361683;-1.140373; 2.385405;,
         4.361683;-1.140373; 2.347052;,
         4.361683;-1.140373; 2.347052;,
         4.361683;-1.140373; 2.385405;,
         4.361683;-1.114456; 2.385405;,
         4.361683;-1.114456; 2.347052;,
         4.603738;-1.114456; 2.385405;,
         4.603738;-1.114456; 2.347052;,
         4.361683;-1.114456; 2.347052;,
         4.361683;-1.114456; 2.385405;,
         4.603738;-1.012605; 2.347052;,
         4.603738;-1.038522; 2.347052;,
         4.361683;-1.038522; 2.347052;,
         4.361683;-1.012605; 2.347052;,
         4.603738;-1.012605; 2.385405;,
         4.361683;-1.012605; 2.385405;,
         4.361683;-1.038522; 2.385405;,
         4.603738;-1.038522; 2.385405;,
         4.603738;-1.012605; 2.347052;,
         4.603738;-1.012605; 2.385405;,
         4.603738;-1.038522; 2.385405;,
         4.603738;-1.038522; 2.347052;,
         4.603738;-1.038522; 2.347052;,
         4.603738;-1.038522; 2.385405;,
         4.361683;-1.038522; 2.385405;,
         4.361683;-1.038522; 2.347052;,
         4.361683;-1.038522; 2.347052;,
         4.361683;-1.038522; 2.385405;,
         4.361683;-1.012605; 2.385405;,
         4.361683;-1.012605; 2.347052;,
         4.603738;-1.012605; 2.385405;,
         4.603738;-1.012605; 2.347052;,
         4.361683;-1.012605; 2.347052;,
         4.361683;-1.012605; 2.385405;,
         4.363470;-0.994743; 2.342505;,
         4.363470;-1.056384; 2.342505;,
         3.316356;-1.056384; 2.342505;,
         3.316356;-0.994743; 2.342505;,
         4.363471;-0.994743; 2.392478;,
         3.316356;-0.994743; 2.392478;,
         3.316356;-1.056384; 2.392478;,
         4.363470;-1.056384; 2.392478;,
         4.363470;-0.994743; 2.342505;,
         4.363471;-0.994743; 2.392478;,
         4.363470;-1.056384; 2.392478;,
         4.363470;-1.056384; 2.342505;,
         4.363470;-1.056384; 2.342505;,
         4.363470;-1.056384; 2.392478;,
         3.316356;-1.056384; 2.392478;,
         3.316356;-1.056384; 2.342505;,
         3.316356;-1.056384; 2.342505;,
         3.316356;-1.056384; 2.392478;,
         3.316356;-0.994743; 2.392478;,
         3.316356;-0.994743; 2.342505;,
         4.363471;-0.994743; 2.392478;,
         4.363470;-0.994743; 2.342505;,
         3.316356;-0.994743; 2.342505;,
         3.316356;-0.994743; 2.392478;,
         4.603738;-1.209117; 2.347052;,
         4.603738;-1.235034; 2.347052;,
         4.361683;-1.235034; 2.347052;,
         4.361683;-1.209117; 2.347052;,
         4.603738;-1.209117; 2.385405;,
         4.361683;-1.209117; 2.385405;,
         4.361683;-1.235034; 2.385405;,
         4.603738;-1.235034; 2.385405;,
         4.603738;-1.209117; 2.347052;,
         4.603738;-1.209117; 2.385405;,
         4.603738;-1.235034; 2.385405;,
         4.603738;-1.235034; 2.347052;,
         4.603738;-1.235034; 2.347052;,
         4.603738;-1.235034; 2.385405;,
         4.361683;-1.235034; 2.385405;,
         4.361683;-1.235034; 2.347052;,
         4.361683;-1.235034; 2.347052;,
         4.361683;-1.235034; 2.385405;,
         4.361683;-1.209117; 2.385405;,
         4.361683;-1.209117; 2.347052;,
         4.603738;-1.209117; 2.385405;,
         4.603738;-1.209117; 2.347052;,
         4.361683;-1.209117; 2.347052;,
         4.361683;-1.209117; 2.385405;,
         4.603738; 1.058550; 2.347052;,
         4.603738; 1.032633; 2.347052;,
         4.361683; 1.032633; 2.347052;,
         4.361683; 1.058550; 2.347052;,
         4.603738; 1.058550; 2.385405;,
         4.361683; 1.058550; 2.385405;,
         4.361683; 1.032633; 2.385405;,
         4.603738; 1.032633; 2.385405;,
         4.603738; 1.058550; 2.347052;,
         4.603738; 1.058550; 2.385405;,
         4.603738; 1.032633; 2.385405;,
         4.603738; 1.032633; 2.347052;,
         4.603738; 1.032633; 2.347052;,
         4.603738; 1.032633; 2.385405;,
         4.361683; 1.032633; 2.385405;,
         4.361683; 1.032633; 2.347052;,
         4.361683; 1.032633; 2.347052;,
         4.361683; 1.032633; 2.385405;,
         4.361683; 1.058550; 2.385405;,
         4.361683; 1.058550; 2.347052;,
         4.603738; 1.058550; 2.385405;,
         4.603738; 1.058550; 2.347052;,
         4.361683; 1.058550; 2.347052;,
         4.361683; 1.058550; 2.385405;,
         4.363470; 1.076412; 2.342505;,
         4.363470; 1.014771; 2.342505;,
         3.316356; 1.014771; 2.342505;,
         3.316356; 1.076412; 2.342505;,
         4.363471; 1.076412; 2.392478;,
         3.316356; 1.076412; 2.392478;,
         3.316356; 1.014771; 2.392478;,
         4.363470; 1.014771; 2.392478;,
         4.363470; 1.076412; 2.342505;,
         4.363471; 1.076412; 2.392478;,
         4.363470; 1.014771; 2.392478;,
         4.363470; 1.014771; 2.342505;,
         4.363470; 1.014771; 2.342505;,
         4.363470; 1.014771; 2.392478;,
         3.316356; 1.014771; 2.392478;,
         3.316356; 1.014771; 2.342505;,
         3.316356; 1.014771; 2.342505;,
         3.316356; 1.014771; 2.392478;,
         3.316356; 1.076412; 2.392478;,
         3.316356; 1.076412; 2.342505;,
         4.363471; 1.076412; 2.392478;,
         4.363470; 1.076412; 2.342505;,
         3.316356; 1.076412; 2.342505;,
         3.316356; 1.076412; 2.392478;,
         4.363470; 1.272924; 2.342505;,
         4.363470; 1.211284; 2.342505;,
         3.316356; 1.211284; 2.342505;,
         3.316356; 1.272924; 2.342505;,
         4.363471; 1.272924; 2.392478;,
         3.316356; 1.272924; 2.392478;,
         3.316356; 1.211284; 2.392478;,
         4.363470; 1.211284; 2.392478;,
         4.363470; 1.272924; 2.342505;,
         4.363471; 1.272924; 2.392478;,
         4.363470; 1.211284; 2.392478;,
         4.363470; 1.211284; 2.342505;,
         4.363470; 1.211284; 2.342505;,
         4.363470; 1.211284; 2.392478;,
         3.316356; 1.211284; 2.392478;,
         3.316356; 1.211284; 2.342505;,
         3.316356; 1.211284; 2.342505;,
         3.316356; 1.211284; 2.392478;,
         3.316356; 1.272924; 2.392478;,
         3.316356; 1.272924; 2.342505;,
         4.363471; 1.272924; 2.392478;,
         4.363470; 1.272924; 2.342505;,
         3.316356; 1.272924; 2.342505;,
         3.316356; 1.272924; 2.392478;,
         4.603738; 1.255062; 2.347052;,
         4.603738; 1.229145; 2.347052;,
         4.361683; 1.229145; 2.347052;,
         4.361683; 1.255062; 2.347052;,
         4.603738; 1.255062; 2.385405;,
         4.361683; 1.255062; 2.385405;,
         4.361683; 1.229145; 2.385405;,
         4.603738; 1.229145; 2.385405;,
         4.603738; 1.255062; 2.347052;,
         4.603738; 1.255062; 2.385405;,
         4.603738; 1.229145; 2.385405;,
         4.603738; 1.229145; 2.347052;,
         4.603738; 1.229145; 2.347052;,
         4.603738; 1.229145; 2.385405;,
         4.361683; 1.229145; 2.385405;,
         4.361683; 1.229145; 2.347052;,
         4.361683; 1.229145; 2.347052;,
         4.361683; 1.229145; 2.385405;,
         4.361683; 1.255062; 2.385405;,
         4.361683; 1.255062; 2.347052;,
         4.603738; 1.255062; 2.385405;,
         4.603738; 1.255062; 2.347052;,
         4.361683; 1.255062; 2.347052;,
         4.361683; 1.255062; 2.385405;,
         4.603738; 1.153211; 2.347052;,
         4.603738; 1.127294; 2.347052;,
         4.361683; 1.127294; 2.347052;,
         4.361683; 1.153211; 2.347052;,
         4.603738; 1.153211; 2.385405;,
         4.361683; 1.153211; 2.385405;,
         4.361683; 1.127294; 2.385405;,
         4.603738; 1.127294; 2.385405;,
         4.603738; 1.153211; 2.347052;,
         4.603738; 1.153211; 2.385405;,
         4.603738; 1.127294; 2.385405;,
         4.603738; 1.127294; 2.347052;,
         4.603738; 1.127294; 2.347052;,
         4.603738; 1.127294; 2.385405;,
         4.361683; 1.127294; 2.385405;,
         4.361683; 1.127294; 2.347052;,
         4.361683; 1.127294; 2.347052;,
         4.361683; 1.127294; 2.385405;,
         4.361683; 1.153211; 2.385405;,
         4.361683; 1.153211; 2.347052;,
         4.603738; 1.153211; 2.385405;,
         4.603738; 1.153211; 2.347052;,
         4.361683; 1.153211; 2.347052;,
         4.361683; 1.153211; 2.385405;,
         4.363470; 1.171073; 2.342505;,
         4.363470; 1.109433; 2.342505;,
         3.316356; 1.109433; 2.342505;,
         3.316356; 1.171073; 2.342505;,
         4.363471; 1.171073; 2.392478;,
         3.316356; 1.171073; 2.392478;,
         3.316356; 1.109433; 2.392478;,
         4.363470; 1.109433; 2.392478;,
         4.363470; 1.171073; 2.342505;,
         4.363471; 1.171073; 2.392478;,
         4.363470; 1.109433; 2.392478;,
         4.363470; 1.109433; 2.342505;,
         4.363470; 1.109433; 2.342505;,
         4.363470; 1.109433; 2.392478;,
         3.316356; 1.109433; 2.392478;,
         3.316356; 1.109433; 2.342505;,
         3.316356; 1.109433; 2.342505;,
         3.316356; 1.109433; 2.392478;,
         3.316356; 1.171073; 2.392478;,
         3.316356; 1.171073; 2.342505;,
         4.363471; 1.171073; 2.392478;,
         4.363470; 1.171073; 2.342505;,
         3.316356; 1.171073; 2.342505;,
         3.316356; 1.171073; 2.392478;,
         3.308183; 1.282315; 2.312600;,
         3.308183; 0.998191; 2.312600;,
         2.984845; 0.998191; 2.312600;,
         2.984845; 1.282315; 2.312600;,
         3.308184; 1.282315; 2.438986;,
         2.984845; 1.282315; 2.438986;,
         2.984845; 0.998191; 2.438986;,
         3.308183; 0.998191; 2.438986;,
         3.308183; 1.282315; 2.312600;,
         3.308184; 1.282315; 2.438986;,
         3.308183; 0.998191; 2.438986;,
         3.308183; 0.998191; 2.312600;,
         3.308183; 0.998191; 2.312600;,
         3.308183; 0.998191; 2.438986;,
         2.984845; 0.998191; 2.438986;,
         2.984845; 0.998191; 2.312600;,
         2.984845; 0.998191; 2.312600;,
         2.984845; 0.998191; 2.438986;,
         2.984845; 1.282315; 2.438986;,
         2.984845; 1.282315; 2.312600;,
         3.308184; 1.282315; 2.438986;,
         3.308183; 1.282315; 2.312600;,
         2.984845; 1.282315; 2.312600;,
         2.984845; 1.282315; 2.438986;,
         2.985117; 1.242785; 2.272188;,
         2.985117; 1.037721; 2.272188;,
         1.581831; 1.037721; 2.272188;,
         1.581831; 1.242785; 2.272188;,
         2.985117; 1.242785; 2.501836;,
         1.581831; 1.242785; 2.501836;,
         1.581831; 1.037721; 2.501836;,
         2.985116; 1.037721; 2.501836;,
         2.985117; 1.242785; 2.272188;,
         2.985117; 1.242785; 2.501836;,
         2.985116; 1.037721; 2.501836;,
         2.985117; 1.037721; 2.272188;,
         2.985117; 1.037721; 2.272188;,
         2.985116; 1.037721; 2.501836;,
         1.581831; 1.037721; 2.501836;,
         1.581831; 1.037721; 2.272188;,
         1.581831; 1.037721; 2.272188;,
         1.581831; 1.037721; 2.501836;,
         1.581831; 1.242785; 2.501836;,
         1.581831; 1.242785; 2.272188;,
         2.985117; 1.242785; 2.501836;,
         2.985117; 1.242785; 2.272188;,
         1.581831; 1.242785; 2.272188;,
         1.581831; 1.242785; 2.501836;,
         1.576593; 1.272274; 2.254983;,
         1.576593; 1.008231; 2.254983;,
        -0.213330; 1.008232; 2.254983;,
        -0.213329; 1.272274; 2.254983;,
         1.576593; 1.272274; 2.528593;,
        -0.213330; 1.272274; 2.528593;,
        -0.213330; 1.008232; 2.528593;,
         1.576592; 1.008231; 2.528593;,
         1.576593; 1.272274; 2.254983;,
         1.576593; 1.272274; 2.528593;,
         1.576592; 1.008231; 2.528593;,
         1.576593; 1.008231; 2.254983;,
         1.576593; 1.008231; 2.254983;,
         1.576592; 1.008231; 2.528593;,
        -0.213330; 1.008232; 2.528593;,
        -0.213330; 1.008232; 2.254983;,
        -0.213330; 1.008232; 2.254983;,
        -0.213330; 1.008232; 2.528593;,
        -0.213330; 1.272274; 2.528593;,
        -0.213329; 1.272274; 2.254983;,
         1.576593; 1.272274; 2.528593;,
         1.576593; 1.272274; 2.254983;,
        -0.213329; 1.272274; 2.254983;,
        -0.213330; 1.272274; 2.528593;,
        -0.207788;-0.780867; 5.163340;,
        -0.207788;-1.850166; 5.163340;,
        -0.447937;-1.850165; 5.163340;,
        -0.447937;-0.780867; 5.163340;,
        -0.207788;-0.780867; 6.207094;,
        -0.447937;-0.780867; 6.207094;,
        -0.447937;-1.850165; 6.207094;,
        -0.207788;-1.850166; 6.207094;,
        -0.207788;-0.780867; 5.163340;,
        -0.207788;-0.780867; 6.207094;,
        -0.207788;-1.850166; 6.207094;,
        -0.207788;-1.850166; 5.163340;,
        -0.207788;-1.850166; 5.163340;,
        -0.207788;-1.850166; 6.207094;,
        -0.447937;-1.850165; 6.207094;,
        -0.447937;-1.850165; 5.163340;,
        -0.447937;-1.850165; 5.163340;,
        -0.447937;-1.850165; 6.207094;,
        -0.447937;-0.780867; 6.207094;,
        -0.447937;-0.780867; 5.163340;,
        -0.207788;-0.780867; 6.207094;,
        -0.207788;-0.780867; 5.163340;,
        -0.447937;-0.780867; 5.163340;,
        -0.447937;-0.780867; 6.207094;,
        -0.207788; 1.876198; 5.163340;,
        -0.207788; 0.806899; 5.163340;,
        -0.447937; 0.806899; 5.163340;,
        -0.447937; 1.876198; 5.163340;,
        -0.207788; 1.876198; 6.207094;,
        -0.447937; 1.876198; 6.207094;,
        -0.447937; 0.806899; 6.207094;,
        -0.207788; 0.806899; 6.207094;,
        -0.207788; 1.876198; 5.163340;,
        -0.207788; 1.876198; 6.207094;,
        -0.207788; 0.806899; 6.207094;,
        -0.207788; 0.806899; 5.163340;,
        -0.207788; 0.806899; 5.163340;,
        -0.207788; 0.806899; 6.207094;,
        -0.447937; 0.806899; 6.207094;,
        -0.447937; 0.806899; 5.163340;,
        -0.447937; 0.806899; 5.163340;,
        -0.447937; 0.806899; 6.207094;,
        -0.447937; 1.876198; 6.207094;,
        -0.447937; 1.876198; 5.163340;,
        -0.207788; 1.876198; 6.207094;,
        -0.207788; 1.876198; 5.163340;,
        -0.447937; 1.876198; 5.163340;,
        -0.447937; 1.876198; 6.207094;,
         1.406065; 0.398217; 3.491051;,
         1.406065; 0.264386; 3.491051;,
         1.240317; 0.264386; 3.491051;,
         1.240317; 0.398217; 3.491051;,
         1.406065; 0.398217; 3.990947;,
         1.240317; 0.398217; 3.990947;,
         1.240317; 0.264386; 3.990947;,
         1.406065; 0.264386; 3.990947;,
         1.406065; 0.398217; 3.491051;,
         1.406065; 0.398217; 3.990947;,
         1.406065; 0.264386; 3.990947;,
