xof 0303txt 0032

template XSkinMeshHeader {
  <3cf169ce-ff7c-44ab-93c0-f78f62d172e2>
  WORD nMaxSkinWeightsPerVertex;
  WORD nMaxSkinWeightsPerFace;
  WORD nBones;
}

template SkinWeights {
  <6f0d123b-bad2-4167-a0d0-80224f25fabb>
  STRING transformNodeName;
  DWORD nWeights;
  array DWORD vertexIndices[nWeights];
  array float weights[nWeights];
  Matrix4x4 matrixOffset;
}

Frame Root {
  FrameTransformMatrix {
     1.000000, 0.000000, 0.000000, 0.000000,
     0.000000,-0.000000, 1.000000, 0.000000,
     0.000000, 1.000000, 0.000000, 0.000000,
     0.000000, 0.000000, 0.000000, 1.000000;;
  }
  Frame Armature {
    FrameTransformMatrix {
       1.000000, 0.000000, 0.000000, 0.000000,
       0.000000, 1.000000, 0.000000, 0.000000,
       0.000000, 0.000000, 1.000000, 0.000000,
      -0.181898,-0.013525, 1.074223, 1.000000;;
    }
    Frame Armature__2 {
      FrameTransformMatrix {
         0.051613, 0.000000,-0.517772, 0.000000,
         0.517772,-0.000000, 0.051613, 0.000000,
         0.000000,-0.520338,-0.000000, 0.000000,
        -1.501218, 0.000000,-0.863445, 1.000000;;
      }
      Frame Armature_corpo_002 {
        FrameTransformMatrix {
           0.999808,-0.019590,-0.000000, 0.000000,
           0.019590, 0.999808, 0.000000, 0.000000,
           0.000000,-0.000000, 1.000000, 0.000000,
          -0.000000, 0.632309,-0.000000, 1.000000;;
        }
        Frame Armature__1 {
          FrameTransformMatrix {
             0.999907, 0.013613, 0.000000, 0.000000,
            -0.013613, 0.999907,-0.000000, 0.000000,
            -0.000000, 0.000000, 1.000000, 0.000000,
             0.000000, 1.711662, 0.000000, 1.000000;;
          }
          Frame Armature_facciagiu {
            FrameTransformMatrix {
              -0.000000,-0.000000, 1.000000, 0.000000,
               0.255189, 0.966891, 0.000000, 0.000000,
              -0.966891, 0.255189,-0.000000, 0.000000,
               0.248340, 1.151107, 0.000000, 1.000000;;
            }
          } // End of Armature_facciagiu
          Frame Armature_larm1 {
            FrameTransformMatrix {
              -0.067612, 0.985745,-0.154063, 0.000000,
               0.292209,-0.128080,-0.947739, 0.000000,
              -0.953961,-0.109097,-0.279384, 0.000000,
              -0.010508, 0.364154,-0.671656, 1.000000;;
            }
            Frame Armature_larm2 {
              FrameTransformMatrix {
                -0.003583,-0.999619,-0.027371, 0.000000,
                 0.695180, 0.017185,-0.718630, 0.000000,
                 0.718827,-0.021602, 0.694854, 0.000000,
                -0.000000, 0.650715, 0.000000, 1.000000;;
              }
              Frame Armature_ld1 {
                FrameTransformMatrix {
                   0.506904,-0.860469, 0.051394, 0.000000,
                   0.824128, 0.501248, 0.263749, 0.000000,
                  -0.252709,-0.091340, 0.963221, 0.000000,
                  -0.000000, 0.756885,-0.000000, 1.000000;;
                }
              } // End of Armature_ld1
              Frame Armature_ld2 {
                FrameTransformMatrix {
                   0.964729, 0.071338,-0.253394, 0.000000,
                   0.088228, 0.819285, 0.566557, 0.000000,
                   0.248019,-0.568931, 0.784095, 0.000000,
                  -0.000000, 0.756885,-0.000000, 1.000000;;
                }
              } // End of Armature_ld2
              Frame Armature_ld3 {
                FrameTransformMatrix {
                   0.091424, 0.986239,-0.137749, 0.000000,
                  -0.846561, 0.149816, 0.510773, 0.000000,
                   0.524382, 0.069916, 0.848608, 0.000000,
                  -0.000000, 0.756885,-0.000000, 1.000000;;
                }
              } // End of Armature_ld3
            } // End of Armature_larm2
          } // End of Armature_larm1
          Frame Armature_rarm1 {
            FrameTransformMatrix {
               0.079452, 0.993566,-0.080703, 0.000000,
               0.348637, 0.048150, 0.936020, 0.000000,
               0.933884,-0.102505,-0.342569, 0.000000,
              -0.010519, 0.363731, 0.613800, 1.000000;;
            }
            Frame Armature_rarm2 {
              FrameTransformMatrix {
                 0.675531,-0.584378,-0.449622, 0.000000,
                 0.736020, 0.498080, 0.458467, 0.000000,
                -0.043970,-0.640639, 0.766582, 0.000000,
                -0.000000, 0.745555,-0.000000, 1.000000;;
              }
              Frame Armature_rd1 {
                FrameTransformMatrix {
                  -0.273703, 0.959785,-0.062437, 0.000000,
                   0.897482, 0.278199, 0.342244, 0.000000,
                   0.345851, 0.037637,-0.937534, 0.000000,
                   0.000000, 0.642369,-0.000000, 1.000000;;
                }
              } // End of Armature_rd1
              Frame Armature_rd2 {
                FrameTransformMatrix {
                   0.801937,-0.587876, 0.106299, 0.000000,
                   0.594992, 0.769956,-0.230548, 0.000000,
                   0.053688, 0.248132, 0.967237, 0.000000,
                   0.000000, 0.642369,-0.000000, 1.000000;;
                }
              } // End of Armature_rd2
              Frame Armature_rd3 {
                FrameTransformMatrix {
                  -0.783713,-0.437731,-0.440664, 0.000000,
                   0.070441, 0.642249,-0.763252, 0.000000,
                   0.617115,-0.629211,-0.472505, 0.000000,
                   0.000000, 0.642369,-0.000000, 1.000000;;
                }
              } // End of Armature_rd3
            } // End of Armature_rarm2
          } // End of Armature_rarm1
          Frame Armature_testasu {
            FrameTransformMatrix {
              -0.000000,-0.000000, 1.000000, 0.000000,
              -0.187597, 0.982246,-0.000000, 0.000000,
              -0.982246,-0.187597,-0.000000, 0.000000,
               0.000000, 0.782942,-0.000000, 1.000000;;
            }
            Frame Armature_facciasu {
              FrameTransformMatrix {
                -0.000000,-0.311627,-0.950205, 0.000000,
                -0.000000, 0.950204,-0.311627, 0.000000,
                 1.000000,-0.000000,-0.000000, 0.000000,
                 0.000000, 0.272605,-0.000000, 1.000000;;
              }
            } // End of Armature_facciasu
          } // End of Armature_testasu
        } // End of Armature__1
      } // End of Armature_corpo_002
    } // End of Armature__2
    Frame Armature_coda {
      FrameTransformMatrix {
        -0.000000, 0.520338,-0.000000, 0.000000,
        -0.519922, 0.000000,-0.020807, 0.000000,
        -0.020807, 0.000000, 0.519922, 0.000000,
        -1.464059,-0.000000,-0.853392, 1.000000;;
      }
      Frame Armature_cosa1 {
        FrameTransformMatrix {
           1.000000,-0.000000, 0.000000, 0.000000,
          -0.000000, 0.992575, 0.121634, 0.000000,
          -0.000000,-0.121634, 0.992575, 0.000000,
          -0.000000, 1.368271, 0.000000, 1.000000;;
        }
        Frame Armature__3 {
          FrameTransformMatrix {
             0.002717,-0.791123, 0.611651, 0.000000,
            -0.003120, 0.611643, 0.791127, 0.000000,
            -0.999991,-0.004058,-0.000807, 0.000000,
             0.000000, 1.611263, 0.000000, 1.000000;;
          }
          Frame Armature__4 {
            FrameTransformMatrix {
               0.095964,-0.071581,-0.992808, 0.000000,
              -0.957139, 0.267190,-0.111780, 0.000000,
               0.273269, 0.960982,-0.042872, 0.000000,
              -0.000000, 0.264853,-0.000000, 1.000000;;
            }
            Frame Armature__5 {
              FrameTransformMatrix {
                 0.995988, 0.082124, 0.035536, 0.000000,
                -0.089391, 0.931176, 0.353440, 0.000000,
                -0.004065,-0.355199, 0.934782, 0.000000,
                 0.000000, 0.250403, 0.000000, 1.000000;;
              }
            } // End of Armature__5
          } // End of Armature__4
        } // End of Armature__3
      } // End of Armature_cosa1
    } // End of Armature_coda
    Frame Armature_rculo {
      FrameTransformMatrix {
        -0.504622,-0.121500,-0.036708, 0.000000,
         0.121955,-0.505840,-0.002211, 0.000000,
        -0.035169,-0.010748, 0.519037, 0.000000,
        -1.500423, 0.025305,-0.865157, 1.000000;;
      }
      Frame Armature_rsovr {
        FrameTransformMatrix {
          -0.885770,-0.463204, 0.029223, 0.000000,
          -0.458916, 0.864681,-0.204260, 0.000000,
           0.069345,-0.194339,-0.978480, 0.000000,
           0.000000, 0.637933, 0.000000, 1.000000;;
        }
        Frame Armature_rcoscia {
          FrameTransformMatrix {
             0.159600,-0.940030, 0.301449, 0.000000,
            -0.984911,-0.130928, 0.113173, 0.000000,
            -0.066918,-0.314963,-0.946742, 0.000000,
             0.000000, 0.632821,-0.000000, 1.000000;;
          }
          Frame Armature_rgamb {
            FrameTransformMatrix {
               0.324277,-0.931048,-0.167317, 0.000000,
              -0.890652,-0.240908,-0.385620, 0.000000,
               0.318722, 0.274068,-0.907360, 0.000000,
              -0.000000, 0.599690, 0.000000, 1.000000;;
            }
            Frame Armature_rp1 {
              FrameTransformMatrix {
                 0.857269, 0.485394,-0.171705, 0.000000,
                -0.500992, 0.863315,-0.060785, 0.000000,
                 0.118731, 0.138132, 0.983271, 0.000000,
                -0.000000, 0.374891, 0.000000, 1.000000;;
              }
            } // End of Armature_rp1
            Frame Armature_rp2 {
              FrameTransformMatrix {
                -0.984427, 0.168549, 0.049957, 0.000000,
                 0.162010, 0.980138,-0.114382, 0.000000,
                -0.068243,-0.104507,-0.992180, 0.000000,
                -0.000000, 0.374891, 0.000000, 1.000000;;
              }
            } // End of Armature_rp2
            Frame Armature_rp3 {
              FrameTransformMatrix {
                 0.776660,-0.618575, 0.119012, 0.000000,
                 0.627773, 0.775658,-0.065234, 0.000000,
                -0.051960, 0.125377, 0.990748, 0.000000,
                -0.000000, 0.374891, 0.000000, 1.000000;;
              }
            } // End of Armature_rp3
          } // End of Armature_rgamb
        } // End of Armature_rcoscia
      } // End of Armature_rsovr
    } // End of Armature_rculo
    Frame Armature_lculo {
      FrameTransformMatrix {
         0.513166,-0.078649, 0.035030, 0.000000,
         0.082076, 0.510821,-0.055475, 0.000000,
        -0.026004, 0.060236, 0.516185, 0.000000,
        -1.508795,-0.064252,-0.866200, 1.000000;;
      }
      Frame Armature_lsovr {
        FrameTransformMatrix {
           0.787124,-0.602043, 0.134090, 0.000000,
           0.615855, 0.755134,-0.224710, 0.000000,
           0.034029, 0.259454, 0.965156, 0.000000,
          -0.000000, 0.653857,-0.000000, 1.000000;;
        }
        Frame Armature_lcosc {
          FrameTransformMatrix {
            -0.129957, 0.737177, 0.663085, 0.000000,
            -0.952983,-0.277498, 0.121731, 0.000000,
             0.273742,-0.616089, 0.738579, 0.000000,
            -0.000000, 0.677615,-0.000000, 1.000000;;
          }
          Frame Armature_lgamb {
            FrameTransformMatrix {
               0.252975, 0.941989,-0.220592, 0.000000,
               0.815773,-0.330267,-0.474803, 0.000000,
              -0.520113,-0.059840,-0.851998, 0.000000,
               0.000000, 0.549846, 0.000000, 1.000000;;
            }
            Frame Armature_lp1 {
              FrameTransformMatrix {
                 0.689667,-0.715352, 0.112386, 0.000000,
                 0.716484, 0.696609, 0.037240, 0.000000,
                -0.104929, 0.054839, 0.992967, 0.000000,
                 0.000000, 0.391868,-0.000000, 1.000000;;
              }
            } // End of Armature_lp1
            Frame Armature_lp2 {
              FrameTransformMatrix {
                 0.989050,-0.063885, 0.133034, 0.000000,
                 0.065053, 0.997872,-0.004445, 0.000000,
                -0.132467, 0.013050, 0.991102, 0.000000,
                 0.000000, 0.391868,-0.000000, 1.000000;;
              }
            } // End of Armature_lp2
            Frame Armature_lp2_001 {
              FrameTransformMatrix {
                 0.813087, 0.582076, 0.008772, 0.000000,
                -0.565781, 0.786598, 0.247297, 0.000000,
                 0.137045,-0.206037, 0.968900, 0.000000,
                 0.000000, 0.391868,-0.000000, 1.000000;;
              }
            } // End of Armature_lp2_001
          } // End of Armature_lgamb
        } // End of Armature_lcosc
      } // End of Armature_lsovr
    } // End of Armature_lculo
    Frame Cube {
      FrameTransformMatrix {
         1.000000, 0.000000, 0.000000, 0.000000,
         0.000000, 1.000000, 0.000000, 0.000000,
         0.000000, 0.000000, 1.000000, 0.000000,
         0.181898, 0.013525,-0.444271, 1.000000;;
      }
      Mesh { // Cube mesh
        1152;
         0.476596;-2.578253;-0.142296;,
         0.476596;-1.969710;-0.142296;,
         0.560773;-1.969710;-0.142296;,
         0.560773;-2.578253;-0.142296;,
         0.476596;-2.578253;-0.086028;,
         0.560773;-2.578253;-0.086028;,
         0.560773;-1.969710;-0.086028;,
         0.476596;-1.969710;-0.086028;,
         0.476596;-2.578253;-0.142296;,
         0.476596;-2.578253;-0.086028;,
         0.476596;-1.969710;-0.086028;,
         0.476596;-1.969710;-0.142296;,
         0.476596;-1.969710;-0.142296;,
         0.476596;-1.969710;-0.086028;,
         0.560773;-1.969710;-0.086028;,
         0.560773;-1.969710;-0.142296;,
         0.560773;-1.969710;-0.142296;,
         0.560773;-1.969710;-0.086028;,
         0.560773;-2.578253;-0.086028;,
         0.560773;-2.578253;-0.142296;,
         0.476596;-2.578253;-0.086028;,
         0.476596;-2.578253;-0.142296;,
         0.560773;-2.578253;-0.142296;,
         0.560773;-2.578253;-0.086028;,
         0.730141;-2.564620;-0.142296;,
         0.730141;-1.956077;-0.142296;,
         0.814318;-1.956077;-0.142296;,
         0.814318;-2.564620;-0.142296;,
         0.730141;-2.564620;-0.086028;,
         0.814318;-2.564620;-0.086028;,
         0.814318;-1.956077;-0.086028;,
         0.730141;-1.956077;-0.086028;,
         0.730141;-2.564620;-0.142296;,
         0.730141;-2.564620;-0.086028;,
         0.730141;-1.956077;-0.086028;,
         0.730141;-1.956077;-0.142296;,
         0.730141;-1.956077;-0.142296;,
         0.730141;-1.956077;-0.086028;,
         0.814318;-1.956077;-0.086028;,
         0.814318;-1.956077;-0.142296;,
         0.814318;-1.956077;-0.142296;,
         0.814318;-1.956077;-0.086028;,
         0.814318;-2.564620;-0.086028;,
         0.814318;-2.564620;-0.142296;,
         0.730141;-2.564620;-0.086028;,
         0.730141;-2.564620;-0.142296;,
         0.814318;-2.564620;-0.142296;,
         0.814318;-2.564620;-0.086028;,
         0.598411;-2.626783;-0.142296;,
         0.598411;-2.018239;-0.142296;,
         0.682588;-2.018239;-0.142296;,
         0.682588;-2.626783;-0.142296;,
         0.598411;-2.626783;-0.086028;,
         0.682588;-2.626783;-0.086028;,
         0.682588;-2.018239;-0.086028;,
         0.598411;-2.018239;-0.086028;,
         0.598411;-2.626783;-0.142296;,
         0.598411;-2.626783;-0.086028;,
         0.598411;-2.018239;-0.086028;,
         0.598411;-2.018239;-0.142296;,
         0.598411;-2.018239;-0.142296;,
         0.598411;-2.018239;-0.086028;,
         0.682588;-2.018239;-0.086028;,
         0.682588;-2.018239;-0.142296;,
         0.682588;-2.018239;-0.142296;,
         0.682588;-2.018239;-0.086028;,
         0.682588;-2.626783;-0.086028;,
         0.682588;-2.626783;-0.142296;,
         0.598411;-2.626783;-0.086028;,
         0.598411;-2.626783;-0.142296;,
         0.682588;-2.626783;-0.142296;,
         0.682588;-2.626783;-0.086028;,
         0.506651;-1.365831;-0.162943;,
         0.506651;-0.521841;-0.162943;,
         0.768544;-0.521841;-0.162943;,
         0.768544;-1.365831;-0.162943;,
         0.506651;-1.365831;-0.015629;,
         0.768544;-1.365831;-0.015629;,
         0.768544;-0.521841;-0.015629;,
         0.506651;-0.521841;-0.015629;,
         0.506651;-1.365831;-0.162943;,
         0.506651;-1.365831;-0.015629;,
         0.506651;-0.521841;-0.015629;,
         0.506651;-0.521841;-0.162943;,
         0.506651;-0.521841;-0.162943;,
         0.506651;-0.521841;-0.015629;,
         0.768544;-0.521841;-0.015629;,
         0.768544;-0.521841;-0.162943;,
         0.768544;-0.521841;-0.162943;,
         0.768544;-0.521841;-0.015629;,
         0.768544;-1.365831;-0.015629;,
         0.768544;-1.365831;-0.162943;,
         0.506651;-1.365831;-0.015629;,
         0.506651;-1.365831;-0.162943;,
         0.768544;-1.365831;-0.162943;,
         0.768544;-1.365831;-0.015629;,
         0.555790;-2.032874;-0.133714;,
         0.555790;-1.367404;-0.133714;,
         0.719405;-1.367404;-0.133714;,
         0.719405;-2.032874;-0.133714;,
         0.555790;-2.032873;-0.044858;,
         0.719405;-2.032874;-0.044858;,
         0.719405;-1.367404;-0.044858;,
         0.555790;-1.367404;-0.044858;,
         0.555790;-2.032874;-0.133714;,
         0.555790;-2.032873;-0.044858;,
         0.555790;-1.367404;-0.044858;,
         0.555790;-1.367404;-0.133714;,
         0.555790;-1.367404;-0.133714;,
         0.555790;-1.367404;-0.044858;,
         0.719405;-1.367404;-0.044858;,
         0.719405;-1.367404;-0.133714;,
         0.719405;-1.367404;-0.133714;,
         0.719405;-1.367404;-0.044858;,
         0.719405;-2.032874;-0.044858;,
         0.719405;-2.032874;-0.133714;,
         0.555790;-2.032873;-0.044858;,
         0.555790;-2.032874;-0.133714;,
         0.719405;-2.032874;-0.133714;,
         0.719405;-2.032874;-0.044858;,
        -2.005750;-2.724921;-0.118637;,
        -2.005750;-2.140551;-0.118637;,
        -1.959563;-2.140551;-0.118637;,
        -1.959563;-2.724921;-0.118637;,
        -2.005750;-2.724921;-0.081566;,
        -1.959563;-2.724921;-0.081566;,
        -1.959563;-2.140551;-0.081566;,
        -2.005750;-2.140551;-0.081566;,
        -2.005750;-2.724921;-0.118637;,
        -2.005750;-2.724921;-0.081566;,
        -2.005750;-2.140551;-0.081566;,
        -2.005750;-2.140551;-0.118637;,
        -2.005750;-2.140551;-0.118637;,
        -2.005750;-2.140551;-0.081566;,
        -1.959563;-2.140551;-0.081566;,
        -1.959563;-2.140551;-0.118637;,
        -1.959563;-2.140551;-0.118637;,
        -1.959563;-2.140551;-0.081566;,
        -1.959563;-2.724921;-0.081566;,
        -1.959563;-2.724921;-0.118637;,
        -2.005750;-2.724921;-0.081566;,
        -2.005750;-2.724921;-0.118637;,
        -1.959563;-2.724921;-0.118637;,
        -1.959563;-2.724921;-0.081566;,
        -1.831259;-2.716620;-0.118637;,
        -1.831259;-2.132250;-0.118637;,
        -1.785072;-2.132250;-0.118637;,
        -1.785072;-2.716620;-0.118637;,
        -1.831259;-2.716620;-0.081566;,
        -1.785072;-2.716620;-0.081566;,
        -1.785072;-2.132250;-0.081566;,
        -1.831259;-2.132250;-0.081566;,
        -1.831259;-2.716620;-0.118637;,
        -1.831259;-2.716620;-0.081566;,
        -1.831259;-2.132250;-0.081566;,
        -1.831259;-2.132250;-0.118637;,
        -1.831259;-2.132250;-0.118637;,
        -1.831259;-2.132250;-0.081566;,
        -1.785072;-2.132250;-0.081566;,
        -1.785072;-2.132250;-0.118637;,
        -1.785072;-2.132250;-0.118637;,
        -1.785072;-2.132250;-0.081566;,
        -1.785072;-2.716620;-0.081566;,
        -1.785072;-2.716620;-0.118637;,
        -1.831259;-2.716620;-0.081566;,
        -1.831259;-2.716620;-0.118637;,
        -1.785072;-2.716620;-0.118637;,
        -1.785072;-2.716620;-0.081566;,
        -1.922590;-2.991820;-0.118637;,
        -1.922590;-2.407451;-0.118637;,
        -1.876403;-2.407451;-0.118637;,
        -1.876403;-2.991821;-0.118637;,
        -1.922590;-2.991820;-0.081566;,
        -1.876403;-2.991820;-0.081566;,
        -1.876403;-2.407451;-0.081566;,
        -1.922590;-2.407450;-0.081566;,
        -1.922590;-2.991820;-0.118637;,
        -1.922590;-2.991820;-0.081566;,
        -1.922590;-2.407450;-0.081566;,
        -1.922590;-2.407451;-0.118637;,
        -1.922590;-2.407451;-0.118637;,
        -1.922590;-2.407450;-0.081566;,
        -1.876403;-2.407451;-0.081566;,
        -1.876403;-2.407451;-0.118637;,
        -1.876403;-2.407451;-0.118637;,
        -1.876403;-2.407451;-0.081566;,
        -1.876403;-2.991820;-0.081566;,
        -1.876403;-2.991821;-0.118637;,
        -1.922590;-2.991820;-0.081566;,
        -1.922590;-2.991820;-0.118637;,
        -1.876403;-2.991821;-0.118637;,
        -1.876403;-2.991820;-0.081566;,
        -1.962850;-2.405365;-0.154952;,
        -1.962850;-1.857317;-0.154952;,
        -1.836142;-1.857317;-0.154952;,
        -1.836142;-2.405366;-0.154952;,
        -1.962850;-2.405365;-0.045251;,
        -1.836142;-2.405365;-0.045251;,
        -1.836142;-1.857317;-0.045251;,
        -1.962850;-1.857317;-0.045251;,
        -1.962850;-2.405365;-0.154952;,
        -1.962850;-2.405365;-0.045251;,
        -1.962850;-1.857317;-0.045251;,
        -1.962850;-1.857317;-0.154952;,
        -1.962850;-1.857317;-0.154952;,
        -1.962850;-1.857317;-0.045251;,
        -1.836142;-1.857317;-0.045251;,
        -1.836142;-1.857317;-0.154952;,
        -1.836142;-1.857317;-0.154952;,
        -1.836142;-1.857317;-0.045251;,
        -1.836142;-2.405365;-0.045251;,
        -1.836142;-2.405366;-0.154952;,
        -1.962850;-2.405365;-0.045251;,
        -1.962850;-2.405365;-0.154952;,
        -1.836142;-2.405366;-0.154952;,
        -1.836142;-2.405365;-0.045251;,
        -1.979209;-1.854926;-0.167377;,
        -1.979209;-1.306877;-0.167377;,
        -1.819784;-1.306877;-0.167377;,
        -1.819784;-1.854926;-0.167377;,
        -1.979209;-1.854925;-0.032826;,
        -1.819784;-1.854926;-0.032826;,
        -1.819784;-1.306877;-0.032826;,
        -1.979209;-1.306877;-0.032826;,
        -1.979209;-1.854926;-0.167377;,
        -1.979209;-1.854925;-0.032826;,
        -1.979209;-1.306877;-0.032826;,
        -1.979209;-1.306877;-0.167377;,
        -1.979209;-1.306877;-0.167377;,
        -1.979209;-1.306877;-0.032826;,
        -1.819784;-1.306877;-0.032826;,
        -1.819784;-1.306877;-0.167377;,
        -1.819784;-1.306877;-0.167377;,
        -1.819784;-1.306877;-0.032826;,
        -1.819784;-1.854926;-0.032826;,
        -1.819784;-1.854926;-0.167377;,
        -1.979209;-1.854925;-0.032826;,
        -1.979209;-1.854926;-0.167377;,
        -1.819784;-1.854926;-0.167377;,
        -1.819784;-1.854926;-0.032826;,
        -2.027088;-1.305581;-0.211636;,
        -2.027088;-0.610512;-0.211636;,
        -1.771904;-0.610512;-0.211636;,
        -1.771904;-1.305581;-0.211636;,
        -2.027088;-1.305581; 0.011433;,
        -1.771904;-1.305581; 0.011433;,
        -1.771904;-0.610512; 0.011433;,
        -2.027088;-0.610511; 0.011433;,
        -2.027088;-1.305581;-0.211636;,
        -2.027088;-1.305581; 0.011433;,
        -2.027088;-0.610511; 0.011433;,
        -2.027088;-0.610512;-0.211636;,
        -2.027088;-0.610512;-0.211636;,
        -2.027088;-0.610511; 0.011433;,
        -1.771904;-0.610512; 0.011433;,
        -1.771904;-0.610512;-0.211636;,
        -1.771904;-0.610512;-0.211636;,
        -1.771904;-0.610512; 0.011433;,
        -1.771904;-1.305581; 0.011433;,
        -1.771904;-1.305581;-0.211636;,
        -2.027088;-1.305581; 0.011433;,
        -2.027088;-1.305581;-0.211636;,
        -1.771904;-1.305581;-0.211636;,
        -1.771904;-1.305581; 0.011433;,
         0.798599; 2.471370;-0.115284;,
         0.798599; 1.982456;-0.115284;,
         0.714422; 1.982456;-0.115284;,
         0.714422; 2.471370;-0.115284;,
         0.798599; 2.471370;-0.059015;,
         0.714422; 2.471370;-0.059015;,
         0.714422; 1.982456;-0.059015;,
         0.798599; 1.982456;-0.059015;,
         0.798599; 2.471370;-0.115284;,
         0.798599; 2.471370;-0.059015;,
         0.798599; 1.982456;-0.059015;,
         0.798599; 1.982456;-0.115284;,
         0.798599; 1.982456;-0.115284;,
         0.798599; 1.982456;-0.059015;,
         0.714422; 1.982456;-0.059015;,
         0.714422; 1.982456;-0.115284;,
         0.714422; 1.982456;-0.115284;,
         0.714422; 1.982456;-0.059015;,
         0.714422; 2.471370;-0.059015;,
         0.714422; 2.471370;-0.115284;,
         0.798599; 2.471370;-0.059015;,
         0.798599; 2.471370;-0.115284;,
         0.714422; 2.471370;-0.115284;,
         0.714422; 2.471370;-0.059015;,
         0.545054; 2.457737;-0.115284;,
         0.545054; 1.968823;-0.115284;,
         0.460877; 1.968823;-0.115284;,
         0.460877; 2.457737;-0.115284;,
         0.545054; 2.457737;-0.059015;,
         0.460877; 2.457737;-0.059015;,
         0.460877; 1.968823;-0.059015;,
         0.545054; 1.968822;-0.059015;,
         0.545054; 2.457737;-0.115284;,
         0.545054; 2.457737;-0.059015;,
         0.545054; 1.968822;-0.059015;,
         0.545054; 1.968823;-0.115284;,
         0.545054; 1.968823;-0.115284;,
         0.545054; 1.968822;-0.059015;,
         0.460877; 1.968823;-0.059015;,
         0.460877; 1.968823;-0.115284;,
         0.460877; 1.968823;-0.115284;,
         0.460877; 1.968823;-0.059015;,
         0.460877; 2.457737;-0.059015;,
         0.460877; 2.457737;-0.115284;,
         0.545054; 2.457737;-0.059015;,
         0.545054; 2.457737;-0.115284;,
         0.460877; 2.457737;-0.115284;,
         0.460877; 2.457737;-0.059015;,
         0.676785; 2.519899;-0.115284;,
         0.676785; 2.030984;-0.115284;,
         0.592608; 2.030984;-0.115284;,
         0.592608; 2.519899;-0.115284;,
         0.676785; 2.519899;-0.059015;,
         0.592608; 2.519899;-0.059015;,
         0.592608; 2.030984;-0.059015;,
         0.676785; 2.030984;-0.059015;,
         0.676785; 2.519899;-0.115284;,
         0.676785; 2.519899;-0.059015;,
         0.676785; 2.030984;-0.059015;,
         0.676785; 2.030984;-0.115284;,
         0.676785; 2.030984;-0.115284;,
         0.676785; 2.030984;-0.059015;,
         0.592608; 2.030984;-0.059015;,
         0.592608; 2.030984;-0.115284;,
         0.592608; 2.030984;-0.115284;,
         0.592608; 2.030984;-0.059015;,
         0.592608; 2.519899;-0.059015;,
         0.592608; 2.519899;-0.115284;,
         0.676785; 2.519899;-0.059015;,
         0.676785; 2.519899;-0.115284;,
         0.592608; 2.519899;-0.115284;,
         0.592608; 2.519899;-0.059015;,
         0.768544; 1.361837;-0.185682;,
         0.768544; 0.517847;-0.185682;,
         0.506651; 0.517847;-0.185682;,
         0.506652; 1.361837;-0.185682;,
         0.768544; 1.361837;-0.038369;,
         0.506652; 1.361837;-0.038369;,
         0.506651; 0.517847;-0.038369;,
         0.768544; 0.517847;-0.038369;,
         0.768544; 1.361837;-0.185682;,
         0.768544; 1.361837;-0.038369;,
         0.768544; 0.517847;-0.038369;,
         0.768544; 0.517847;-0.185682;,
         0.768544; 0.517847;-0.185682;,
         0.768544; 0.517847;-0.038369;,
         0.506651; 0.517847;-0.038369;,
         0.506651; 0.517847;-0.185682;,
         0.506651; 0.517847;-0.185682;,
         0.506651; 0.517847;-0.038369;,
         0.506652; 1.361837;-0.038369;,
         0.506652; 1.361837;-0.185682;,
         0.768544; 1.361837;-0.038369;,
         0.768544; 1.361837;-0.185682;,
         0.506652; 1.361837;-0.185682;,
         0.506652; 1.361837;-0.038369;,
         0.719405; 2.028880;-0.156454;,
         0.719405; 1.363410;-0.156454;,
         0.555790; 1.363410;-0.156454;,
         0.555790; 2.028880;-0.156454;,
         0.719405; 2.028879;-0.067597;,
         0.555790; 2.028880;-0.067597;,
         0.555790; 1.363410;-0.067597;,
         0.719405; 1.363410;-0.067597;,
         0.719405; 2.028880;-0.156454;,
         0.719405; 2.028879;-0.067597;,
         0.719405; 1.363410;-0.067597;,
         0.719405; 1.363410;-0.156454;,
         0.719405; 1.363410;-0.156454;,
         0.719405; 1.363410;-0.067597;,
         0.555790; 1.363410;-0.067597;,
         0.555790; 1.363410;-0.156454;,
         0.555790; 1.363410;-0.156454;,
         0.555790; 1.363410;-0.067597;,
         0.555790; 2.028880;-0.067597;,
         0.555790; 2.028880;-0.156454;,
         0.719405; 2.028879;-0.067597;,
         0.719405; 2.028880;-0.156454;,
         0.555790; 2.028880;-0.156454;,
         0.555790; 2.028880;-0.067597;,
        -1.796417; 2.665706;-0.137309;,
        -1.796417; 2.146955;-0.137309;,
        -1.842604; 2.146955;-0.137309;,
        -1.842604; 2.665707;-0.137309;,
        -1.796417; 2.665706;-0.100238;,
        -1.842604; 2.665706;-0.100238;,
        -1.842604; 2.146955;-0.100238;,
        -1.796417; 2.146955;-0.100238;,
        -1.796417; 2.665706;-0.137309;,
        -1.796417; 2.665706;-0.100238;,
        -1.796417; 2.146955;-0.100238;,
        -1.796417; 2.146955;-0.137309;,
        -1.796417; 2.146955;-0.137309;,
        -1.796417; 2.146955;-0.100238;,
        -1.842604; 2.146955;-0.100238;,
        -1.842604; 2.146955;-0.137309;,
        -1.842604; 2.146955;-0.137309;,
        -1.842604; 2.146955;-0.100238;,
        -1.842604; 2.665706;-0.100238;,
        -1.842604; 2.665707;-0.137309;,
        -1.796417; 2.665706;-0.100238;,
        -1.796417; 2.665706;-0.137309;,
        -1.842604; 2.665707;-0.137309;,
        -1.842604; 2.665706;-0.100238;,
        -1.970907; 2.657405;-0.137309;,
        -1.970907; 2.138654;-0.137309;,
        -2.017094; 2.138654;-0.137309;,
        -2.017094; 2.657405;-0.137309;,
        -1.970907; 2.657405;-0.100238;,
        -2.017094; 2.657405;-0.100238;,
        -2.017094; 2.138654;-0.100238;,
        -1.970907; 2.138653;-0.100238;,
        -1.970907; 2.657405;-0.137309;,
        -1.970907; 2.657405;-0.100238;,
        -1.970907; 2.138653;-0.100238;,
        -1.970907; 2.138654;-0.137309;,
        -1.970907; 2.138654;-0.137309;,
        -1.970907; 2.138653;-0.100238;,
        -2.017094; 2.138654;-0.100238;,
        -2.017094; 2.138654;-0.137309;,
        -2.017094; 2.138654;-0.137309;,
        -2.017094; 2.138654;-0.100238;,
        -2.017094; 2.657405;-0.100238;,
        -2.017094; 2.657405;-0.137309;,
        -1.970907; 2.657405;-0.100238;,
        -1.970907; 2.657405;-0.137309;,
        -2.017094; 2.657405;-0.137309;,
        -2.017094; 2.657405;-0.100238;,
        -1.879577; 2.934875;-0.137309;,
        -1.879577; 2.416123;-0.137309;,
        -1.925764; 2.416123;-0.137309;,
        -1.925764; 2.934875;-0.137309;,
        -1.879577; 2.934875;-0.100238;,
        -1.925764; 2.934875;-0.100238;,
        -1.925764; 2.416123;-0.100238;,
        -1.879577; 2.416123;-0.100238;,
        -1.879577; 2.934875;-0.137309;,
        -1.879577; 2.934875;-0.100238;,
        -1.879577; 2.416123;-0.100238;,
        -1.879577; 2.416123;-0.137309;,
        -1.879577; 2.416123;-0.137309;,
        -1.879577; 2.416123;-0.100238;,
        -1.925764; 2.416123;-0.100238;,
        -1.925764; 2.416123;-0.137309;,
        -1.925764; 2.416123;-0.137309;,
        -1.925764; 2.416123;-0.100238;,
        -1.925764; 2.934875;-0.100238;,
        -1.925764; 2.934875;-0.137309;,
        -1.879577; 2.934875;-0.100238;,
        -1.879577; 2.934875;-0.137309;,
        -1.925764; 2.934875;-0.137309;,
        -1.925764; 2.934875;-0.100238;,
        -1.839316; 2.414038;-0.173624;,
        -1.839316; 1.865989;-0.173624;,
        -1.966025; 1.865989;-0.173624;,
        -1.966025; 2.414038;-0.173624;,
        -1.839316; 2.414038;-0.063923;,
        -1.966025; 2.414038;-0.063923;,
        -1.966025; 1.865989;-0.063923;,
        -1.839316; 1.865989;-0.063923;,
        -1.839316; 2.414038;-0.173624;,
        -1.839316; 2.414038;-0.063923;,
        -1.839316; 1.865989;-0.063923;,
        -1.839316; 1.865989;-0.173624;,
        -1.839316; 1.865989;-0.173624;,
        -1.839316; 1.865989;-0.063923;,
        -1.966025; 1.865989;-0.063923;,
        -1.966025; 1.865989;-0.173624;,
        -1.966025; 1.865989;-0.173624;,
        -1.966025; 1.865989;-0.063923;,
        -1.966025; 2.414038;-0.063923;,
        -1.966025; 2.414038;-0.173624;,
        -1.839316; 2.414038;-0.063923;,
        -1.839316; 2.414038;-0.173624;,
        -1.966025; 2.414038;-0.173624;,
        -1.966025; 2.414038;-0.063923;,
        -1.822958; 1.863598;-0.186049;,
        -1.822958; 1.315549;-0.186049;,
        -1.982383; 1.315549;-0.186049;,
        -1.982383; 1.863598;-0.186049;,
        -1.822958; 1.863598;-0.051498;,
        -1.982383; 1.863598;-0.051498;,
        -1.982383; 1.315549;-0.051498;,
        -1.822958; 1.315549;-0.051498;,
        -1.822958; 1.863598;-0.186049;,
        -1.822958; 1.863598;-0.051498;,
        -1.822958; 1.315549;-0.051498;,
        -1.822958; 1.315549;-0.186049;,
        -1.822958; 1.315549;-0.186049;,
        -1.822958; 1.315549;-0.051498;,
        -1.982383; 1.315549;-0.051498;,
        -1.982383; 1.315549;-0.186049;,
        -1.982383; 1.315549;-0.186049;,
        -1.982383; 1.315549;-0.051498;,
        -1.982383; 1.863598;-0.051498;,
        -1.982383; 1.863598;-0.186049;,
        -1.822958; 1.863598;-0.051498;,
        -1.822958; 1.863598;-0.186049;,
        -1.982383; 1.863598;-0.186049;,
        -1.982383; 1.863598;-0.051498;,
        -1.775078; 1.314254;-0.230308;,
        -1.775078; 0.619184;-0.230308;,
        -2.030262; 0.619184;-0.230308;,
        -2.030262; 1.314254;-0.230308;,
        -1.775078; 1.314254;-0.007239;,
        -2.030262; 1.314254;-0.007239;,
        -2.030262; 0.619184;-0.007239;,
        -1.775079; 0.619184;-0.007239;,
        -1.775078; 1.314254;-0.230308;,
        -1.775078; 1.314254;-0.007239;,
        -1.775079; 0.619184;-0.007239;,
        -1.775078; 0.619184;-0.230308;,
        -1.775078; 0.619184;-0.230308;,
        -1.775079; 0.619184;-0.007239;,
        -2.030262; 0.619184;-0.007239;,
        -2.030262; 0.619184;-0.230308;,
        -2.030262; 0.619184;-0.230308;,
        -2.030262; 0.619184;-0.007239;,
        -2.030262; 1.314254;-0.007239;,
        -2.030262; 1.314254;-0.230308;,
        -1.775078; 1.314254;-0.007239;,
        -1.775078; 1.314254;-0.230308;,
        -2.030262; 1.314254;-0.230308;,
        -2.030262; 1.314254;-0.007239;,
        -3.503829; 0.028565; 0.045338;,
        -3.503829;-0.028565; 0.045338;,
        -4.401544;-0.028565; 0.045338;,
        -4.401544; 0.028565; 0.045338;,
        -3.503829; 0.028565; 0.291830;,
        -4.401544; 0.028565; 0.291830;,
        -4.401545;-0.028565; 0.291830;,
        -3.503829;-0.028565; 0.291830;,
        -3.503829; 0.028565; 0.045338;,
        -3.503829; 0.028565; 0.291830;,
        -3.503829;-0.028565; 0.291830;,
        -3.503829;-0.028565; 0.045338;,
        -3.503829;-0.028565; 0.045338;,
        -3.503829;-0.028565; 0.291830;,
        -4.401545;-0.028565; 0.291830;,
        -4.401544;-0.028565; 0.045338;,
        -4.401544;-0.028565; 0.045338;,
        -4.401545;-0.028565; 0.291830;,
        -4.401544; 0.028565; 0.291830;,
        -4.401544; 0.028565; 0.045338;,
        -3.503829; 0.028565; 0.291830;,
        -3.503829; 0.028565; 0.045338;,
        -4.401544; 0.028565; 0.045338;,
        -4.401544; 0.028565; 0.291830;,
        -2.226135; 0.059686; 0.168053;,
        -2.226135;-0.059686; 0.168053;,
        -3.506083;-0.059686; 0.168053;,
        -3.506083; 0.059686; 0.168053;,
        -2.226135; 0.059686; 0.422426;,
        -3.506083; 0.059686; 0.422426;,
        -3.506083;-0.059686; 0.422426;,
        -2.226135;-0.059686; 0.422426;,
        -2.226135; 0.059686; 0.168053;,
        -2.226135; 0.059686; 0.422426;,
        -2.226135;-0.059686; 0.422426;,
        -2.226135;-0.059686; 0.168053;,
        -2.226135;-0.059686; 0.168053;,
        -2.226135;-0.059686; 0.422426;,
        -3.506083;-0.059686; 0.422426;,
        -3.506083;-0.059686; 0.168053;,
        -3.506083;-0.059686; 0.168053;,
        -3.506083;-0.059686; 0.422426;,
        -3.506083; 0.059686; 0.422426;,
        -3.506083; 0.059686; 0.168053;,
        -2.226135; 0.059686; 0.422426;,
        -2.226135; 0.059686; 0.168053;,
        -3.506083; 0.059686; 0.168053;,
        -3.506083; 0.059686; 0.422426;,
        -3.491057; 0.142692;-0.137186;,
        -3.491057;-0.142692;-0.137186;,
        -5.222628;-0.142692;-0.137186;,
        -5.222628; 0.142692;-0.137186;,
        -3.491057; 0.142692; 0.042365;,
        -5.222628; 0.142692; 0.042365;,
        -5.222629;-0.142692; 0.042365;,
        -3.491057;-0.142692; 0.042365;,
        -3.491057; 0.142692;-0.137186;,
        -3.491057; 0.142692; 0.042365;,
        -3.491057;-0.142692; 0.042365;,
        -3.491057;-0.142692;-0.137186;,
        -3.491057;-0.142692;-0.137186;,
        -3.491057;-0.142692; 0.042365;,
        -5.222629;-0.142692; 0.042365;,
        -5.222628;-0.142692;-0.137186;,
        -5.222628;-0.142692;-0.137186;,
        -5.222629;-0.142692; 0.042365;,
        -5.222628; 0.142692; 0.042365;,
        -5.222628; 0.142692;-0.137186;,
        -3.491057; 0.142692; 0.042365;,
        -3.491057; 0.142692;-0.137186;,
        -5.222628; 0.142692;-0.137186;,
        -5.222628; 0.142692; 0.042365;,
        -2.217771; 0.387185;-0.187409;,
        -2.217771;-0.387186;-0.187409;,
        -3.505038;-0.387185;-0.187409;,
        -3.505038; 0.387186;-0.187409;,
        -2.217770; 0.387185; 0.163709;,
        -3.505038; 0.387185; 0.163709;,
        -3.505038;-0.387185; 0.163709;,
        -2.217771;-0.387186; 0.163709;,
        -2.217771; 0.387185;-0.187409;,
        -2.217770; 0.387185; 0.163709;,
        -2.217771;-0.387186; 0.163709;,
        -2.217771;-0.387186;-0.187409;,
        -2.217771;-0.387186;-0.187409;,
        -2.217771;-0.387186; 0.163709;,
        -3.505038;-0.387185; 0.163709;,
        -3.505038;-0.387185;-0.187409;,
        -3.505038;-0.387185;-0.187409;,
        -3.505038;-0.387185; 0.163709;,
        -3.505038; 0.387185; 0.163709;,
        -3.505038; 0.387186;-0.187409;,
        -2.217770; 0.387185; 0.163709;,
        -2.217771; 0.387185;-0.187409;,
        -3.505038; 0.387186;-0.187409;,
        -3.505038; 0.387185; 0.163709;,
         0.205897; 0.052946; 0.233724;,
         0.205897;-0.052946; 0.233724;,
        -1.407866;-0.052946; 0.233724;,
        -1.407866; 0.052946; 0.233724;,
         0.205898; 0.052946; 0.664290;,
        -1.407866; 0.052946; 0.664290;,
        -1.407867;-0.052946; 0.664290;,
         0.205896;-0.052946; 0.664290;,
         0.205897; 0.052946; 0.233724;,
         0.205898; 0.052946; 0.664290;,
         0.205896;-0.052946; 0.664290;,
         0.205897;-0.052946; 0.233724;,
         0.205897;-0.052946; 0.233724;,
         0.205896;-0.052946; 0.664290;,
        -1.407867;-0.052946; 0.664290;,
        -1.407866;-0.052946; 0.233724;,
        -1.407866;-0.052946; 0.233724;,
        -1.407867;-0.052946; 0.664290;,
        -1.407866; 0.052946; 0.664290;,
        -1.407866; 0.052946; 0.233724;,
         0.205898; 0.052946; 0.664290;,
         0.205897; 0.052946; 0.233724;,
        -1.407866; 0.052946; 0.233724;,
        -1.407866; 0.052946; 0.664290;,
         1.019858; 0.034824; 0.233724;,
         1.019858;-0.034824; 0.233724;,
         0.207509;-0.034824; 0.233724;,
         0.207510; 0.034824; 0.233724;,
         1.019858; 0.034824; 0.562431;,
         0.207509; 0.034824; 0.562431;,
         0.207509;-0.034824; 0.562431;,
         1.019857;-0.034824; 0.562431;,
         1.019858; 0.034824; 0.233724;,
         1.019858; 0.034824; 0.562431;,
         1.019857;-0.034824; 0.562431;,
         1.019858;-0.034824; 0.233724;,
         1.019858;-0.034824; 0.233724;,
         1.019857;-0.034824; 0.562431;,
         0.207509;-0.034824; 0.562431;,
         0.207509;-0.034824; 0.233724;,
         0.207509;-0.034824; 0.233724;,
         0.207509;-0.034824; 0.562431;,
         0.207509; 0.034824; 0.562431;,
         0.207510; 0.034824; 0.233724;,
         1.019858; 0.034824; 0.562431;,
         1.019858; 0.034824; 0.233724;,
         0.207510; 0.034824; 0.233724;,
         0.207509; 0.034824; 0.562431;,
         1.015795; 0.625489;-0.260135;,
         1.015795;-0.625489;-0.260135;,
         0.204922;-0.625489;-0.260135;,
         0.204923; 0.625489;-0.260135;,
