xof 0303txt 0032

template XSkinMeshHeader {
  <3cf169ce-ff7c-44ab-93c0-f78f62d172e2>
  WORD nMaxSkinWeightsPerVertex;
  WORD nMaxSkinWeightsPerFace;
  WORD nBones;
}

template SkinWeights {
  <6f0d123b-bad2-4167-a0d0-80224f25fabb>
  STRING transformNodeName;
  DWORD nWeights;
  array DWORD vertexIndices[nWeights];
  array float weights[nWeights];
  Matrix4x4 matrixOffset;
}

Frame Root {
  FrameTransformMatrix {
     1.000000, 0.000000, 0.000000, 0.000000,
     0.000000,-0.000000, 1.000000, 0.000000,
     0.000000, 1.000000, 0.000000, 0.000000,
     0.000000, 0.000000, 0.000000, 1.000000;;
  }
  Frame Armature {
    FrameTransformMatrix {
       1.000000, 0.000000, 0.000000, 0.000000,
       0.000000, 1.000000, 0.000000, 0.000000,
       0.000000, 0.000000, 1.000000, 0.000000,
       0.006137, 1.181147, 0.174671, 1.000000;;
    }
    Frame Armature__1 {
      FrameTransformMatrix {
         1.000000,-0.000000,-0.000000, 0.000000,
         0.000000, 0.991412,-0.130773, 0.000000,
         0.000000, 0.130773, 0.991412, 0.000000,
         0.000000,-1.072040, 0.794815, 1.000000;;
      }
      Frame Armature_a1 {
        FrameTransformMatrix {
           0.262186, 0.031277,-0.964511, 0.000000,
          -0.933379, 0.262045,-0.245226, 0.000000,
           0.245075, 0.964549, 0.097897, 0.000000,
          -0.097650, 0.998407,-0.337673, 1.000000;;
        }
        Frame Armature_a2 {
          FrameTransformMatrix {
             0.057087,-0.122937, 0.990771, 0.000000,
            -0.314205, 0.939749, 0.134710, 0.000000,
            -0.947637,-0.318996, 0.015020, 0.000000,
            -0.000000, 0.647838,-0.000000, 1.000000;;
          }
          Frame Armature_a3 {
            FrameTransformMatrix {
               0.985183, 0.005693,-0.171414, 0.000000,
               0.045976, 0.954103, 0.295929, 0.000000,
               0.165231,-0.299425, 0.939704, 0.000000,
              -0.000000, 0.706673, 0.000000, 1.000000;;
            }
            Frame Armature_a4 {
              FrameTransformMatrix {
                 0.774790, 0.451266, 0.442787, 0.000000,
                 0.334053, 0.302407,-0.892725, 0.000000,
                -0.536759, 0.839589, 0.083555, 0.000000,
                 0.000000, 0.440951,-0.000000, 1.000000;;
              }
              Frame Armature_a5 {
                FrameTransformMatrix {
                   0.935695, 0.072404,-0.345301, 0.000000,
                   0.151831, 0.800814, 0.579349, 0.000000,
                   0.318469,-0.594521, 0.738324, 0.000000,
                   0.000000, 0.494510, 0.000000, 1.000000;;
                }
              } // End of Armature_a5
            } // End of Armature_a4
          } // End of Armature_a3
        } // End of Armature_a2
      } // End of Armature_a1
      Frame Armature_b1 {
        FrameTransformMatrix {
           0.215124, 0.070531,-0.974036, 0.000000,
          -0.935291,-0.272089,-0.226270, 0.000000,
          -0.280983, 0.959684, 0.007434, 0.000000,
          -0.085461, 0.736279,-0.347201, 1.000000;;
        }
        Frame Armature_b2 {
          FrameTransformMatrix {
            -0.054456,-0.009006, 0.998476, 0.000000,
            -0.321718, 0.946793,-0.009006, 0.000000,
            -0.945268,-0.321718,-0.054456, 0.000000,
             0.000000, 0.746334,-0.000000, 1.000000;;
          }
          Frame Armature_b3 {
            FrameTransformMatrix {
               0.998985,-0.005998, 0.044651, 0.000000,
              -0.005999, 0.964562, 0.263788, 0.000000,
              -0.044651,-0.263788, 0.963547, 0.000000,
              -0.000000, 0.774299,-0.000000, 1.000000;;
            }
            Frame Armature_b4 {
              FrameTransformMatrix {
                 0.959569,-0.238860,-0.148908, 0.000000,
                -0.238860,-0.411141,-0.879721, 0.000000,
                 0.148908, 0.879721,-0.451573, 0.000000,
                 0.000000, 0.485520, 0.000000, 1.000000;;
              }
              Frame Armature_b5 {
                FrameTransformMatrix {
                   0.989083,-0.064497, 0.132497, 0.000000,
                  -0.064497, 0.618964, 0.782766, 0.000000,
                  -0.132497,-0.782766, 0.608047, 0.000000,
                   0.000000, 0.556599, 0.000000, 1.000000;;
                }
              } // End of Armature_b5
            } // End of Armature_b4
          } // End of Armature_b3
        } // End of Armature_b2
      } // End of Armature_b1
      Frame Armature_c1 {
        FrameTransformMatrix {
           0.182512,-0.983200, 0.002799, 0.000000,
           0.961122, 0.179012, 0.210236, 0.000000,
          -0.207205,-0.035680, 0.977647, 0.000000,
           0.361527, 1.178065,-0.180521, 1.000000;;
        }
        Frame Armature_c2 {
          FrameTransformMatrix {
             0.895934,-0.442616, 0.037333, 0.000000,
             0.435441, 0.891782, 0.122950, 0.000000,
            -0.087713,-0.093899, 0.991710, 0.000000,
            -0.000000, 0.207531,-0.000000, 1.000000;;
          }
          Frame Armature_c3 {
            FrameTransformMatrix {
              -0.422373, 0.902965, 0.079086, 0.000000,
              -0.899157,-0.428414, 0.089315, 0.000000,
               0.114530,-0.033387, 0.992859, 0.000000,
              -0.000000, 0.545780,-0.000000, 1.000000;;
            }
            Frame Armature_c4 {
              FrameTransformMatrix {
                 0.163443, 0.492304,-0.854940, 0.000000,
                -0.790669, 0.583648, 0.184928, 0.000000,
                 0.590025, 0.645749, 0.484643, 0.000000,
                -0.000000, 0.572768, 0.000000, 1.000000;;
              }
              Frame Armature_c5 {
                FrameTransformMatrix {
                  -0.127286,-0.007651, 0.991837, 0.000000,
                   0.167281, 0.985480, 0.029070, 0.000000,
                  -0.977658, 0.169615,-0.124159, 0.000000,
                   0.181264, 0.439509, 0.026179, 1.000000;;
                }
              } // End of Armature_c5
              Frame Armature_c6 {
                FrameTransformMatrix {
                  -0.129292,-0.059041, 0.989847, 0.000000,
                  -0.152388, 0.987551, 0.038999, 0.000000,
                  -0.979827,-0.145798,-0.136679, 0.000000,
                   0.000000, 0.576710, 0.000000, 1.000000;;
                }
                Frame Armature_c7 {
                  FrameTransformMatrix {
                     0.999661, 0.025951, 0.001940, 0.000000,
                    -0.018191, 0.750175,-0.660989, 0.000000,
                    -0.018609, 0.660730, 0.750393, 0.000000,
                    -0.000000, 0.239840,-0.000000, 1.000000;;
                  }
                } // End of Armature_c7
              } // End of Armature_c6
            } // End of Armature_c4
          } // End of Armature_c3
        } // End of Armature_c2
      } // End of Armature_c1
      Frame Armature_c11 {
        FrameTransformMatrix {
           0.505243, 0.862078,-0.039380, 0.000000,
          -0.851787, 0.505497, 0.137591, 0.000000,
           0.138520,-0.035974, 0.989706, 0.000000,
          -0.370517, 1.178064,-0.180521, 1.000000;;
        }
        Frame Armature_c22 {
          FrameTransformMatrix {
             0.388442, 0.916480,-0.095800, 0.000000,
            -0.921469, 0.386015,-0.043447, 0.000000,
            -0.002838, 0.105154, 0.994452, 0.000000,
             0.000000, 0.174029, 0.000000, 1.000000;;
          }
          Frame Armature_c33 {
            FrameTransformMatrix {
              -0.278757,-0.958667,-0.057030, 0.000000,
               0.957632,-0.281948, 0.058704, 0.000000,
              -0.072357,-0.038250, 0.996645, 0.000000,
               0.000000, 0.545519, 0.000000, 1.000000;;
            }
            Frame Armature_c44 {
              FrameTransformMatrix {
                 0.294488,-0.757158,-0.583085, 0.000000,
                 0.950115, 0.297571, 0.093450, 0.000000,
                 0.102753,-0.581518, 0.807018, 0.000000,
                -0.000000, 0.662927, 0.000000, 1.000000;;
              }
              Frame Armature_c55 {
                FrameTransformMatrix {
                   1.000000, 0.000000, 0.000000, 0.000000,
                  -0.000000, 0.986585,-0.163246, 0.000000,
                   0.000000, 0.163246, 0.986585, 0.000000,
                  -0.000000, 0.451864,-0.182126, 1.000000;;
                }
              } // End of Armature_c55
              Frame Armature_c66 {
                FrameTransformMatrix {
                   0.999930,-0.010211,-0.005991, 0.000000,
                   0.011575, 0.949440, 0.313735, 0.000000,
                   0.002484,-0.313782, 0.949492, 0.000000,
                  -0.000000, 0.599212, 0.000000, 1.000000;;
                }
                Frame Armature_c77 {
                  FrameTransformMatrix {
                     0.999658, 0.026001,-0.002705, 0.000000,
                    -0.013913, 0.441572,-0.897118, 0.000000,
                    -0.022132, 0.896849, 0.441783, 0.000000,
                    -0.000000, 0.232791, 0.000000, 1.000000;;
                  }
                } // End of Armature_c77
              } // End of Armature_c66
            } // End of Armature_c44
          } // End of Armature_c33
        } // End of Armature_c22
      } // End of Armature_c11
      Frame Armature_d1 {
        FrameTransformMatrix {
          -0.023460, 0.344593,-0.938459, 0.000000,
          -0.663279,-0.707723,-0.243288, 0.000000,
          -0.748004, 0.616753, 0.245165, 0.000000,
          -0.105622, 0.430761,-0.356114, 1.000000;;
        }
        Frame Armature_d2 {
          FrameTransformMatrix {
            -0.248053,-0.033856, 0.968155, 0.000000,
            -0.263716, 0.964006,-0.033856, 0.000000,
            -0.932161,-0.263716,-0.248053, 0.000000,
            -0.000000, 0.902923, 0.000000, 1.000000;;
          }
          Frame Armature_d3 {
            FrameTransformMatrix {
               0.825486,-0.293799, 0.481929, 0.000000,
               0.162521, 0.941407, 0.295534, 0.000000,
              -0.540519,-0.165635, 0.824866, 0.000000,
               0.000000, 0.980521, 0.000000, 1.000000;;
            }
            Frame Armature_d4 {
              FrameTransformMatrix {
                -0.321554,-0.912087, 0.254364, 0.000000,
                -0.607633,-0.007264,-0.794185, 0.000000,
                 0.726213,-0.409933,-0.551878, 0.000000,
                -0.000000, 0.621319, 0.000000, 1.000000;;
              }
              Frame Armature_d5 {
                FrameTransformMatrix {
                   0.839660, 0.364763, 0.402392, 0.000000,
                  -0.298395, 0.928890,-0.219374, 0.000000,
                  -0.453797, 0.064128, 0.888794, 0.000000,
                  -0.000000, 0.705502, 0.000000, 1.000000;;
                }
              } // End of Armature_d5
            } // End of Armature_d4
          } // End of Armature_d3
        } // End of Armature_d2
      } // End of Armature_d1
      Frame Armature_e1 {
        FrameTransformMatrix {
          -0.010741, 0.263945,-0.964478, 0.000000,
          -0.356548,-0.902145,-0.242915, 0.000000,
          -0.934215, 0.341273, 0.103799, 0.000000,
          -0.115244, 0.028776,-0.372917, 1.000000;;
        }
        Frame Armature_e2 {
          FrameTransformMatrix {
             0.070544, 0.005713, 0.997492, 0.000000,
            -0.160709, 0.986985, 0.005713, 0.000000,
            -0.984478,-0.160709, 0.070544, 0.000000,
            -0.000000, 1.104272,-0.000000, 1.000000;;
          }
          Frame Armature_e3 {
            FrameTransformMatrix {
               0.990312, 0.022070,-0.137093, 0.000000,
               0.022070, 0.949722, 0.312315, 0.000000,
               0.137093,-0.312315, 0.940035, 0.000000,
              -0.000000, 1.210758, 0.000000, 1.000000;;
            }
            Frame Armature_e4 {
              FrameTransformMatrix {
                -0.089959, 0.973575, 0.209903, 0.000000,
                 0.127591, 0.220286,-0.967054, 0.000000,
                -0.987739,-0.060214,-0.144036, 0.000000,
                -0.000000, 0.735391, 0.000000, 1.000000;;
              }
              Frame Armature_e5 {
                FrameTransformMatrix {
                   0.854053,-0.495563,-0.158150, 0.000000,
                   0.516037, 0.845458, 0.137500, 0.000000,
                   0.065569,-0.199044, 0.977795, 0.000000,
                   0.000000, 0.851209, 0.000000, 1.000000;;
                }
              } // End of Armature_e5
            } // End of Armature_e4
          } // End of Armature_e3
        } // End of Armature_e2
      } // End of Armature_e1
      Frame Armature_f1 {
        FrameTransformMatrix {
           0.170423,-0.980114,-0.101653, 0.000000,
           0.945963, 0.191617,-0.261604, 0.000000,
           0.275880,-0.051577, 0.959807, 0.000000,
           0.072763, 0.991774,-0.337914, 1.000000;;
        }
        Frame Armature_f2 {
          FrameTransformMatrix {
             0.985446, 0.157680, 0.063512, 0.000000,
            -0.167563, 0.963945, 0.206721, 0.000000,
            -0.028627,-0.214355, 0.976336, 0.000000,
            -0.000000, 0.645636,-0.000000, 1.000000;;
          }
          Frame Armature_f3 {
            FrameTransformMatrix {
               0.963950, 0.129127, 0.232653, 0.000000,
              -0.250046, 0.738563, 0.626100, 0.000000,
              -0.090983,-0.661703, 0.744225, 0.000000,
              -0.000000, 0.737336,-0.000000, 1.000000;;
            }
            Frame Armature_f4 {
              FrameTransformMatrix {
                 0.612732,-0.750026,-0.249038, 0.000000,
                -0.417403,-0.039550,-0.907860, 0.000000,
                 0.671070, 0.660224,-0.337297, 0.000000,
                -0.000000, 0.419341,-0.000000, 1.000000;;
              }
              Frame Armature_f5 {
                FrameTransformMatrix {
                   0.748762, 0.599023,-0.283773, 0.000000,
                  -0.581253, 0.799158, 0.153271, 0.000000,
                   0.318592, 0.050181, 0.946563, 0.000000,
                   0.000000, 0.502256,-0.000000, 1.000000;;
                }
              } // End of Armature_f5
            } // End of Armature_f4
          } // End of Armature_f3
        } // End of Armature_f2
      } // End of Armature_f1
      Frame Armature_g1 {
        FrameTransformMatrix {
          -0.321727,-0.946830, 0.002196, 0.000000,
           0.921201,-0.313552,-0.230376, 0.000000,
           0.218816,-0.072095, 0.973099, 0.000000,
           0.112135, 0.743674,-0.346932, 1.000000;;
        }
        Frame Armature_g2 {
          FrameTransformMatrix {
             0.999072, 0.004393,-0.042834, 0.000000,
             0.004393, 0.979191, 0.202894, 0.000000,
             0.042834,-0.202894, 0.978263, 0.000000,
            -0.000000, 0.693356, 0.000000, 1.000000;;
          }
          Frame Armature_g3 {
            FrameTransformMatrix {
               0.997395, 0.012338,-0.071065, 0.000000,
               0.012337, 0.941561, 0.336617, 0.000000,
               0.071065,-0.336618, 0.938956, 0.000000,
               0.000000, 0.792566,-0.000000, 1.000000;;
            }
            Frame Armature_g4 {
              FrameTransformMatrix {
                 0.961544, 0.182156, 0.205554, 0.000000,
                 0.182156, 0.137176,-0.973654, 0.000000,
                -0.205554, 0.973654, 0.098720, 0.000000,
                 0.000000, 0.460520,-0.000000, 1.000000;;
              }
              Frame Armature_g5 {
                FrameTransformMatrix {
                   0.988296, 0.055439,-0.142119, 0.000000,
                   0.055439, 0.737399, 0.673179, 0.000000,
                   0.142119,-0.673179, 0.725695, 0.000000,
                  -0.000000, 0.571708,-0.000000, 1.000000;;
                }
              } // End of Armature_g5
            } // End of Armature_g4
          } // End of Armature_g3
        } // End of Armature_g2
      } // End of Armature_g1
      Frame Armature_h1 {
        FrameTransformMatrix {
          -0.774160,-0.579390,-0.254920, 0.000000,
           0.630684,-0.740367,-0.232581, 0.000000,
          -0.053979,-0.340829, 0.938574, 0.000000,
           0.096186, 0.408865,-0.361293, 1.000000;;
        }
        Frame Armature_h2 {
          FrameTransformMatrix {
             0.928293, 0.032580,-0.370419, 0.000000,
             0.023126, 0.989168, 0.144956, 0.000000,
             0.371129,-0.143128, 0.917484, 0.000000,
            -0.000000, 0.885289,-0.000000, 1.000000;;
          }
          Frame Armature_h3 {
            FrameTransformMatrix {
               0.974254, 0.191078,-0.119657, 0.000000,
              -0.141730, 0.931836, 0.334057, 0.000000,
               0.175332,-0.308497, 0.934927, 0.000000,
              -0.000000, 0.996881,-0.000000, 1.000000;;
            }
            Frame Armature_h4 {
              FrameTransformMatrix {
                 0.567806, 0.558733, 0.604494, 0.000000,
                 0.472714, 0.379869,-0.795136, 0.000000,
                -0.673898, 0.737236,-0.048429, 0.000000,
                 0.000000, 0.602451,-0.000000, 1.000000;;
              }
              Frame Armature_h5 {
                FrameTransformMatrix {
                   0.952056, 0.080043,-0.295266, 0.000000,
                   0.047935, 0.914211, 0.402394, 0.000000,
                   0.302144,-0.397255, 0.866543, 0.000000,
                   0.000000, 0.716735,-0.000000, 1.000000;;
                }
              } // End of Armature_h5
            } // End of Armature_h4
          } // End of Armature_h3
        } // End of Armature_h2
      } // End of Armature_h1
      Frame Armature_l1 {
        FrameTransformMatrix {
          -0.934535,-0.332497,-0.126851, 0.000000,
           0.354347,-0.902373,-0.245276, 0.000000,
          -0.032913,-0.274168, 0.961118, 0.000000,
           0.134594, 0.031804,-0.372807, 1.000000;;
        }
        Frame Armature_l2 {
          FrameTransformMatrix {
             0.986370,-0.134497, 0.094791, 0.000000,
             0.117893, 0.979542, 0.163088, 0.000000,
            -0.114786,-0.149690, 0.982047, 0.000000,
            -0.000000, 1.074581, 0.000000, 1.000000;;
          }
          Frame Armature_l3 {
            FrameTransformMatrix {
               0.987484, 0.046523, 0.150700, 0.000000,
              -0.112040, 0.879422, 0.462671, 0.000000,
              -0.111005,-0.473765, 0.873627, 0.000000,
               0.000000, 1.197614, 0.000000, 1.000000;;
            }
            Frame Armature_l4 {
              FrameTransformMatrix {
                 0.851437,-0.356588,-0.384578, 0.000000,
                -0.417938,-0.018338,-0.908291, 0.000000,
                 0.316833, 0.934082,-0.164645, 0.000000,
                -0.000000, 0.733284,-0.000000, 1.000000;;
              }
              Frame Armature_l5 {
                FrameTransformMatrix {
                   0.971144,-0.094930, 0.218785, 0.000000,
                  -0.055507, 0.802206, 0.594461, 0.000000,
                  -0.231943,-0.589451, 0.773789, 0.000000,
                  -0.000000, 0.856991,-0.000000, 1.000000;;
                }
              } // End of Armature_l5
            } // End of Armature_l4
          } // End of Armature_l3
        } // End of Armature_l2
      } // End of Armature_l1
      Frame Armature_lbg {
        FrameTransformMatrix {
           0.988773,-0.027103, 0.146946, 0.000000,
           0.060508, 0.971800,-0.227913, 0.000000,
          -0.136625, 0.234245, 0.962529, 0.000000,
          -0.125821, 1.099695,-0.054851, 1.000000;;
        }
      } // End of Armature_lbg
      Frame Armature_lbs {
        FrameTransformMatrix {
           0.976550, 0.115584, 0.181632, 0.000000,
          -0.133755, 0.986812, 0.091167, 0.000000,
          -0.168699,-0.113324, 0.979131, 0.000000,
          -0.125821, 1.093858, 0.105740, 1.000000;;
        }
      } // End of Armature_lbs
      Frame Armature_lo {
        FrameTransformMatrix {
           1.000000, 0.000000, 0.000000, 0.000000,
          -0.000000, 0.494795, 0.869010, 0.000000,
           0.000000,-0.869010, 0.494795, 0.000000,
          -0.148198, 0.952352, 0.086544, 1.000000;;
        }
      } // End of Armature_lo
      Frame Armature_rbg {
        FrameTransformMatrix {
           0.999239, 0.033319,-0.020288, 0.000000,
          -0.033346, 0.999443,-0.000989, 0.000000,
           0.020244, 0.001665, 0.999794, 0.000000,
           0.105276, 1.099695,-0.054851, 1.000000;;
        }
      } // End of Armature_rbg
      Frame Armature_rbs {
        FrameTransformMatrix {
           0.960625, 0.042055,-0.274647, 0.000000,
           0.005952, 0.985137, 0.171666, 0.000000,
           0.277785,-0.166541, 0.946097, 0.000000,
           0.105276, 1.093858, 0.105740, 1.000000;;
        }
      } // End of Armature_rbs
      Frame Armature_ro {
        FrameTransformMatrix {
           1.000000, 0.000000, 0.000000, 0.000000,
          -0.000000, 0.562400, 0.826865, 0.000000,
           0.000000,-0.826865, 0.562400, 0.000000,
           0.134020, 0.952352, 0.086544, 1.000000;;
        }
      } // End of Armature_ro
    } // End of Armature__1
    Frame Armature__2 {
      FrameTransformMatrix {
        -1.000000, 0.000000, 0.000000, 0.000000,
         0.000000,-0.959819, 0.280620, 0.000000,
         0.000000, 0.280620, 0.959819, 0.000000,
         0.000000,-1.066243, 0.794266, 1.000000;;
      }
      Frame Armature__3 {
        FrameTransformMatrix {
           1.000000, 0.000000, 0.000000, 0.000000,
           0.000000, 0.974450, 0.224606, 0.000000,
           0.000000,-0.224606, 0.974450, 0.000000,
           0.000000, 0.255631, 0.000000, 1.000000;;
        }
        Frame Armature__4 {
          FrameTransformMatrix {
             1.000000, 0.000000, 0.000000, 0.000000,
             0.000000, 0.966397, 0.257053, 0.000000,
             0.000000,-0.257053, 0.966397, 0.000000,
             0.000000, 0.278873, 0.000000, 1.000000;;
          }
          Frame Armature__5 {
            FrameTransformMatrix {
               1.000000, 0.000000, 0.000000, 0.000000,
               0.000000, 0.986098, 0.166166, 0.000000,
               0.000000,-0.166166, 0.986098, 0.000000,
               0.000000, 0.294390,-0.000000, 1.000000;;
            }
            Frame Armature__6 {
              FrameTransformMatrix {
                 1.000000, 0.000000, 0.000000, 0.000000,
                 0.000000, 0.985827, 0.167762, 0.000000,
                 0.000000,-0.167762, 0.985827, 0.000000,
                 0.000000, 0.324039, 0.000000, 1.000000;;
              }
              Frame Armature__7 {
                FrameTransformMatrix {
                   1.000000, 0.000000, 0.000000, 0.000000,
                   0.000000, 0.972142, 0.234393, 0.000000,
                   0.000000,-0.234393, 0.972142, 0.000000,
                   0.000000, 0.365593,-0.000000, 1.000000;;
                }
                Frame Armature__8 {
                  FrameTransformMatrix {
                     1.000000, 0.000000, 0.000000, 0.000000,
                     0.000000, 0.942399, 0.334490, 0.000000,
                     0.000000,-0.334490, 0.942399, 0.000000,
                     0.000000, 0.393996, 0.000000, 1.000000;;
                  }
                  Frame Armature__9 {
                    FrameTransformMatrix {
                       1.000000, 0.000000, 0.000000, 0.000000,
                       0.000000, 0.940575, 0.339585, 0.000000,
                       0.000000,-0.339585, 0.940575, 0.000000,
                       0.000000, 0.442448,-0.000000, 1.000000;;
                    }
                    Frame Armature__10 {
                      FrameTransformMatrix {
                         1.000000, 0.000000, 0.000000, 0.000000,
                         0.000000, 0.975203, 0.221313, 0.000000,
                         0.000000,-0.221313, 0.975203, 0.000000,
                         0.000000, 0.252577, 0.000000, 1.000000;;
                      }
                      Frame Armature__11 {
                        FrameTransformMatrix {
                           0.999893,-0.004767, 0.013808, 0.000000,
                          -0.001978, 0.892360, 0.451320, 0.000000,
                          -0.014473,-0.451299, 0.892255, 0.000000,
                           0.000000, 0.584489, 0.000000, 1.000000;;
                        }
                        Frame Armature__12 {
                          FrameTransformMatrix {
                             0.999999,-0.001316, 0.000039, 0.000000,
                             0.001295, 0.988538, 0.150964, 0.000000,
                            -0.000237,-0.150964, 0.988539, 0.000000,
                             0.000000, 0.590806, 0.000000, 1.000000;;
                          }
                          Frame Armature__13 {
                            FrameTransformMatrix {
                               0.999997, 0.002400, 0.000120, 0.000000,
                              -0.002325, 0.979002,-0.203837, 0.000000,
                              -0.000607, 0.203836, 0.979005, 0.000000,
                              -0.000000, 0.548122,-0.000000, 1.000000;;
                            }
                            Frame Armature__14 {
                              FrameTransformMatrix {
                                -1.000000,-0.000004,-0.000004, 0.000000,
                                -0.000004, 0.997420, 0.071786, 0.000000,
                                 0.000003, 0.071786,-0.997420, 0.000000,
                                -0.000000, 0.701913, 0.000000, 1.000000;;
                              }
                              Frame Armature__15 {
                                FrameTransformMatrix {
                                   1.000000, 0.000005,-0.000005, 0.000000,
                                  -0.000007, 0.794132,-0.607745, 0.000000,
                                   0.000000, 0.607745, 0.794132, 0.000000,
                                  -0.000000, 1.036820, 0.000000, 1.000000;;
                                }
                                Frame Armature__16 {
                                  FrameTransformMatrix {
                                    -1.000000, 0.000001, 0.000006, 0.000000,
                                     0.000002, 0.970074, 0.242809, 0.000000,
                                    -0.000005, 0.242809,-0.970074, 0.000000,
                                     0.000000, 0.502774, 0.000000, 1.000000;;
                                  }
                                  Frame Armature__17 {
                                    FrameTransformMatrix {
                                       1.000000, 0.000001, 0.000000, 0.000000,
                                      -0.000001, 0.985399,-0.170259, 0.000000,
                                      -0.000000, 0.170259, 0.985399, 0.000000,
                                      -0.000000, 0.282714, 0.000001, 1.000000;;
                                    }
                                  } // End of Armature__17
                                } // End of Armature__16
                              } // End of Armature__15
                            } // End of Armature__14
                          } // End of Armature__13
                        } // End of Armature__12
                      } // End of Armature__11
                    } // End of Armature__10
                  } // End of Armature__9
                } // End of Armature__8
              } // End of Armature__7
            } // End of Armature__6
          } // End of Armature__5
        } // End of Armature__4
      } // End of Armature__3
    } // End of Armature__2
    Frame Cube {
      FrameTransformMatrix {
         1.000000, 0.000000, 0.000000, 0.000000,
         0.000000, 1.000000, 0.000000, 0.000000,
         0.000000, 0.000000, 1.000000, 0.000000,
        -0.006137,-1.181147,-0.174671, 1.000000;;
      }
      Mesh { // Cube mesh
        2064;
         0.471602; 1.218757; 0.037735;,
         0.471602; 0.036098; 0.037735;,
        -0.471602; 0.036099; 0.037735;,
        -0.471602; 1.218757; 0.037735;,
         0.471603; 1.218757; 0.523215;,
        -0.471602; 1.218757; 0.523215;,
        -0.471602; 0.036099; 0.523215;,
         0.471602; 0.036098; 0.523215;,
         0.471602; 1.218757; 0.037735;,
         0.471603; 1.218757; 0.523215;,
         0.471602; 0.036098; 0.523215;,
         0.471602; 0.036098; 0.037735;,
         0.471602; 0.036098; 0.037735;,
         0.471602; 0.036098; 0.523215;,
        -0.471602; 0.036099; 0.523215;,
        -0.471602; 0.036099; 0.037735;,
        -0.471602; 0.036099; 0.037735;,
        -0.471602; 0.036099; 0.523215;,
        -0.471602; 1.218757; 0.523215;,
        -0.471602; 1.218757; 0.037735;,
         0.471603; 1.218757; 0.523215;,
         0.471602; 1.218757; 0.037735;,
        -0.471602; 1.218757; 0.037735;,
        -0.471602; 1.218757; 0.523215;,
         0.515926; 0.041110; 0.035959;,
         0.515926;-0.199819; 0.035959;,
        -0.515926;-0.199819; 0.035959;,
        -0.515926; 0.041110; 0.035959;,
         0.515926; 0.041109; 0.523215;,
        -0.515926; 0.041110; 0.523215;,
        -0.515926;-0.199819; 0.523215;,
         0.515925;-0.199819; 0.523215;,
         0.515926; 0.041110; 0.035959;,
         0.515926; 0.041109; 0.523215;,
         0.515925;-0.199819; 0.523215;,
         0.515926;-0.199819; 0.035959;,
         0.515926;-0.199819; 0.035959;,
         0.515925;-0.199819; 0.523215;,
        -0.515926;-0.199819; 0.523215;,
        -0.515926;-0.199819; 0.035959;,
        -0.515926;-0.199819; 0.035959;,
        -0.515926;-0.199819; 0.523215;,
        -0.515926; 0.041110; 0.523215;,
        -0.515926; 0.041110; 0.035959;,
         0.515926; 0.041109; 0.523215;,
         0.515926; 0.041110; 0.035959;,
        -0.515926; 0.041110; 0.035959;,
        -0.515926; 0.041110; 0.523215;,
         0.536720;-0.202218; 0.066342;,
         0.536720;-0.472184; 0.066342;,
        -0.536720;-0.472184; 0.066342;,
        -0.536720;-0.202218; 0.066342;,
         0.536720;-0.202218; 0.523215;,
        -0.536720;-0.202218; 0.523215;,
        -0.536720;-0.472184; 0.523215;,
         0.536720;-0.472184; 0.523215;,
         0.536720;-0.202218; 0.066342;,
         0.536720;-0.202218; 0.523215;,
         0.536720;-0.472184; 0.523215;,
         0.536720;-0.472184; 0.066342;,
         0.536720;-0.472184; 0.066342;,
         0.536720;-0.472184; 0.523215;,
        -0.536720;-0.472184; 0.523215;,
        -0.536720;-0.472184; 0.066342;,
        -0.536720;-0.472184; 0.066342;,
        -0.536720;-0.472184; 0.523215;,
        -0.536720;-0.202218; 0.523215;,
        -0.536720;-0.202218; 0.066342;,
         0.536720;-0.202218; 0.523215;,
         0.536720;-0.202218; 0.066342;,
        -0.536720;-0.202218; 0.066342;,
        -0.536720;-0.202218; 0.523215;,
         0.562044;-0.475767; 0.101625;,
         0.562044;-0.758996; 0.101625;,
        -0.562045;-0.758996; 0.101625;,
        -0.562044;-0.475767; 0.101625;,
         0.562045;-0.475767; 0.523215;,
        -0.562044;-0.475767; 0.523215;,
        -0.562045;-0.758996; 0.523215;,
         0.562044;-0.758996; 0.523215;,
         0.562044;-0.475767; 0.101625;,
         0.562045;-0.475767; 0.523215;,
         0.562044;-0.758996; 0.523215;,
         0.562044;-0.758996; 0.101625;,
         0.562044;-0.758996; 0.101625;,
         0.562044;-0.758996; 0.523215;,
        -0.562045;-0.758996; 0.523215;,
        -0.562045;-0.758996; 0.101625;,
        -0.562045;-0.758996; 0.101625;,
        -0.562045;-0.758996; 0.523215;,
        -0.562044;-0.475767; 0.523215;,
        -0.562044;-0.475767; 0.101625;,
         0.562045;-0.475767; 0.523215;,
         0.562044;-0.475767; 0.101625;,
        -0.562044;-0.475767; 0.101625;,
        -0.562044;-0.475767; 0.523215;,
         0.595403;-0.760819; 0.132416;,
         0.595403;-1.090500; 0.132416;,
        -0.595403;-1.090500; 0.132416;,
        -0.595402;-0.760819; 0.132416;,
         0.595403;-0.760820; 0.523215;,
        -0.595402;-0.760819; 0.523215;,
        -0.595403;-1.090500; 0.523215;,
         0.595402;-1.090500; 0.523215;,
         0.595403;-0.760819; 0.132416;,
         0.595403;-0.760820; 0.523215;,
         0.595402;-1.090500; 0.523215;,
         0.595403;-1.090500; 0.132416;,
         0.595403;-1.090500; 0.132416;,
         0.595402;-1.090500; 0.523215;,
        -0.595403;-1.090500; 0.523215;,
        -0.595403;-1.090500; 0.132416;,
        -0.595403;-1.090500; 0.132416;,
        -0.595403;-1.090500; 0.523215;,
        -0.595402;-0.760819; 0.523215;,
        -0.595402;-0.760819; 0.132416;,
         0.595403;-0.760820; 0.523215;,
         0.595403;-0.760819; 0.132416;,
        -0.595402;-0.760819; 0.132416;,
        -0.595402;-0.760819; 0.523215;,
         0.551482;-1.091203; 0.156461;,
         0.551482;-1.470658; 0.156461;,
        -0.551482;-1.470658; 0.156461;,
        -0.551482;-1.091203; 0.156461;,
         0.551482;-1.091203; 0.523215;,
        -0.551482;-1.091203; 0.523215;,
        -0.551482;-1.470658; 0.523215;,
         0.551482;-1.470659; 0.523215;,
         0.551482;-1.091203; 0.156461;,
         0.551482;-1.091203; 0.523215;,
         0.551482;-1.470659; 0.523215;,
         0.551482;-1.470658; 0.156461;,
         0.551482;-1.470658; 0.156461;,
         0.551482;-1.470659; 0.523215;,
        -0.551482;-1.470658; 0.523215;,
        -0.551482;-1.470658; 0.156461;,
        -0.551482;-1.470658; 0.156461;,
        -0.551482;-1.470658; 0.523215;,
        -0.551482;-1.091203; 0.523215;,
        -0.551482;-1.091203; 0.156461;,
         0.551482;-1.091203; 0.523215;,
         0.551482;-1.091203; 0.156461;,
        -0.551482;-1.091203; 0.156461;,
        -0.551482;-1.091203; 0.523215;,
         0.512708;-1.471699; 0.173918;,
         0.512708;-1.870893; 0.173918;,
        -0.512708;-1.870893; 0.173918;,
        -0.512708;-1.471698; 0.173918;,
         0.512708;-1.471699; 0.523215;,
        -0.512708;-1.471699; 0.523215;,
        -0.512708;-1.870892; 0.523215;,
         0.512708;-1.870893; 0.523215;,
         0.512708;-1.471699; 0.173918;,
         0.512708;-1.471699; 0.523215;,
         0.512708;-1.870893; 0.523215;,
         0.512708;-1.870893; 0.173918;,
         0.512708;-1.870893; 0.173918;,
         0.512708;-1.870893; 0.523215;,
        -0.512708;-1.870892; 0.523215;,
        -0.512708;-1.870893; 0.173918;,
        -0.512708;-1.870893; 0.173918;,
        -0.512708;-1.870892; 0.523215;,
        -0.512708;-1.471699; 0.523215;,
        -0.512708;-1.471698; 0.173918;,
         0.512708;-1.471699; 0.523215;,
         0.512708;-1.471699; 0.173918;,
        -0.512708;-1.471698; 0.173918;,
        -0.512708;-1.471699; 0.523215;,
         0.396635;-1.869967; 0.194313;,
         0.396635;-2.297821; 0.194313;,
        -0.396635;-2.297821; 0.194313;,
        -0.396635;-1.869967; 0.194313;,
         0.396635;-1.869968; 0.523215;,
        -0.396635;-1.869967; 0.523215;,
        -0.396635;-2.297820; 0.523215;,
         0.396634;-2.297821; 0.523215;,
         0.396635;-1.869967; 0.194313;,
         0.396635;-1.869968; 0.523215;,
         0.396634;-2.297821; 0.523215;,
         0.396635;-2.297821; 0.194313;,
         0.396635;-2.297821; 0.194313;,
         0.396634;-2.297821; 0.523215;,
        -0.396635;-2.297820; 0.523215;,
        -0.396635;-2.297821; 0.194313;,
        -0.396635;-2.297821; 0.194313;,
        -0.396635;-2.297820; 0.523215;,
        -0.396635;-1.869967; 0.523215;,
        -0.396635;-1.869967; 0.194313;,
         0.396635;-1.869968; 0.523215;,
         0.396635;-1.869967; 0.194313;,
        -0.396635;-1.869967; 0.194313;,
        -0.396635;-1.869967; 0.523215;,
         0.246573;-2.301379; 0.210890;,
         0.246573;-2.544068; 0.210890;,
        -0.246573;-2.544068; 0.210890;,
        -0.246573;-2.301379; 0.210890;,
         0.246573;-2.301379; 0.523215;,
        -0.246573;-2.301379; 0.523215;,
        -0.246573;-2.544068; 0.523215;,
         0.246573;-2.544068; 0.523215;,
         0.246573;-2.301379; 0.210890;,
         0.246573;-2.301379; 0.523215;,
         0.246573;-2.544068; 0.523215;,
         0.246573;-2.544068; 0.210890;,
         0.246573;-2.544068; 0.210890;,
         0.246573;-2.544068; 0.523215;,
        -0.246573;-2.544068; 0.523215;,
        -0.246573;-2.544068; 0.210890;,
        -0.246573;-2.544068; 0.210890;,
        -0.246573;-2.544068; 0.523215;,
        -0.246573;-2.301379; 0.523215;,
        -0.246573;-2.301379; 0.210890;,
         0.246573;-2.301379; 0.523215;,
         0.246573;-2.301379; 0.210890;,
        -0.246573;-2.301379; 0.210890;,
        -0.246573;-2.301379; 0.523215;,
         0.575426; 0.041109; 0.518034;,
         0.575426;-0.199819; 0.518034;,
        -0.575426;-0.199819; 0.518034;,
        -0.575426; 0.041110; 0.518034;,
         0.575426; 0.041109; 0.573892;,
        -0.575426; 0.041109; 0.573892;,
        -0.575426;-0.199819; 0.573892;,
         0.575425;-0.199820; 0.573892;,
         0.575426; 0.041109; 0.518034;,
         0.575426; 0.041109; 0.573892;,
         0.575425;-0.199820; 0.573892;,
         0.575426;-0.199819; 0.518034;,
         0.575426;-0.199819; 0.518034;,
         0.575425;-0.199820; 0.573892;,
        -0.575426;-0.199819; 0.573892;,
        -0.575426;-0.199819; 0.518034;,
        -0.575426;-0.199819; 0.518034;,
        -0.575426;-0.199819; 0.573892;,
        -0.575426; 0.041109; 0.573892;,
        -0.575426; 0.041110; 0.518034;,
         0.575426; 0.041109; 0.573892;,
         0.575426; 0.041109; 0.518034;,
        -0.575426; 0.041110; 0.518034;,
        -0.575426; 0.041109; 0.573892;,
         0.598618;-0.202218; 0.518034;,
         0.598618;-0.472184; 0.518034;,
        -0.598619;-0.472184; 0.518034;,
        -0.598618;-0.202218; 0.518034;,
         0.598619;-0.202219; 0.573892;,
        -0.598618;-0.202218; 0.573892;,
        -0.598619;-0.472184; 0.573892;,
         0.598618;-0.472184; 0.573892;,
         0.598618;-0.202218; 0.518034;,
         0.598619;-0.202219; 0.573892;,
         0.598618;-0.472184; 0.573892;,
         0.598618;-0.472184; 0.518034;,
         0.598618;-0.472184; 0.518034;,
         0.598618;-0.472184; 0.573892;,
        -0.598619;-0.472184; 0.573892;,
        -0.598619;-0.472184; 0.518034;,
        -0.598619;-0.472184; 0.518034;,
        -0.598619;-0.472184; 0.573892;,
        -0.598618;-0.202218; 0.573892;,
        -0.598618;-0.202218; 0.518034;,
         0.598619;-0.202219; 0.573892;,
         0.598618;-0.202218; 0.518034;,
        -0.598618;-0.202218; 0.518034;,
        -0.598618;-0.202218; 0.573892;,
         0.626863;-0.475767; 0.518034;,
         0.626863;-0.758996; 0.518034;,
        -0.626863;-0.758996; 0.518034;,
        -0.626863;-0.475767; 0.518034;,
         0.626863;-0.475768; 0.573892;,
        -0.626863;-0.475767; 0.573892;,
        -0.626863;-0.758996; 0.573892;,
         0.626863;-0.758996; 0.573892;,
         0.626863;-0.475767; 0.518034;,
         0.626863;-0.475768; 0.573892;,
         0.626863;-0.758996; 0.573892;,
         0.626863;-0.758996; 0.518034;,
         0.626863;-0.758996; 0.518034;,
         0.626863;-0.758996; 0.573892;,
        -0.626863;-0.758996; 0.573892;,
        -0.626863;-0.758996; 0.518034;,
        -0.626863;-0.758996; 0.518034;,
        -0.626863;-0.758996; 0.573892;,
        -0.626863;-0.475767; 0.573892;,
        -0.626863;-0.475767; 0.518034;,
         0.626863;-0.475768; 0.573892;,
         0.626863;-0.475767; 0.518034;,
        -0.626863;-0.475767; 0.518034;,
        -0.626863;-0.475767; 0.573892;,
         0.681700;-0.760819; 0.518034;,
         0.681700;-1.090500; 0.518034;,
        -0.681700;-1.090500; 0.518034;,
        -0.681699;-0.760819; 0.518034;,
         0.681700;-0.760820; 0.573892;,
        -0.681699;-0.760819; 0.573892;,
        -0.681700;-1.090500; 0.573892;,
         0.681699;-1.090500; 0.573892;,
         0.681700;-0.760819; 0.518034;,
         0.681700;-0.760820; 0.573892;,
         0.681699;-1.090500; 0.573892;,
         0.681700;-1.090500; 0.518034;,
