xof 0303txt 0032

template XSkinMeshHeader {
  <3cf169ce-ff7c-44ab-93c0-f78f62d172e2>
  WORD nMaxSkinWeightsPerVertex;
  WORD nMaxSkinWeightsPerFace;
  WORD nBones;
}

template SkinWeights {
  <6f0d123b-bad2-4167-a0d0-80224f25fabb>
  STRING transformNodeName;
  DWORD nWeights;
  array DWORD vertexIndices[nWeights];
  array float weights[nWeights];
  Matrix4x4 matrixOffset;
}

Frame Root {
  FrameTransformMatrix {
     1.000000, 0.000000, 0.000000, 0.000000,
     0.000000,-0.000000, 1.000000, 0.000000,
     0.000000, 1.000000, 0.000000, 0.000000,
     0.000000, 0.000000, 0.000000, 1.000000;;
  }
  Frame Armature {
    FrameTransformMatrix {
      -0.000000, 0.321655, 0.000000, 0.000000,
      -0.321655,-0.000000, 0.000000, 0.000000,
       0.000000, 0.000000, 0.321655, 0.000000,
      -0.044552, 0.021946,-0.443560, 1.000000;;
    }
    Frame Armature_Bone {
      FrameTransformMatrix {
         0.034803, 0.000000,-0.999394, 0.000000,
         0.999394, 0.000000, 0.034803, 0.000000,
         0.000000,-1.000000,-0.000000, 0.000000,
        -0.211927, 0.000000, 0.279537, 1.000000;;
      }
      Frame Armature_Bone_001 {
        FrameTransformMatrix {
          -0.000000,-0.000000, 1.000000, 0.000000,
           0.198065, 0.980189, 0.000000, 0.000000,
          -0.980189, 0.198065,-0.000000, 0.000000,
           0.000000, 1.027308,-0.000000, 1.000000;;
        }
        Frame Armature_Bone_002 {
          FrameTransformMatrix {
             0.116746, 0.979743, 0.162711, 0.000000,
            -0.993162, 0.115168, 0.019127, 0.000000,
             0.000000,-0.163831, 0.986488, 0.000000,
            -0.000000, 0.415807,-0.000000, 1.000000;;
          }
          Frame Armature_Bone_003 {
            FrameTransformMatrix {
               0.954831, 0.143809,-0.260031, 0.000000,
              -0.031447, 0.919077, 0.392820, 0.000000,
               0.295479,-0.366900, 0.882086, 0.000000,
              -0.000000, 0.492356, 0.000000, 1.000000;;
            }
            Frame Armature_Bone_004 {
              FrameTransformMatrix {
                 0.984759,-0.172785, 0.019872, 0.000000,
                 0.173887, 0.975767,-0.132827, 0.000000,
                 0.003561, 0.134258, 0.990940, 0.000000,
                 0.000000, 0.393265, 0.000000, 1.000000;;
              }
              Frame Armature_Bone_005 {
                FrameTransformMatrix {
                   0.906555, 0.418938,-0.051475, 0.000000,
                  -0.416615, 0.868545,-0.268442, 0.000000,
                  -0.067752, 0.264803, 0.961920, 0.000000,
                   0.000000, 2.485883, 0.000000, 1.000000;;
                }
              } // End of Armature_Bone_005
            } // End of Armature_Bone_004
          } // End of Armature_Bone_003
        } // End of Armature_Bone_002
        Frame Armature_Bone_006 {
          FrameTransformMatrix {
             0.000000,-0.986488,-0.163831, 0.000000,
             1.000000, 0.000000, 0.000000, 0.000000,
            -0.000000,-0.163831, 0.986488, 0.000000,
            -0.000000, 0.415807,-0.000000, 1.000000;;
          }
          Frame Armature_Bone_007 {
            FrameTransformMatrix {
               0.960483,-0.034663, 0.276171, 0.000000,
              -0.073798, 0.924991, 0.372754, 0.000000,
              -0.268377,-0.378405, 0.885880, 0.000000,
               0.000000, 0.530283,-0.000000, 1.000000;;
            }
            Frame Armature_Bone_008 {
              FrameTransformMatrix {
                 0.979796, 0.199499,-0.014155, 0.000000,
                -0.199996, 0.976874,-0.075623, 0.000000,
                -0.001259, 0.076926, 0.997036, 0.000000,
                 0.000000, 0.413402,-0.000000, 1.000000;;
              }
              Frame Armature_Bone_009 {
                FrameTransformMatrix {
                   0.833993,-0.533171, 0.142072, 0.000000,
                   0.532006, 0.708698,-0.463375, 0.000000,
                   0.146372, 0.462035, 0.874700, 0.000000,
                   0.000000, 2.480743, 0.000000, 1.000000;;
                }
              } // End of Armature_Bone_009
            } // End of Armature_Bone_008
          } // End of Armature_Bone_007
        } // End of Armature_Bone_006
        Frame Armature_Bone_065 {
          FrameTransformMatrix {
             1.000000,-0.000000, 0.000000, 0.000000,
            -0.000000, 0.959341, 0.282251, 0.000000,
            -0.000000,-0.282251, 0.959341, 0.000000,
            -0.000000, 0.415807,-0.000000, 1.000000;;
          }
          Frame Armature_Bone_066 {
            FrameTransformMatrix {
               1.000000, 0.000000,-0.000000, 0.000000,
              -0.000000, 0.995308,-0.096761, 0.000000,
               0.000000, 0.096761, 0.995308, 0.000000,
               0.000000, 0.584734,-0.000000, 1.000000;;
            }
            Frame Armature_Bone_067 {
              FrameTransformMatrix {
                 0.999905,-0.013648, 0.002107, 0.000000,
                 0.013810, 0.988196,-0.152574, 0.000000,
                -0.000000, 0.152588, 0.988290, 0.000000,
                -0.000000, 0.507355,-0.000000, 1.000000;;
              }
            } // End of Armature_Bone_067
            Frame Armature_Bone_068 {
              FrameTransformMatrix {
                -0.000000, 0.991843,-0.127465, 0.000000,
                 0.000000,-0.127465,-0.991843, 0.000000,
                -1.000000,-0.000000,-0.000000, 0.000000,
                -0.000000, 0.507355,-0.000000, 1.000000;;
              }
              Frame Armature_Bone_069 {
                FrameTransformMatrix {
                  -0.041950,-0.000198,-0.999120, 0.000000,
                   0.998030,-0.046700,-0.041895, 0.000000,
                  -0.046650,-0.998909, 0.002157, 0.000000,
                  -0.000000, 0.226206, 0.000000, 1.000000;;
                }
              } // End of Armature_Bone_069
            } // End of Armature_Bone_068
          } // End of Armature_Bone_066
          Frame Armature_Bone_075 {
            FrameTransformMatrix {
              -0.000000, 0.974855,-0.222839, 0.000000,
              -0.000000,-0.222839,-0.974855, 0.000000,
              -1.000000,-0.000000, 0.000000, 0.000000,
               0.000000, 0.584734,-0.000000, 1.000000;;
            }
          } // End of Armature_Bone_075
        } // End of Armature_Bone_065
      } // End of Armature_Bone_001
    } // End of Armature_Bone
    Frame Armature_Bone_010 {
      FrameTransformMatrix {
        -0.016319, 0.999867, 0.000000, 0.000000,
        -0.997760,-0.016285,-0.064876, 0.000000,
        -0.064868,-0.001059, 0.997893, 0.000000,
        -0.211927, 0.000000, 0.279537, 1.000000;;
      }
      Frame Armature_Bone_011 {
        FrameTransformMatrix {
           0.999518,-0.031028, 0.000000, 0.000000,
           0.030966, 0.997513,-0.063319, 0.000000,
           0.001965, 0.063289, 0.997993, 0.000000,
          -0.000000, 1.944373,-0.000000, 1.000000;;
        }
        Frame Armature_Bone_012 {
          FrameTransformMatrix {
             0.999791, 0.020453,-0.000000, 0.000000,
            -0.020360, 0.995254,-0.095163, 0.000000,
            -0.001946, 0.095143, 0.995462, 0.000000,
             0.000000, 1.190484,-0.000000, 1.000000;;
          }
          Frame Armature_Bone_013 {
            FrameTransformMatrix {
               0.996916,-0.078472,-0.000000, 0.000000,
               0.078472, 0.996916, 0.000000, 0.000000,
               0.000000,-0.000000, 1.000000, 0.000000,
               0.000000, 0.918159, 0.000000, 1.000000;;
            }
          } // End of Armature_Bone_013
        } // End of Armature_Bone_012
      } // End of Armature_Bone_011
    } // End of Armature_Bone_010
    Frame Armature_Bone_014 {
      FrameTransformMatrix {
        -0.304803, 0.952415, 0.000000, 0.000000,
        -0.952415,-0.304803, 0.000000, 0.000000,
         0.000000, 0.000000, 1.000000, 0.000000,
        -0.211927, 0.000000, 0.279537, 1.000000;;
      }
      Frame Armature_Bone_015 {
        FrameTransformMatrix {
           0.953880,-0.300168,-0.003396, 0.000000,
           0.298717, 0.950265,-0.088119, 0.000000,
           0.029677, 0.083040, 0.996104, 0.000000,
          -0.000000, 0.452796, 0.000000, 1.000000;;
        }
        Frame Armature_Bone_016 {
          FrameTransformMatrix {
             0.999698,-0.022960,-0.008748, 0.000000,
             0.020671, 0.978401,-0.205681, 0.000000,
             0.013281, 0.205438, 0.978580, 0.000000,
             0.000000, 1.247202, 0.000000, 1.000000;;
          }
          Frame Armature_Bone_017 {
            FrameTransformMatrix {
               0.999985,-0.001448,-0.005263, 0.000000,
               0.000754, 0.991573,-0.129549, 0.000000,
               0.005406, 0.129543, 0.991559, 0.000000,
               0.000000, 1.027741, 0.000000, 1.000000;;
            }
            Frame Armature_Bone_018 {
              FrameTransformMatrix {
                 0.991328, 0.131414,-0.000000, 0.000000,
                -0.131414, 0.991328,-0.000000, 0.000000,
                 0.000000,-0.000000, 1.000000, 0.000000,
                -0.000000, 0.819664, 0.000000, 1.000000;;
              }
            } // End of Armature_Bone_018
          } // End of Armature_Bone_017
        } // End of Armature_Bone_016
      } // End of Armature_Bone_015
    } // End of Armature_Bone_014
    Frame Armature_Bone_019 {
      FrameTransformMatrix {
         0.266374, 0.963870, 0.000000, 0.000000,
        -0.963870, 0.266374, 0.000000, 0.000000,
         0.000000, 0.000000, 1.000000, 0.000000,
        -0.211927, 0.000000, 0.279537, 1.000000;;
      }
      Frame Armature_Bone_020 {
        FrameTransformMatrix {
           0.954304, 0.298836,-0.000102, 0.000000,
          -0.298310, 0.952603,-0.059650, 0.000000,
          -0.017729, 0.056954, 0.998219, 0.000000,
           0.000000, 0.435989, 0.000000, 1.000000;;
        }
        Frame Armature_Bone_021 {
          FrameTransformMatrix {
             0.999924, 0.011612, 0.004027, 0.000000,
            -0.010529, 0.978334,-0.206767, 0.000000,
            -0.006341, 0.206709, 0.978382, 0.000000,
             0.000000, 1.284573, 0.000000, 1.000000;;
          }
          Frame Armature_Bone_022 {
            FrameTransformMatrix {
               0.999998,-0.001830, 0.000864, 0.000000,
               0.001785, 0.998773, 0.049494, 0.000000,
              -0.000954,-0.049493, 0.998774, 0.000000,
              -0.000000, 1.005436, 0.000000, 1.000000;;
            }
            Frame Armature_Bone_023 {
              FrameTransformMatrix {
                 0.998911, 0.046654, 0.000000, 0.000000,
                -0.046654, 0.998911, 0.000000, 0.000000,
                -0.000000,-0.000000, 1.000000, 0.000000,
                -0.000000, 0.800063, 0.000000, 1.000000;;
              }
            } // End of Armature_Bone_023
          } // End of Armature_Bone_022
        } // End of Armature_Bone_021
      } // End of Armature_Bone_020
    } // End of Armature_Bone_019
    Frame Armature_Bone_024 {
      FrameTransformMatrix {
         0.447790, 0.894139, 0.000000, 0.000000,
        -0.894139, 0.447790, 0.000000, 0.000000,
         0.000000, 0.000000, 1.000000, 0.000000,
        -0.211927, 0.000000, 0.279537, 1.000000;;
      }
      Frame Armature_Bone_030 {
        FrameTransformMatrix {
           0.881434, 0.472286, 0.004391, 0.000000,
          -0.471302, 0.880127,-0.057015, 0.000000,
          -0.030792, 0.048186, 0.998364, 0.000000,
           0.000000, 0.469678,-0.000000, 1.000000;;
        }
        Frame Armature_Bone_031 {
          FrameTransformMatrix {
             0.999378, 0.034589, 0.006834, 0.000000,
            -0.034082, 0.997371,-0.063946, 0.000000,
            -0.009028, 0.063674, 0.997930, 0.000000,
             0.000000, 1.128073,-0.000000, 1.000000;;
          }
          Frame Armature_Bone_032 {
            FrameTransformMatrix {
               0.999224,-0.039134, 0.004482, 0.000000,
               0.039323, 0.997680,-0.055576, 0.000000,
              -0.002297, 0.055709, 0.998444, 0.000000,
               0.000000, 0.843739,-0.000000, 1.000000;;
            }
            Frame Armature_Bone_033 {
              FrameTransformMatrix {
                -0.000823, 0.001187, 0.999999, 0.000000,
                -0.123888, 0.992295,-0.001280, 0.000000,
                -0.992296,-0.123889,-0.000670, 0.000000,
                 0.000000, 0.693475, 0.000000, 1.000000;;
              }
            } // End of Armature_Bone_033
          } // End of Armature_Bone_032
        } // End of Armature_Bone_031
      } // End of Armature_Bone_030
    } // End of Armature_Bone_024
    Frame Armature_Bone_034 {
      FrameTransformMatrix {
        -0.520949, 0.853588, 0.000000, 0.000000,
        -0.853588,-0.520949, 0.000000, 0.000000,
         0.000000, 0.000000, 1.000000, 0.000000,
        -0.211927, 0.000000, 0.279537, 1.000000;;
      }
      Frame Armature_Bone_040 {
        FrameTransformMatrix {
           0.806399,-0.591334,-0.006658, 0.000000,
           0.586818, 0.801534,-0.114836, 0.000000,
           0.073243, 0.088696, 0.993362, 0.000000,
           0.000000, 0.513673, 0.000000, 1.000000;;
        }
        Frame Armature_Bone_041 {
          FrameTransformMatrix {
             0.999967,-0.005929,-0.005523, 0.000000,
             0.005417, 0.996057,-0.088551, 0.000000,
             0.006026, 0.088518, 0.996056, 0.000000,
             0.000000, 1.051466,-0.000000, 1.000000;;
          }
          Frame Armature_Bone_042 {
            FrameTransformMatrix {
               0.999941, 0.010267,-0.003474, 0.000000,
              -0.010556, 0.995216,-0.097128, 0.000000,
               0.002460, 0.097159, 0.995266, 0.000000,
               0.000000, 0.812599, 0.000000, 1.000000;;
            }
            Frame Armature_Bone_043 {
              FrameTransformMatrix {
                 0.985841,-0.167683,-0.000000, 0.000000,
                 0.167683, 0.985841,-0.000000, 0.000000,
                 0.000000, 0.000000, 1.000000, 0.000000,
                 0.000000, 0.725271,-0.000000, 1.000000;;
              }
            } // End of Armature_Bone_043
          } // End of Armature_Bone_042
        } // End of Armature_Bone_041
      } // End of Armature_Bone_040
    } // End of Armature_Bone_034
    Frame Armature_Bone_044 {
      FrameTransformMatrix {
         0.872419,-0.395877,-0.286645, 0.000000,
        -0.481678,-0.795859,-0.366873, 0.000000,
        -0.082892, 0.458138,-0.885008, 0.000000,
        -0.211927, 0.000000, 0.279537, 1.000000;;
      }
      Frame Armature_Bone_046 {
        FrameTransformMatrix {
          -0.005102,-0.496982,-0.867746, 0.000000,
           0.918791,-0.344848, 0.192102, 0.000000,
          -0.394711,-0.796297, 0.458382, 0.000000,
          -0.000000, 0.612198, 0.000000, 1.000000;;
        }
        Frame Armature_Bone_048 {
          FrameTransformMatrix {
            -0.951282, 0.308323, 0.000390, 0.000000,
            -0.308297,-0.951218, 0.011704, 0.000000,
             0.003980, 0.011014, 0.999931, 0.000000,
            -0.000000, 0.481350, 0.000000, 1.000000;;
          }
          Frame Armature_Bone_050 {
            FrameTransformMatrix {
               1.000000,-0.000000, 0.000000, 0.000000,
               0.000000, 0.999721,-0.023620, 0.000000,
              -0.000000, 0.023620, 0.999721, 0.000000,
               0.000000, 0.460679, 0.000000, 1.000000;;
            }
            Frame Armature_Bone_052 {
              FrameTransformMatrix {
                 1.000000, 0.000000, 0.000000, 0.000000,
                -0.000000, 0.999741, 0.022752, 0.000000,
                -0.000000,-0.022752, 0.999741, 0.000000,
                -0.000000, 0.442460, 0.000000, 1.000000;;
              }
            } // End of Armature_Bone_052
          } // End of Armature_Bone_050
          Frame Armature_Bone_054 {
            FrameTransformMatrix {
               1.000000, 0.000000, 0.000000, 0.000000,
              -0.000000, 0.957309, 0.289066, 0.000000,
              -0.000000,-0.289066, 0.957309, 0.000000,
               0.000000, 0.460679, 0.000000, 1.000000;;
            }
            Frame Armature_Bone_055 {
              FrameTransformMatrix {
                 1.000000,-0.000000,-0.000000, 0.000000,
                 0.000000, 0.999738,-0.022910, 0.000000,
                 0.000000, 0.022910, 0.999738, 0.000000,
                -0.000000, 0.449510,-0.000000, 1.000000;;
              }
            } // End of Armature_Bone_055
          } // End of Armature_Bone_054
          Frame Armature_Bone_056 {
            FrameTransformMatrix {
               1.000000,-0.000000, 0.000000, 0.000000,
               0.000000, 0.942295,-0.334785, 0.000000,
              -0.000000, 0.334785, 0.942294, 0.000000,
               0.000000, 0.460679, 0.000000, 1.000000;;
            }
            Frame Armature_Bone_057 {
              FrameTransformMatrix {
                 1.000000, 0.000000, 0.000000, 0.000000,
                -0.000000, 0.991673, 0.128779, 0.000000,
                -0.000000,-0.128779, 0.991673, 0.000000,
                -0.000000, 0.448674,-0.000000, 1.000000;;
              }
            } // End of Armature_Bone_057
          } // End of Armature_Bone_056
        } // End of Armature_Bone_048
      } // End of Armature_Bone_046
    } // End of Armature_Bone_044
    Frame Armature_Bone_045 {
      FrameTransformMatrix {
         0.850578, 0.429428,-0.303494, 0.000000,
        -0.521125, 0.765565,-0.377279, 0.000000,
         0.070330, 0.479063, 0.874958, 0.000000,
        -0.211927, 0.000000, 0.279537, 1.000000;;
      }
      Frame Armature_Bone_047 {
        FrameTransformMatrix {
           0.041347,-0.546575, 0.836389, 0.000000,
           0.902154,-0.339361,-0.266368, 0.000000,
           0.429428, 0.765565, 0.479063, 0.000000,
           0.000000, 0.591956,-0.000000, 1.000000;;
        }
        Frame Armature_Bone_049 {
          FrameTransformMatrix {
            -0.900557, 0.434738, 0.000001, 0.000000,
            -0.434738,-0.900557,-0.000000, 0.000000,
             0.000001,-0.000001, 1.000000, 0.000000,
             0.000000, 0.481349, 0.000000, 1.000000;;
          }
          Frame Armature_Bone_051 {
            FrameTransformMatrix {
               1.000000,-0.000000, 0.000000, 0.000000,
              -0.000000, 1.000000, 0.000000, 0.000000,
               0.000000,-0.000000, 1.000000, 0.000000,
              -0.000000, 0.460640, 0.000000, 1.000000;;
            }
            Frame Armature_Bone_053 {
              FrameTransformMatrix {
                 1.000000,-0.000000,-0.000000, 0.000000,
                -0.000000, 1.000000, 0.000000, 0.000000,
                 0.000000, 0.000000, 1.000000, 0.000000,
                -0.000000, 0.442435,-0.000000, 1.000000;;
              }
            } // End of Armature_Bone_053
          } // End of Armature_Bone_051
          Frame Armature_Bone_058 {
            FrameTransformMatrix {
               1.000000, 0.000000,-0.000000, 0.000000,
               0.000000, 0.946565, 0.322514, 0.000000,
               0.000000,-0.322514, 0.946565, 0.000000,
              -0.000000, 0.460640, 0.000000, 1.000000;;
            }
            Frame Armature_Bone_059 {
              FrameTransformMatrix {
                 1.000000,-0.000000, 0.000000, 0.000000,
                 0.000000, 0.998738,-0.050231, 0.000000,
                -0.000000, 0.050231, 0.998738, 0.000000,
                 0.000000, 0.461871,-0.000000, 1.000000;;
              }
            } // End of Armature_Bone_059
          } // End of Armature_Bone_058
          Frame Armature_Bone_060 {
            FrameTransformMatrix {
               1.000000,-0.000000,-0.000000, 0.000000,
               0.000000, 0.948503,-0.316767, 0.000000,
               0.000000, 0.316767, 0.948503, 0.000000,
              -0.000000, 0.460640, 0.000000, 1.000000;;
            }
            Frame Armature_Bone_061 {
              FrameTransformMatrix {
                 1.000000, 0.000000, 0.000000, 0.000000,
                -0.000000, 0.995653, 0.093141, 0.000000,
                -0.000000,-0.093141, 0.995653, 0.000000,
                -0.000000, 0.450563, 0.000000, 1.000000;;
              }
            } // End of Armature_Bone_061
          } // End of Armature_Bone_060
        } // End of Armature_Bone_049
      } // End of Armature_Bone_047
    } // End of Armature_Bone_045
    Frame Cube {
      FrameTransformMatrix {
         1.000000,-0.000000, 0.000000, 0.000000,
         0.000000, 0.524898, 0.000000, 0.000000,
         0.000000, 0.000000, 0.228059, 0.000000,
         0.346824,-0.021946, 0.245693, 1.000000;;
      }
      Mesh { // Cube mesh
        2568;
        -0.782380; 1.000787;-3.000048;,
        -0.782380; 0.806180;-3.000048;,
        -0.911554; 0.806180;-3.000048;,
        -0.911554; 1.000787;-3.000048;,
        -0.782380; 1.000786;-1.030467;,
        -0.911554; 1.000787;-1.030467;,
        -0.911554; 0.806180;-1.030467;,
        -0.782380; 0.806180;-1.030467;,
        -0.782380; 1.000787;-3.000048;,
        -0.782380; 1.000786;-1.030467;,
        -0.782380; 0.806180;-1.030467;,
        -0.782380; 0.806180;-3.000048;,
        -0.782380; 0.806180;-3.000048;,
        -0.782380; 0.806180;-1.030467;,
        -0.911554; 0.806180;-1.030467;,
        -0.911554; 0.806180;-3.000048;,
        -0.911554; 0.806180;-3.000048;,
        -0.911554; 0.806180;-1.030467;,
        -0.911554; 1.000787;-1.030467;,
        -0.911554; 1.000787;-3.000048;,
        -0.782380; 1.000786;-1.030467;,
        -0.782380; 1.000787;-3.000048;,
        -0.911554; 1.000787;-3.000048;,
        -0.911554; 1.000787;-1.030467;,
        -0.806847; 0.982562;-5.002624;,
        -0.806847; 0.824404;-5.002624;,
        -0.887087; 0.824404;-5.002624;,
        -0.887087; 0.982562;-5.002624;,
        -0.806847; 0.982562;-3.033042;,
        -0.887087; 0.982562;-3.033042;,
        -0.887087; 0.824404;-3.033042;,
        -0.806847; 0.824404;-3.033042;,
        -0.806847; 0.982562;-5.002624;,
        -0.806847; 0.982562;-3.033042;,
        -0.806847; 0.824404;-3.033042;,
        -0.806847; 0.824404;-5.002624;,
        -0.806847; 0.824404;-5.002624;,
        -0.806847; 0.824404;-3.033042;,
        -0.887087; 0.824404;-3.033042;,
        -0.887087; 0.824404;-5.002624;,
        -0.887087; 0.824404;-5.002624;,
        -0.887087; 0.824404;-3.033042;,
        -0.887087; 0.982562;-3.033042;,
        -0.887087; 0.982562;-5.002624;,
        -0.806847; 0.982562;-3.033042;,
        -0.806847; 0.982562;-5.002624;,
        -0.887087; 0.982562;-5.002624;,
        -0.887087; 0.982562;-3.033042;,
        -0.821599; 0.949596;-6.948414;,
        -0.821599; 0.857371;-6.948414;,
        -0.872335; 0.857371;-6.948414;,
        -0.872335; 0.949596;-6.948414;,
        -0.821599; 0.949596;-4.978832;,
        -0.872335; 0.949596;-4.978832;,
        -0.872335; 0.857371;-4.978832;,
        -0.821599; 0.857371;-4.978832;,
        -0.821599; 0.949596;-6.948414;,
        -0.821599; 0.949596;-4.978832;,
        -0.821599; 0.857371;-4.978832;,
        -0.821599; 0.857371;-6.948414;,
        -0.821599; 0.857371;-6.948414;,
        -0.821599; 0.857371;-4.978832;,
        -0.872335; 0.857371;-4.978832;,
        -0.872335; 0.857371;-6.948414;,
        -0.872335; 0.857371;-6.948414;,
        -0.872335; 0.857371;-4.978832;,
        -0.872335; 0.949596;-4.978832;,
        -0.872335; 0.949596;-6.948414;,
        -0.821599; 0.949596;-4.978832;,
        -0.821599; 0.949596;-6.948414;,
        -0.872335; 0.949596;-6.948414;,
        -0.872335; 0.949596;-4.978832;,
        -0.824874; 0.935069;-7.579130;,
        -0.824874; 0.871898;-7.579130;,
        -0.869060; 0.871898;-7.579130;,
        -0.869060; 0.935069;-7.579130;,
        -0.824874; 0.935069;-6.949891;,
        -0.869060; 0.935069;-6.949891;,
        -0.869060; 0.871898;-6.949891;,
        -0.824874; 0.871898;-6.949891;,
        -0.824874; 0.935069;-7.579130;,
        -0.824874; 0.935069;-6.949891;,
        -0.824874; 0.871898;-6.949891;,
        -0.824874; 0.871898;-7.579130;,
        -0.824874; 0.871898;-7.579130;,
        -0.824874; 0.871898;-6.949891;,
        -0.869060; 0.871898;-6.949891;,
        -0.869060; 0.871898;-7.579130;,
        -0.869060; 0.871898;-7.579130;,
        -0.869060; 0.871898;-6.949891;,
        -0.869060; 0.935069;-6.949891;,
        -0.869060; 0.935069;-7.579130;,
        -0.824874; 0.935069;-6.949891;,
        -0.824874; 0.935069;-7.579130;,
        -0.869060; 0.935069;-7.579130;,
        -0.869060; 0.935069;-6.949891;,
        -0.824874; 1.284591;-7.459910;,
        -0.824874; 1.223413;-7.496138;,
        -0.869060; 1.223413;-7.496138;,
        -0.869060; 1.284591;-7.459910;,
        -0.824874; 1.216470;-6.850517;,
        -0.869060; 1.216470;-6.850517;,
        -0.869060; 1.155292;-6.886744;,
        -0.824874; 1.155292;-6.886744;,
        -0.824874; 1.284591;-7.459910;,
        -0.824874; 1.216470;-6.850517;,
        -0.824874; 1.155292;-6.886744;,
        -0.824874; 1.223413;-7.496138;,
        -0.824874; 1.223413;-7.496138;,
        -0.824874; 1.155292;-6.886744;,
        -0.869060; 1.155292;-6.886744;,
        -0.869060; 1.223413;-7.496138;,
        -0.869060; 1.223413;-7.496138;,
        -0.869060; 1.155292;-6.886744;,
        -0.869060; 1.216470;-6.850517;,
        -0.869060; 1.284591;-7.459910;,
        -0.824874; 1.216470;-6.850517;,
        -0.824874; 1.284591;-7.459910;,
        -0.869060; 1.284591;-7.459910;,
        -0.869060; 1.216470;-6.850517;,
        -0.821599; 1.230379;-6.840756;,
        -0.821599; 1.141063;-6.893645;,
        -0.872335; 1.141063;-6.893645;,
        -0.872335; 1.230379;-6.840756;,
        -0.821599; 1.017152;-4.933295;,
        -0.872335; 1.017152;-4.933295;,
        -0.872335; 0.927837;-4.986185;,
        -0.821599; 0.927836;-4.986185;,
        -0.821599; 1.230379;-6.840756;,
        -0.821599; 1.017152;-4.933295;,
        -0.821599; 0.927836;-4.986185;,
        -0.821599; 1.141063;-6.893645;,
        -0.821599; 1.141063;-6.893645;,
        -0.821599; 0.927836;-4.986185;,
        -0.872335; 0.927837;-4.986185;,
        -0.872335; 1.141063;-6.893645;,
        -0.872335; 1.141063;-6.893645;,
        -0.872335; 0.927837;-4.986185;,
        -0.872335; 1.017152;-4.933295;,
        -0.872335; 1.230379;-6.840756;,
        -0.821599; 1.017152;-4.933295;,
        -0.821599; 1.230379;-6.840756;,
        -0.872335; 1.230379;-6.840756;,
        -0.872335; 1.017152;-4.933295;,
        -0.821599; 0.677812;-6.895330;,
        -0.821599; 0.587827;-6.848832;,
        -0.872335; 0.587827;-6.848832;,
        -0.872335; 0.677812;-6.895330;,
        -0.821599; 0.865270;-4.973586;,
        -0.872335; 0.865270;-4.973586;,
        -0.872335; 0.775286;-4.927088;,
        -0.821599; 0.775286;-4.927088;,
        -0.821599; 0.677812;-6.895330;,
        -0.821599; 0.865270;-4.973586;,
        -0.821599; 0.775286;-4.927088;,
        -0.821599; 0.587827;-6.848832;,
        -0.821599; 0.587827;-6.848832;,
        -0.821599; 0.775286;-4.927088;,
        -0.872335; 0.775286;-4.927088;,
        -0.872335; 0.587827;-6.848832;,
        -0.872335; 0.587827;-6.848832;,
        -0.872335; 0.775286;-4.927088;,
        -0.872335; 0.865270;-4.973586;,
        -0.872335; 0.677812;-6.895330;,
        -0.821599; 0.865270;-4.973586;,
        -0.821599; 0.677812;-6.895330;,
        -0.872335; 0.677812;-6.895330;,
        -0.872335; 0.865270;-4.973586;,
        -0.824874; 0.603608;-7.503404;,
        -0.824874; 0.541972;-7.471554;,
        -0.869060; 0.541972;-7.471554;,
        -0.869060; 0.603608;-7.503404;,
        -0.824874; 0.663497;-6.889448;,
        -0.869060; 0.663497;-6.889448;,
        -0.869060; 0.601861;-6.857598;,
        -0.824874; 0.601861;-6.857598;,
        -0.824874; 0.603608;-7.503404;,
        -0.824874; 0.663497;-6.889448;,
        -0.824874; 0.601861;-6.857598;,
        -0.824874; 0.541972;-7.471554;,
        -0.824874; 0.541972;-7.471554;,
        -0.824874; 0.601861;-6.857598;,
        -0.869060; 0.601861;-6.857598;,
        -0.869060; 0.541972;-7.471554;,
        -0.869060; 0.541972;-7.471554;,
        -0.869060; 0.601861;-6.857598;,
        -0.869060; 0.663497;-6.889448;,
        -0.869060; 0.603608;-7.503404;,
        -0.824874; 0.663497;-6.889448;,
        -0.824874; 0.603608;-7.503404;,
        -0.869060; 0.603608;-7.503404;,
        -0.869060; 0.663497;-6.889448;,
        -0.824874;-1.179260;-7.503404;,
        -0.824874;-1.240897;-7.471554;,
        -0.869060;-1.240897;-7.471554;,
        -0.869060;-1.179260;-7.503404;,
        -0.824874;-1.119371;-6.889448;,
        -0.869060;-1.119371;-6.889448;,
        -0.869060;-1.181008;-6.857598;,
        -0.824874;-1.181008;-6.857598;,
        -0.824874;-1.179260;-7.503404;,
        -0.824874;-1.119371;-6.889448;,
        -0.824874;-1.181008;-6.857598;,
        -0.824874;-1.240897;-7.471554;,
        -0.824874;-1.240897;-7.471554;,
        -0.824874;-1.181008;-6.857598;,
        -0.869060;-1.181008;-6.857598;,
        -0.869060;-1.240897;-7.471554;,
        -0.869060;-1.240897;-7.471554;,
        -0.869060;-1.181008;-6.857598;,
        -0.869060;-1.119371;-6.889448;,
        -0.869060;-1.179260;-7.503404;,
        -0.824874;-1.119371;-6.889448;,
        -0.824874;-1.179260;-7.503404;,
        -0.869060;-1.179260;-7.503404;,
        -0.869060;-1.119371;-6.889448;,
        -0.821599;-1.105057;-6.895330;,
        -0.821599;-1.195041;-6.848832;,
        -0.872335;-1.195041;-6.848832;,
        -0.872335;-1.105057;-6.895330;,
        -0.821599;-0.917598;-4.973586;,
        -0.872335;-0.917598;-4.973586;,
        -0.872335;-1.007583;-4.927088;,
        -0.821599;-1.007583;-4.927088;,
        -0.821599;-1.105057;-6.895330;,
        -0.821599;-0.917598;-4.973586;,
        -0.821599;-1.007583;-4.927088;,
        -0.821599;-1.195041;-6.848832;,
        -0.821599;-1.195041;-6.848832;,
        -0.821599;-1.007583;-4.927088;,
        -0.872335;-1.007583;-4.927088;,
        -0.872335;-1.195041;-6.848832;,
        -0.872335;-1.195041;-6.848832;,
        -0.872335;-1.007583;-4.927088;,
        -0.872335;-0.917598;-4.973586;,
        -0.872335;-1.105057;-6.895330;,
        -0.821599;-0.917598;-4.973586;,
        -0.821599;-1.105057;-6.895330;,
        -0.872335;-1.105057;-6.895330;,
        -0.872335;-0.917598;-4.973586;,
        -0.821599;-0.552489;-6.840756;,
        -0.821599;-0.641805;-6.893645;,
        -0.872335;-0.641805;-6.893645;,
        -0.872335;-0.552489;-6.840756;,
        -0.821599;-0.765716;-4.933295;,
        -0.872335;-0.765716;-4.933295;,
        -0.872335;-0.855032;-4.986185;,
        -0.821599;-0.855032;-4.986185;,
        -0.821599;-0.552489;-6.840756;,
        -0.821599;-0.765716;-4.933295;,
        -0.821599;-0.855032;-4.986185;,
        -0.821599;-0.641805;-6.893645;,
        -0.821599;-0.641805;-6.893645;,
        -0.821599;-0.855032;-4.986185;,
        -0.872335;-0.855032;-4.986185;,
        -0.872335;-0.641805;-6.893645;,
        -0.872335;-0.641805;-6.893645;,
        -0.872335;-0.855032;-4.986185;,
        -0.872335;-0.765716;-4.933295;,
        -0.872335;-0.552489;-6.840756;,
        -0.821599;-0.765716;-4.933295;,
        -0.821599;-0.552489;-6.840756;,
        -0.872335;-0.552489;-6.840756;,
        -0.872335;-0.765716;-4.933295;,
        -0.824874;-0.498277;-7.459910;,
        -0.824874;-0.559455;-7.496138;,
        -0.869060;-0.559455;-7.496138;,
        -0.869060;-0.498277;-7.459910;,
        -0.824874;-0.566398;-6.850517;,
        -0.869060;-0.566398;-6.850517;,
        -0.869060;-0.627576;-6.886744;,
        -0.824874;-0.627576;-6.886744;,
        -0.824874;-0.498277;-7.459910;,
        -0.824874;-0.566398;-6.850517;,
        -0.824874;-0.627576;-6.886744;,
        -0.824874;-0.559455;-7.496138;,
        -0.824874;-0.559455;-7.496138;,
        -0.824874;-0.627576;-6.886744;,
        -0.869060;-0.627576;-6.886744;,
        -0.869060;-0.559455;-7.496138;,
        -0.869060;-0.559455;-7.496138;,
        -0.869060;-0.627576;-6.886744;,
        -0.869060;-0.566398;-6.850517;,
        -0.869060;-0.498277;-7.459910;,
        -0.824874;-0.566398;-6.850517;,
        -0.824874;-0.498277;-7.459910;,
        -0.869060;-0.498277;-7.459910;,
        -0.869060;-0.566398;-6.850517;,
        -0.824874;-0.847799;-7.579130;,
        -0.824874;-0.910970;-7.579130;,
        -0.869060;-0.910970;-7.579130;,
        -0.869060;-0.847799;-7.579130;,
        -0.824874;-0.847799;-6.949891;,
        -0.869060;-0.847799;-6.949891;,
        -0.869060;-0.910970;-6.949891;,
        -0.824874;-0.910970;-6.949891;,
        -0.824874;-0.847799;-7.579130;,
        -0.824874;-0.847799;-6.949891;,
        -0.824874;-0.910970;-6.949891;,
        -0.824874;-0.910970;-7.579130;,
        -0.824874;-0.910970;-7.579130;,
        -0.824874;-0.910970;-6.949891;,
        -0.869060;-0.910970;-6.949891;,
        -0.869060;-0.910970;-7.579130;,
        -0.869060;-0.910970;-7.579130;,
        -0.869060;-0.910970;-6.949891;,
        -0.869060;-0.847799;-6.949891;,
        -0.869060;-0.847799;-7.579130;,
        -0.824874;-0.847799;-6.949891;,
        -0.824874;-0.847799;-7.579130;,
        -0.869060;-0.847799;-7.579130;,
        -0.869060;-0.847799;-6.949891;,
        -0.821599;-0.833272;-6.948414;,
        -0.821599;-0.925497;-6.948414;,
        -0.872335;-0.925497;-6.948414;,
        -0.872335;-0.833272;-6.948414;,
        -0.821599;-0.833272;-4.978832;,
        -0.872335;-0.833272;-4.978832;,
        -0.872335;-0.925497;-4.978832;,
        -0.821599;-0.925497;-4.978832;,
        -0.821599;-0.833272;-6.948414;,
        -0.821599;-0.833272;-4.978832;,
        -0.821599;-0.925497;-4.978832;,
        -0.821599;-0.925497;-6.948414;,
        -0.821599;-0.925497;-6.948414;,
        -0.821599;-0.925497;-4.978832;,
        -0.872335;-0.925497;-4.978832;,
        -0.872335;-0.925497;-6.948414;,
        -0.872335;-0.925497;-6.948414;,
        -0.872335;-0.925497;-4.978832;,
        -0.872335;-0.833272;-4.978832;,
        -0.872335;-0.833272;-6.948414;,
        -0.821599;-0.833272;-4.978832;,
        -0.821599;-0.833272;-6.948414;,
        -0.872335;-0.833272;-6.948414;,
        -0.872335;-0.833272;-4.978832;,
        -0.806847;-0.800306;-5.002624;,
        -0.806847;-0.958464;-5.002624;,
        -0.887087;-0.958464;-5.002624;,
        -0.887087;-0.800306;-5.002624;,
        -0.806847;-0.800306;-3.033042;,
        -0.887087;-0.800306;-3.033042;,
        -0.887087;-0.958464;-3.033042;,
        -0.806847;-0.958464;-3.033042;,
        -0.806847;-0.800306;-5.002624;,
        -0.806847;-0.800306;-3.033042;,
        -0.806847;-0.958464;-3.033042;,
        -0.806847;-0.958464;-5.002624;,
        -0.806847;-0.958464;-5.002624;,
        -0.806847;-0.958464;-3.033042;,
        -0.887087;-0.958464;-3.033042;,
        -0.887087;-0.958464;-5.002624;,
        -0.887087;-0.958464;-5.002624;,
        -0.887087;-0.958464;-3.033042;,
        -0.887087;-0.800306;-3.033042;,
        -0.887087;-0.800306;-5.002624;,
        -0.806847;-0.800306;-3.033042;,
        -0.806847;-0.800306;-5.002624;,
        -0.887087;-0.800306;-5.002624;,
        -0.887087;-0.800306;-3.033042;,
        -0.782380;-0.782082;-3.000048;,
        -0.782380;-0.976688;-3.000048;,
        -0.911554;-0.976688;-3.000048;,
        -0.911554;-0.782082;-3.000048;,
        -0.782380;-0.782082;-1.030467;,
        -0.911554;-0.782082;-1.030467;,
        -0.911554;-0.976688;-1.030467;,
        -0.782380;-0.976688;-1.030467;,
        -0.782380;-0.782082;-3.000048;,
        -0.782380;-0.782082;-1.030467;,
        -0.782380;-0.976688;-1.030467;,
        -0.782380;-0.976688;-3.000048;,
        -0.782380;-0.976688;-3.000048;,
        -0.782380;-0.976688;-1.030467;,
        -0.911554;-0.976688;-1.030467;,
        -0.911554;-0.976688;-3.000048;,
        -0.911554;-0.976688;-3.000048;,
        -0.911554;-0.976688;-1.030467;,
        -0.911554;-0.782082;-1.030467;,
        -0.911554;-0.782082;-3.000048;,
        -0.782380;-0.782082;-1.030467;,
        -0.782380;-0.782082;-3.000048;,
        -0.911554;-0.782082;-3.000048;,
        -0.911554;-0.782082;-1.030467;,
         0.913577;-6.448157; 0.052289;,
         0.792212;-6.252073; 0.052289;,
        -1.398713;-7.967270; 0.052289;,
        -1.277347;-8.163355; 0.052289;,
         0.913578;-6.448157;-0.052291;,
        -1.277347;-8.163355;-0.052291;,
        -1.398713;-7.967271;-0.052291;,
         0.792211;-6.252073;-0.052291;,
         0.913577;-6.448157; 0.052289;,
         0.913578;-6.448157;-0.052291;,
         0.792211;-6.252073;-0.052291;,
         0.792212;-6.252073; 0.052289;,
         0.792212;-6.252073; 0.052289;,
         0.792211;-6.252073;-0.052291;,
        -1.398713;-7.967271;-0.052291;,
        -1.398713;-7.967270; 0.052289;,
        -1.398713;-7.967270; 0.052289;,
        -1.398713;-7.967271;-0.052291;,
        -1.277347;-8.163355;-0.052291;,
        -1.277347;-8.163355; 0.052289;,
         0.913578;-6.448157;-0.052291;,
         0.913577;-6.448157; 0.052289;,
        -1.277347;-8.163355; 0.052289;,
        -1.277347;-8.163355;-0.052291;,
         0.909169;-6.451794; 0.052289;,
         0.834315;-6.228204; 0.052289;,
        -1.518020;-7.224284; 0.052289;,
        -1.443166;-7.447874; 0.052289;,
         0.909169;-6.451793;-0.052291;,
        -1.443167;-7.447874;-0.052291;,
        -1.518020;-7.224284;-0.052291;,
         0.834315;-6.228204;-0.052291;,
         0.909169;-6.451794; 0.052289;,
         0.909169;-6.451793;-0.052291;,
         0.834315;-6.228204;-0.052291;,
         0.834315;-6.228204; 0.052289;,
         0.834315;-6.228204; 0.052289;,
         0.834315;-6.228204;-0.052291;,
        -1.518020;-7.224284;-0.052291;,
        -1.518020;-7.224284; 0.052289;,
        -1.518020;-7.224284; 0.052289;,
        -1.518020;-7.224284;-0.052291;,
        -1.443167;-7.447874;-0.052291;,
        -1.443166;-7.447874; 0.052289;,
         0.909169;-6.451793;-0.052291;,
         0.909169;-6.451794; 0.052289;,
        -1.443166;-7.447874; 0.052289;,
        -1.443167;-7.447874;-0.052291;,
         0.891352;-6.197150; 0.052289;,
         0.834035;-5.967098; 0.052289;,
        -1.586293;-6.729808; 0.052289;,
        -1.528976;-6.959862; 0.052289;,
         0.891352;-6.197150;-0.052291;,
        -1.528976;-6.959862;-0.052291;,
        -1.586293;-6.729809;-0.052291;,
         0.834035;-5.967098;-0.052291;,
         0.891352;-6.197150; 0.052289;,
         0.891352;-6.197150;-0.052291;,
         0.834035;-5.967098;-0.052291;,
         0.834035;-5.967098; 0.052289;,
         0.834035;-5.967098; 0.052289;,
         0.834035;-5.967098;-0.052291;,
        -1.586293;-6.729809;-0.052291;,
        -1.586293;-6.729808; 0.052289;,
        -1.586293;-6.729808; 0.052289;,
        -1.586293;-6.729809;-0.052291;,
        -1.528976;-6.959862;-0.052291;,
        -1.528976;-6.959862; 0.052289;,
         0.891352;-6.197150;-0.052291;,
         0.891352;-6.197150; 0.052289;,
        -1.528976;-6.959862; 0.052289;,
        -1.528976;-6.959862;-0.052291;,
         0.899008;-5.887440; 0.052289;,
         0.849022;-5.655234; 0.052289;,
