xof 0303txt 0032

template XSkinMeshHeader {
  <3cf169ce-ff7c-44ab-93c0-f78f62d172e2>
  WORD nMaxSkinWeightsPerVertex;
  WORD nMaxSkinWeightsPerFace;
  WORD nBones;
}

template SkinWeights {
  <6f0d123b-bad2-4167-a0d0-80224f25fabb>
  STRING transformNodeName;
  DWORD nWeights;
  array DWORD vertexIndices[nWeights];
  array float weights[nWeights];
  Matrix4x4 matrixOffset;
}

Frame Root {
  FrameTransformMatrix {
     1.000000, 0.000000, 0.000000, 0.000000,
     0.000000,-0.000000, 1.000000, 0.000000,
     0.000000, 1.000000, 0.000000, 0.000000,
     0.000000, 0.000000, 0.000000, 1.000000;;
  }
  Frame Armature {
    FrameTransformMatrix {
       0.321655, 0.000000, 0.000000, 0.000000,
       0.000000, 0.321655, 0.000000, 0.000000,
       0.000000, 0.000000, 0.321655, 0.000000,
      -0.044552, 0.021946,-0.443560, 1.000000;;
    }
    Frame Armature_Bone {
      FrameTransformMatrix {
         0.687746, 0.000000,-0.725951, 0.000000,
         0.725951,-0.000000, 0.687746, 0.000000,
         0.000000,-1.000000,-0.000000, 0.000000,
        -0.225917, 0.000000, 1.226811, 1.000000;;
      }
      Frame Armature_Bone_001 {
        FrameTransformMatrix {
          -0.000000,-0.000000, 1.000000, 0.000000,
           0.198065, 0.980189, 0.000000, 0.000000,
          -0.980189, 0.198065,-0.000000, 0.000000,
           0.000000, 1.027308, 0.000000, 1.000000;;
        }
        Frame Armature_Bone_002 {
          FrameTransformMatrix {
             0.116746, 0.979743, 0.162711, 0.000000,
            -0.993162, 0.115168, 0.019127, 0.000000,
             0.000000,-0.163831, 0.986488, 0.000000,
            -0.000000, 0.415807, 0.000000, 1.000000;;
          }
          Frame Armature_Bone_003 {
            FrameTransformMatrix {
               0.844410, 0.047536, 0.533584, 0.000000,
              -0.414887, 0.688134, 0.595265, 0.000000,
              -0.338881,-0.724025, 0.600789, 0.000000,
               0.000000, 0.492356,-0.000000, 1.000000;;
            }
            Frame Armature_Bone_004 {
              FrameTransformMatrix {
                 0.987047,-0.150078, 0.056698, 0.000000,
                 0.157913, 0.846496,-0.508436, 0.000000,
                 0.028311, 0.510804, 0.859231, 0.000000,
                -0.000000, 0.393265,-0.000000, 1.000000;;
              }
              Frame Armature_Bone_005 {
                FrameTransformMatrix {
                   0.997876,-0.007806,-0.064676, 0.000000,
                  -0.015798, 0.934166,-0.356489, 0.000000,
                   0.063201, 0.356754, 0.932058, 0.000000,
                  -0.000000, 2.485883, 0.000000, 1.000000;;
                }
              } // End of Armature_Bone_005
            } // End of Armature_Bone_004
          } // End of Armature_Bone_003
        } // End of Armature_Bone_002
        Frame Armature_Bone_006 {
          FrameTransformMatrix {
             0.000000,-0.986488,-0.163831, 0.000000,
             1.000000, 0.000000, 0.000000, 0.000000,
            -0.000000,-0.163831, 0.986488, 0.000000,
            -0.000000, 0.415807, 0.000000, 1.000000;;
          }
          Frame Armature_Bone_007 {
            FrameTransformMatrix {
               0.903495, 0.103684,-0.415867, 0.000000,
               0.220274, 0.720015, 0.658071, 0.000000,
               0.367662,-0.686169, 0.627692, 0.000000,
              -0.000000, 0.530283,-0.000000, 1.000000;;
            }
            Frame Armature_Bone_008 {
              FrameTransformMatrix {
                 0.993212, 0.062304,-0.098225, 0.000000,
                -0.102234, 0.870368,-0.481672, 0.000000,
                 0.055481, 0.488444, 0.870829, 0.000000,
                -0.000000, 0.413402, 0.000000, 1.000000;;
              }
              Frame Armature_Bone_009 {
                FrameTransformMatrix {
                   0.995385,-0.080161,-0.052755, 0.000000,
                   0.041861, 0.857386,-0.512968, 0.000000,
                   0.086352, 0.508393, 0.856785, 0.000000,
                   0.000000, 2.480743,-0.000000, 1.000000;;
                }
              } // End of Armature_Bone_009
            } // End of Armature_Bone_008
          } // End of Armature_Bone_007
        } // End of Armature_Bone_006
        Frame Armature_Bone_065 {
          FrameTransformMatrix {
             1.000000,-0.000000, 0.000000, 0.000000,
             0.000000, 0.850880,-0.525361, 0.000000,
            -0.000000, 0.525361, 0.850879, 0.000000,
            -0.000000, 0.415807, 0.000000, 1.000000;;
          }
          Frame Armature_Bone_066 {
            FrameTransformMatrix {
               1.000000, 0.000000,-0.000000, 0.000000,
              -0.000000, 0.994486, 0.104868, 0.000000,
               0.000000,-0.104868, 0.994486, 0.000000,
               0.000000, 0.584734, 0.000000, 1.000000;;
            }
            Frame Armature_Bone_067 {
              FrameTransformMatrix {
                 0.999905,-0.013785,-0.000831, 0.000000,
                 0.013810, 0.998091, 0.060202, 0.000000,
                -0.000000,-0.060208, 0.998186, 0.000000,
                -0.000000, 0.507355, 0.000000, 1.000000;;
              }
            } // End of Armature_Bone_067
            Frame Armature_Bone_068 {
              FrameTransformMatrix {
                -0.000000, 0.991843,-0.127465, 0.000000,
                 0.000000,-0.127465,-0.991843, 0.000000,
                -1.000000,-0.000000,-0.000000, 0.000000,
                -0.000000, 0.507355, 0.000000, 1.000000;;
              }
              Frame Armature_Bone_069 {
                FrameTransformMatrix {
                  -0.041721,-0.002675,-0.999126, 0.000000,
                   0.997709, 0.053190,-0.041804, 0.000000,
                   0.053255,-0.998581, 0.000450, 0.000000,
                  -0.000000, 0.226206, 0.000000, 1.000000;;
                }
              } // End of Armature_Bone_069
            } // End of Armature_Bone_068
          } // End of Armature_Bone_066
          Frame Armature_Bone_075 {
            FrameTransformMatrix {
              -0.000000, 0.999741,-0.022749, 0.000000,
               0.000000,-0.022749,-0.999741, 0.000000,
              -1.000000,-0.000000, 0.000000, 0.000000,
               0.000000, 0.584734, 0.000000, 1.000000;;
            }
          } // End of Armature_Bone_075
        } // End of Armature_Bone_065
      } // End of Armature_Bone_001
    } // End of Armature_Bone
    Frame Armature_Bone_010 {
      FrameTransformMatrix {
        -0.016319, 0.999867, 0.000000, 0.000000,
        -0.228945,-0.003737,-0.973432, 0.000000,
        -0.973303,-0.015886, 0.228976, 0.000000,
        -0.211927, 0.000000, 1.227298, 1.000000;;
      }
      Frame Armature_Bone_011 {
        FrameTransformMatrix {
           0.999518,-0.031028, 0.000000, 0.000000,
           0.031013, 0.999051,-0.030578, 0.000000,
           0.000949, 0.030564, 0.999532, 0.000000,
           0.000000, 1.944373,-0.000000, 1.000000;;
        }
        Frame Armature_Bone_012 {
          FrameTransformMatrix {
             0.999791, 0.020453,-0.000000, 0.000000,
            -0.020452, 0.999744,-0.009662, 0.000000,
            -0.000198, 0.009660, 0.999953, 0.000000,
             0.000000, 1.190484, 0.000000, 1.000000;;
          }
          Frame Armature_Bone_013 {
            FrameTransformMatrix {
               0.996916,-0.078472,-0.000000, 0.000000,
               0.078472, 0.996916,-0.000000, 0.000000,
               0.000000, 0.000000, 1.000000, 0.000000,
               0.000000, 0.918159, 0.000000, 1.000000;;
            }
          } // End of Armature_Bone_013
        } // End of Armature_Bone_012
      } // End of Armature_Bone_011
    } // End of Armature_Bone_010
    Frame Armature_Bone_014 {
      FrameTransformMatrix {
        -0.180652, 0.924226,-0.336410, 0.000000,
        -0.741974,-0.352585,-0.570226, 0.000000,
        -0.645631, 0.146595, 0.749447, 0.000000,
        -0.211927, 0.000000, 1.221325, 1.000000;;
      }
      Frame Armature_Bone_015 {
        FrameTransformMatrix {
           0.959803,-0.274132,-0.060247, 0.000000,
           0.192705, 0.799683,-0.568659, 0.000000,
           0.204066, 0.534191, 0.820364, 0.000000,
           0.000000, 0.452796,-0.000000, 1.000000;;
        }
        Frame Armature_Bone_016 {
          FrameTransformMatrix {
             0.997751,-0.067011, 0.001220, 0.000000,
             0.066796, 0.992736,-0.100070, 0.000000,
             0.005495, 0.099927, 0.994980, 0.000000,
             0.000000, 1.247201,-0.000000, 1.000000;;
          }
          Frame Armature_Bone_017 {
            FrameTransformMatrix {
               0.998956,-0.045086, 0.007339, 0.000000,
               0.045185, 0.998880,-0.014019, 0.000000,
              -0.006699, 0.014336, 0.999875, 0.000000,
              -0.000000, 1.027741, 0.000000, 1.000000;;
            }
            Frame Armature_Bone_018 {
              FrameTransformMatrix {
                 0.991327, 0.131414,-0.000000, 0.000000,
                -0.131414, 0.991327, 0.000000, 0.000000,
                -0.000000, 0.000000, 1.000000, 0.000000,
                 0.000000, 0.819664, 0.000000, 1.000000;;
              }
            } // End of Armature_Bone_018
          } // End of Armature_Bone_017
        } // End of Armature_Bone_016
      } // End of Armature_Bone_015
    } // End of Armature_Bone_014
    Frame Armature_Bone_019 {
      FrameTransformMatrix {
         0.137125, 0.923752, 0.357603, 0.000000,
        -0.762488, 0.328882,-0.557180, 0.000000,
        -0.632305,-0.196265, 0.749447, 0.000000,
        -0.211927, 0.000000, 1.221325, 1.000000;;
      }
      Frame Armature_Bone_020 {
        FrameTransformMatrix {
           0.964259, 0.258835, 0.056643, 0.000000,
          -0.167658, 0.761583,-0.626005, 0.000000,
          -0.205170, 0.594134, 0.777759, 0.000000,
           0.000000, 0.435989, 0.000000, 1.000000;;
        }
        Frame Armature_Bone_021 {
          FrameTransformMatrix {
             0.997618, 0.068941,-0.002317, 0.000000,
            -0.068825, 0.992570,-0.100345, 0.000000,
            -0.004618, 0.100266, 0.994950, 0.000000,
            -0.000000, 1.284573, 0.000000, 1.000000;;
          }
          Frame Armature_Bone_022 {
            FrameTransformMatrix {
               0.997036, 0.076868,-0.003135, 0.000000,
              -0.076773, 0.996765, 0.023786, 0.000000,
               0.004954,-0.023475, 0.999712, 0.000000,
               0.000000, 1.005436,-0.000000, 1.000000;;
            }
            Frame Armature_Bone_023 {
              FrameTransformMatrix {
                 0.998911, 0.046654,-0.000000, 0.000000,
                -0.046654, 0.998911,-0.000000, 0.000000,
                 0.000000, 0.000000, 1.000000, 0.000000,
                 0.000000, 0.800063, 0.000000, 1.000000;;
              }
            } // End of Armature_Bone_023
          } // End of Armature_Bone_022
        } // End of Armature_Bone_021
      } // End of Armature_Bone_020
    } // End of Armature_Bone_019
    Frame Armature_Bone_024 {
      FrameTransformMatrix {
         0.273680, 0.824162, 0.495839, 0.000000,
        -0.740087, 0.509705,-0.438717, 0.000000,
        -0.614305,-0.246896, 0.749447, 0.000000,
        -0.211927, 0.000000, 1.221325, 1.000000;;
      }
      Frame Armature_Bone_030 {
        FrameTransformMatrix {
           0.924452, 0.378544, 0.045747, 0.000000,
          -0.260091, 0.713763,-0.650304, 0.000000,
          -0.278821, 0.589277, 0.758296, 0.000000,
           0.000000, 0.469678,-0.000000, 1.000000;;
        }
        Frame Armature_Bone_031 {
          FrameTransformMatrix {
             0.995179, 0.098032, 0.002898, 0.000000,
            -0.097870, 0.994575,-0.035238, 0.000000,
            -0.006337, 0.034784, 0.999375, 0.000000,
            -0.000000, 1.128073,-0.000000, 1.000000;;
          }
          Frame Armature_Bone_032 {
            FrameTransformMatrix {
               0.997449, 0.071374, 0.001451, 0.000000,
              -0.071329, 0.997237,-0.020745, 0.000000,
              -0.002927, 0.020588, 0.999784, 0.000000,
               0.000000, 0.843739, 0.000000, 1.000000;;
            }
            Frame Armature_Bone_033 {
              FrameTransformMatrix {
                -0.000823, 0.001187, 0.999999, 0.000000,
                -0.123888, 0.992295,-0.001280, 0.000000,
                -0.992296,-0.123889,-0.000670, 0.000000,
                -0.000000, 0.693475,-0.000000, 1.000000;;
              }
            } // End of Armature_Bone_033
          } // End of Armature_Bone_032
        } // End of Armature_Bone_031
      } // End of Armature_Bone_030
    } // End of Armature_Bone_024
    Frame Armature_Bone_034 {
      FrameTransformMatrix {
        -0.344244, 0.803880,-0.485049, 0.000000,
        -0.689427,-0.567128,-0.450618, 0.000000,
        -0.637328, 0.179283, 0.749447, 0.000000,
        -0.211927, 0.000000, 1.221325, 1.000000;;
      }
      Frame Armature_Bone_040 {
        FrameTransformMatrix {
           0.857202,-0.510765,-0.065765, 0.000000,
           0.392746, 0.730986,-0.558041, 0.000000,
           0.333101, 0.452525, 0.827203, 0.000000,
           0.000000, 0.513673,-0.000000, 1.000000;;
        }
        Frame Armature_Bone_041 {
          FrameTransformMatrix {
             0.997017,-0.077073, 0.004100, 0.000000,
             0.077181, 0.995947,-0.046179, 0.000000,
            -0.000524, 0.046358, 0.998925, 0.000000,
            -0.000000, 1.051467, 0.000000, 1.000000;;
          }
          Frame Armature_Bone_042 {
            FrameTransformMatrix {
               0.999157,-0.040019, 0.009094, 0.000000,
               0.040157, 0.999073,-0.015524, 0.000000,
              -0.008465, 0.015876, 0.999838, 0.000000,
               0.000000, 0.812599,-0.000000, 1.000000;;
            }
            Frame Armature_Bone_043 {
              FrameTransformMatrix {
                 0.985841,-0.167683,-0.000000, 0.000000,
                 0.167683, 0.985841, 0.000000, 0.000000,
                -0.000000,-0.000000, 1.000000, 0.000000,
                 0.000000, 0.725271, 0.000000, 1.000000;;
              }
            } // End of Armature_Bone_043
          } // End of Armature_Bone_042
        } // End of Armature_Bone_041
      } // End of Armature_Bone_040
    } // End of Armature_Bone_034
    Frame Armature_Bone_044 {
      FrameTransformMatrix {
         0.843610,-0.395877, 0.362772, 0.000000,
        -0.118098,-0.795859,-0.593853, 0.000000,
         0.523808, 0.458138,-0.718147, 0.000000,
        -0.292367,-0.065712, 1.073228, 1.000000;;
      }
      Frame Armature_Bone_046 {
        FrameTransformMatrix {
           0.103812,-0.534483,-0.838779, 0.000000,
           0.912919,-0.283483, 0.293628, 0.000000,
          -0.394719,-0.796219, 0.458511, 0.000000,
          -0.000000, 0.612198, 0.000000, 1.000000;;
        }
        Frame Armature_Bone_048 {
          FrameTransformMatrix {
            -0.814786, 0.579760, 0.001002, 0.000000,
            -0.579716,-0.814744, 0.011043, 0.000000,
             0.007218, 0.008417, 0.999938, 0.000000,
             0.000000, 0.481350,-0.000000, 1.000000;;
          }
          Frame Armature_Bone_050 {
            FrameTransformMatrix {
               1.000000, 0.000000, 0.000000, 0.000000,
              -0.000000, 0.999721,-0.023620, 0.000000,
              -0.000000, 0.023620, 0.999721, 0.000000,
               0.000000, 0.460679, 0.000000, 1.000000;;
            }
            Frame Armature_Bone_052 {
              FrameTransformMatrix {
                 0.387991, 0.921610, 0.009871, 0.000000,
                -0.921596, 0.387812, 0.016197, 0.000000,
                 0.011099,-0.015381, 0.999820, 0.000000,
                -0.000000, 0.442460, 0.000000, 1.000000;;
              }
            } // End of Armature_Bone_052
          } // End of Armature_Bone_050
          Frame Armature_Bone_054 {
            FrameTransformMatrix {
               1.000000, 0.000000, 0.000000, 0.000000,
              -0.000000, 0.957309, 0.289066, 0.000000,
              -0.000000,-0.289066, 0.957309, 0.000000,
               0.000000, 0.460679, 0.000000, 1.000000;;
            }
            Frame Armature_Bone_055 {
              FrameTransformMatrix {
                 0.331097, 0.899717,-0.284402, 0.000000,
                -0.905996, 0.387355, 0.170665, 0.000000,
                 0.263714, 0.201161, 0.943392, 0.000000,
                 0.000000, 0.449510, 0.000000, 1.000000;;
              }
            } // End of Armature_Bone_055
          } // End of Armature_Bone_054
          Frame Armature_Bone_056 {
            FrameTransformMatrix {
               1.000000,-0.000000, 0.000000, 0.000000,
               0.000000, 0.942295,-0.334785, 0.000000,
              -0.000000, 0.334785, 0.942295, 0.000000,
               0.000000, 0.460679, 0.000000, 1.000000;;
            }
            Frame Armature_Bone_057 {
              FrameTransformMatrix {
                 0.296853, 0.903872, 0.308050, 0.000000,
                -0.936016, 0.339296,-0.093559, 0.000000,
                -0.189086,-0.260566, 0.946759, 0.000000,
                 0.000000, 0.448674, 0.000000, 1.000000;;
              }
            } // End of Armature_Bone_057
          } // End of Armature_Bone_056
        } // End of Armature_Bone_048
      } // End of Armature_Bone_046
    } // End of Armature_Bone_044
    Frame Armature_Bone_045 {
      FrameTransformMatrix {
         0.838396, 0.429428, 0.335684, 0.000000,
        -0.140773, 0.765565,-0.627768, 0.000000,
        -0.526570, 0.479063, 0.702298, 0.000000,
        -0.298328, 0.066323, 1.078991, 1.000000;;
      }
      Frame Armature_Bone_047 {
        FrameTransformMatrix {
           0.139611,-0.580363, 0.802301, 0.000000,
           0.892244,-0.277648,-0.356106, 0.000000,
           0.429428, 0.765565, 0.479063, 0.000000,
           0.000000, 0.591956, 0.000000, 1.000000;;
        }
        Frame Armature_Bone_049 {
          FrameTransformMatrix {
            -0.766847, 0.641831, 0.000001, 0.000000,
            -0.641831,-0.766847, 0.000000, 0.000000,
             0.000000,-0.000000, 1.000000, 0.000000,
             0.000000, 0.481349,-0.000000, 1.000000;;
          }
          Frame Armature_Bone_051 {
            FrameTransformMatrix {
               1.000000, 0.000000,-0.000000, 0.000000,
              -0.000000, 1.000000, 0.000000, 0.000000,
               0.000000,-0.000000, 1.000000, 0.000000,
              -0.000000, 0.460640,-0.000000, 1.000000;;
            }
            Frame Armature_Bone_053 {
              FrameTransformMatrix {
                 0.455580, 0.890195, 0.000000, 0.000000,
                -0.890195, 0.455580, 0.000000, 0.000000,
                 0.000000,-0.000000, 1.000000, 0.000000,
                -0.000000, 0.442435,-0.000000, 1.000000;;
              }
            } // End of Armature_Bone_053
          } // End of Armature_Bone_051
          Frame Armature_Bone_058 {
            FrameTransformMatrix {
               1.000000, 0.000000,-0.000000, 0.000000,
              -0.000000, 0.946565, 0.322514, 0.000000,
               0.000000,-0.322514, 0.946565, 0.000000,
              -0.000000, 0.460640,-0.000000, 1.000000;;
            }
            Frame Armature_Bone_059 {
              FrameTransformMatrix {
                 0.470568, 0.835214,-0.284574, 0.000000,
                -0.848454, 0.516855, 0.113957, 0.000000,
                 0.242262, 0.187824, 0.951857, 0.000000,
                 0.000000, 0.461871,-0.000000, 1.000000;;
              }
            } // End of Armature_Bone_059
          } // End of Armature_Bone_058
          Frame Armature_Bone_060 {
            FrameTransformMatrix {
               1.000000,-0.000000,-0.000000, 0.000000,
              -0.000000, 0.948503,-0.316767, 0.000000,
               0.000000, 0.316767, 0.948503, 0.000000,
              -0.000000, 0.460640,-0.000000, 1.000000;;
            }
            Frame Armature_Bone_061 {
              FrameTransformMatrix {
                 0.395370, 0.871221, 0.290958, 0.000000,
                -0.894534, 0.437137,-0.093384, 0.000000,
                -0.208547,-0.223350, 0.952168, 0.000000,
                -0.000000, 0.450563, 0.000000, 1.000000;;
              }
            } // End of Armature_Bone_061
          } // End of Armature_Bone_060
        } // End of Armature_Bone_049
      } // End of Armature_Bone_047
    } // End of Armature_Bone_045
    Frame Cube {
      FrameTransformMatrix {
         1.000000, 0.000000, 0.000000, 0.000000,
         0.000000, 0.524898, 0.000000, 0.000000,
         0.000000, 0.000000, 0.228059, 0.000000,
         0.346824,-0.021946, 0.245693, 1.000000;;
      }
      Mesh { // Cube mesh
        2568;
        -0.782380; 1.000787;-3.000048;,
        -0.782380; 0.806180;-3.000048;,
        -0.911554; 0.806180;-3.000048;,
        -0.911554; 1.000787;-3.000048;,
        -0.782380; 1.000786;-1.030467;,
        -0.911554; 1.000787;-1.030467;,
        -0.911554; 0.806180;-1.030467;,
        -0.782380; 0.806180;-1.030467;,
        -0.782380; 1.000787;-3.000048;,
        -0.782380; 1.000786;-1.030467;,
        -0.782380; 0.806180;-1.030467;,
        -0.782380; 0.806180;-3.000048;,
        -0.782380; 0.806180;-3.000048;,
        -0.782380; 0.806180;-1.030467;,
        -0.911554; 0.806180;-1.030467;,
        -0.911554; 0.806180;-3.000048;,
        -0.911554; 0.806180;-3.000048;,
        -0.911554; 0.806180;-1.030467;,
        -0.911554; 1.000787;-1.030467;,
        -0.911554; 1.000787;-3.000048;,
        -0.782380; 1.000786;-1.030467;,
        -0.782380; 1.000787;-3.000048;,
        -0.911554; 1.000787;-3.000048;,
        -0.911554; 1.000787;-1.030467;,
        -0.806847; 0.982562;-5.002624;,
        -0.806847; 0.824404;-5.002624;,
        -0.887087; 0.824404;-5.002624;,
        -0.887087; 0.982562;-5.002624;,
        -0.806847; 0.982562;-3.033042;,
        -0.887087; 0.982562;-3.033042;,
        -0.887087; 0.824404;-3.033042;,
        -0.806847; 0.824404;-3.033042;,
        -0.806847; 0.982562;-5.002624;,
        -0.806847; 0.982562;-3.033042;,
        -0.806847; 0.824404;-3.033042;,
        -0.806847; 0.824404;-5.002624;,
        -0.806847; 0.824404;-5.002624;,
        -0.806847; 0.824404;-3.033042;,
        -0.887087; 0.824404;-3.033042;,
        -0.887087; 0.824404;-5.002624;,
        -0.887087; 0.824404;-5.002624;,
        -0.887087; 0.824404;-3.033042;,
        -0.887087; 0.982562;-3.033042;,
        -0.887087; 0.982562;-5.002624;,
        -0.806847; 0.982562;-3.033042;,
        -0.806847; 0.982562;-5.002624;,
        -0.887087; 0.982562;-5.002624;,
        -0.887087; 0.982562;-3.033042;,
        -0.821599; 0.949596;-6.948414;,
        -0.821599; 0.857371;-6.948414;,
        -0.872335; 0.857371;-6.948414;,
        -0.872335; 0.949596;-6.948414;,
        -0.821599; 0.949596;-4.978832;,
        -0.872335; 0.949596;-4.978832;,
        -0.872335; 0.857371;-4.978832;,
        -0.821599; 0.857371;-4.978832;,
        -0.821599; 0.949596;-6.948414;,
        -0.821599; 0.949596;-4.978832;,
        -0.821599; 0.857371;-4.978832;,
        -0.821599; 0.857371;-6.948414;,
        -0.821599; 0.857371;-6.948414;,
        -0.821599; 0.857371;-4.978832;,
        -0.872335; 0.857371;-4.978832;,
        -0.872335; 0.857371;-6.948414;,
        -0.872335; 0.857371;-6.948414;,
        -0.872335; 0.857371;-4.978832;,
        -0.872335; 0.949596;-4.978832;,
        -0.872335; 0.949596;-6.948414;,
        -0.821599; 0.949596;-4.978832;,
        -0.821599; 0.949596;-6.948414;,
        -0.872335; 0.949596;-6.948414;,
        -0.872335; 0.949596;-4.978832;,
        -0.824874; 0.935069;-7.579130;,
        -0.824874; 0.871898;-7.579130;,
        -0.869060; 0.871898;-7.579130;,
        -0.869060; 0.935069;-7.579130;,
        -0.824874; 0.935069;-6.949891;,
        -0.869060; 0.935069;-6.949891;,
        -0.869060; 0.871898;-6.949891;,
        -0.824874; 0.871898;-6.949891;,
        -0.824874; 0.935069;-7.579130;,
        -0.824874; 0.935069;-6.949891;,
        -0.824874; 0.871898;-6.949891;,
        -0.824874; 0.871898;-7.579130;,
        -0.824874; 0.871898;-7.579130;,
        -0.824874; 0.871898;-6.949891;,
        -0.869060; 0.871898;-6.949891;,
        -0.869060; 0.871898;-7.579130;,
        -0.869060; 0.871898;-7.579130;,
        -0.869060; 0.871898;-6.949891;,
        -0.869060; 0.935069;-6.949891;,
        -0.869060; 0.935069;-7.579130;,
        -0.824874; 0.935069;-6.949891;,
        -0.824874; 0.935069;-7.579130;,
        -0.869060; 0.935069;-7.579130;,
        -0.869060; 0.935069;-6.949891;,
        -0.824874; 1.284591;-7.459910;,
        -0.824874; 1.223413;-7.496138;,
        -0.869060; 1.223413;-7.496138;,
        -0.869060; 1.284591;-7.459910;,
        -0.824874; 1.216470;-6.850517;,
        -0.869060; 1.216470;-6.850517;,
        -0.869060; 1.155292;-6.886744;,
        -0.824874; 1.155292;-6.886744;,
        -0.824874; 1.284591;-7.459910;,
        -0.824874; 1.216470;-6.850517;,
        -0.824874; 1.155292;-6.886744;,
        -0.824874; 1.223413;-7.496138;,
        -0.824874; 1.223413;-7.496138;,
        -0.824874; 1.155292;-6.886744;,
        -0.869060; 1.155292;-6.886744;,
        -0.869060; 1.223413;-7.496138;,
        -0.869060; 1.223413;-7.496138;,
        -0.869060; 1.155292;-6.886744;,
        -0.869060; 1.216470;-6.850517;,
        -0.869060; 1.284591;-7.459910;,
        -0.824874; 1.216470;-6.850517;,
        -0.824874; 1.284591;-7.459910;,
        -0.869060; 1.284591;-7.459910;,
        -0.869060; 1.216470;-6.850517;,
        -0.821599; 1.230379;-6.840756;,
        -0.821599; 1.141063;-6.893645;,
        -0.872335; 1.141063;-6.893645;,
        -0.872335; 1.230379;-6.840756;,
        -0.821599; 1.017152;-4.933295;,
        -0.872335; 1.017152;-4.933295;,
        -0.872335; 0.927837;-4.986185;,
        -0.821599; 0.927836;-4.986185;,
        -0.821599; 1.230379;-6.840756;,
        -0.821599; 1.017152;-4.933295;,
        -0.821599; 0.927836;-4.986185;,
        -0.821599; 1.141063;-6.893645;,
        -0.821599; 1.141063;-6.893645;,
        -0.821599; 0.927836;-4.986185;,
        -0.872335; 0.927837;-4.986185;,
        -0.872335; 1.141063;-6.893645;,
        -0.872335; 1.141063;-6.893645;,
        -0.872335; 0.927837;-4.986185;,
        -0.872335; 1.017152;-4.933295;,
        -0.872335; 1.230379;-6.840756;,
        -0.821599; 1.017152;-4.933295;,
        -0.821599; 1.230379;-6.840756;,
        -0.872335; 1.230379;-6.840756;,
        -0.872335; 1.017152;-4.933295;,
        -0.821599; 0.677812;-6.895330;,
        -0.821599; 0.587827;-6.848832;,
        -0.872335; 0.587827;-6.848832;,
        -0.872335; 0.677812;-6.895330;,
        -0.821599; 0.865270;-4.973586;,
        -0.872335; 0.865270;-4.973586;,
        -0.872335; 0.775286;-4.927088;,
        -0.821599; 0.775286;-4.927088;,
        -0.821599; 0.677812;-6.895330;,
        -0.821599; 0.865270;-4.973586;,
        -0.821599; 0.775286;-4.927088;,
        -0.821599; 0.587827;-6.848832;,
        -0.821599; 0.587827;-6.848832;,
        -0.821599; 0.775286;-4.927088;,
        -0.872335; 0.775286;-4.927088;,
        -0.872335; 0.587827;-6.848832;,
        -0.872335; 0.587827;-6.848832;,
        -0.872335; 0.775286;-4.927088;,
        -0.872335; 0.865270;-4.973586;,
        -0.872335; 0.677812;-6.895330;,
        -0.821599; 0.865270;-4.973586;,
        -0.821599; 0.677812;-6.895330;,
        -0.872335; 0.677812;-6.895330;,
        -0.872335; 0.865270;-4.973586;,
        -0.824874; 0.603608;-7.503404;,
        -0.824874; 0.541972;-7.471554;,
        -0.869060; 0.541972;-7.471554;,
        -0.869060; 0.603608;-7.503404;,
        -0.824874; 0.663497;-6.889448;,
        -0.869060; 0.663497;-6.889448;,
        -0.869060; 0.601861;-6.857598;,
        -0.824874; 0.601861;-6.857598;,
        -0.824874; 0.603608;-7.503404;,
        -0.824874; 0.663497;-6.889448;,
        -0.824874; 0.601861;-6.857598;,
        -0.824874; 0.541972;-7.471554;,
        -0.824874; 0.541972;-7.471554;,
        -0.824874; 0.601861;-6.857598;,
        -0.869060; 0.601861;-6.857598;,
        -0.869060; 0.541972;-7.471554;,
        -0.869060; 0.541972;-7.471554;,
        -0.869060; 0.601861;-6.857598;,
        -0.869060; 0.663497;-6.889448;,
        -0.869060; 0.603608;-7.503404;,
        -0.824874; 0.663497;-6.889448;,
        -0.824874; 0.603608;-7.503404;,
        -0.869060; 0.603608;-7.503404;,
        -0.869060; 0.663497;-6.889448;,
        -0.824874;-1.179260;-7.503404;,
        -0.824874;-1.240897;-7.471554;,
        -0.869060;-1.240897;-7.471554;,
        -0.869060;-1.179260;-7.503404;,
        -0.824874;-1.119371;-6.889448;,
        -0.869060;-1.119371;-6.889448;,
        -0.869060;-1.181008;-6.857598;,
        -0.824874;-1.181008;-6.857598;,
        -0.824874;-1.179260;-7.503404;,
        -0.824874;-1.119371;-6.889448;,
        -0.824874;-1.181008;-6.857598;,
        -0.824874;-1.240897;-7.471554;,
        -0.824874;-1.240897;-7.471554;,
        -0.824874;-1.181008;-6.857598;,
        -0.869060;-1.181008;-6.857598;,
        -0.869060;-1.240897;-7.471554;,
        -0.869060;-1.240897;-7.471554;,
        -0.869060;-1.181008;-6.857598;,
        -0.869060;-1.119371;-6.889448;,
        -0.869060;-1.179260;-7.503404;,
        -0.824874;-1.119371;-6.889448;,
        -0.824874;-1.179260;-7.503404;,
        -0.869060;-1.179260;-7.503404;,
        -0.869060;-1.119371;-6.889448;,
        -0.821599;-1.105057;-6.895330;,
        -0.821599;-1.195041;-6.848832;,
        -0.872335;-1.195041;-6.848832;,
        -0.872335;-1.105057;-6.895330;,
        -0.821599;-0.917598;-4.973586;,
        -0.872335;-0.917598;-4.973586;,
        -0.872335;-1.007583;-4.927088;,
        -0.821599;-1.007583;-4.927088;,
        -0.821599;-1.105057;-6.895330;,
        -0.821599;-0.917598;-4.973586;,
        -0.821599;-1.007583;-4.927088;,
        -0.821599;-1.195041;-6.848832;,
        -0.821599;-1.195041;-6.848832;,
        -0.821599;-1.007583;-4.927088;,
        -0.872335;-1.007583;-4.927088;,
        -0.872335;-1.195041;-6.848832;,
        -0.872335;-1.195041;-6.848832;,
        -0.872335;-1.007583;-4.927088;,
        -0.872335;-0.917598;-4.973586;,
        -0.872335;-1.105057;-6.895330;,
        -0.821599;-0.917598;-4.973586;,
        -0.821599;-1.105057;-6.895330;,
        -0.872335;-1.105057;-6.895330;,
        -0.872335;-0.917598;-4.973586;,
        -0.821599;-0.552489;-6.840756;,
        -0.821599;-0.641805;-6.893645;,
        -0.872335;-0.641805;-6.893645;,
        -0.872335;-0.552489;-6.840756;,
        -0.821599;-0.765716;-4.933295;,
        -0.872335;-0.765716;-4.933295;,
        -0.872335;-0.855032;-4.986185;,
        -0.821599;-0.855032;-4.986185;,
        -0.821599;-0.552489;-6.840756;,
        -0.821599;-0.765716;-4.933295;,
        -0.821599;-0.855032;-4.986185;,
        -0.821599;-0.641805;-6.893645;,
        -0.821599;-0.641805;-6.893645;,
        -0.821599;-0.855032;-4.986185;,
        -0.872335;-0.855032;-4.986185;,
        -0.872335;-0.641805;-6.893645;,
        -0.872335;-0.641805;-6.893645;,
        -0.872335;-0.855032;-4.986185;,
        -0.872335;-0.765716;-4.933295;,
        -0.872335;-0.552489;-6.840756;,
        -0.821599;-0.765716;-4.933295;,
        -0.821599;-0.552489;-6.840756;,
        -0.872335;-0.552489;-6.840756;,
        -0.872335;-0.765716;-4.933295;,
        -0.824874;-0.498277;-7.459910;,
        -0.824874;-0.559455;-7.496138;,
        -0.869060;-0.559455;-7.496138;,
        -0.869060;-0.498277;-7.459910;,
        -0.824874;-0.566398;-6.850517;,
        -0.869060;-0.566398;-6.850517;,
        -0.869060;-0.627576;-6.886744;,
        -0.824874;-0.627576;-6.886744;,
        -0.824874;-0.498277;-7.459910;,
        -0.824874;-0.566398;-6.850517;,
        -0.824874;-0.627576;-6.886744;,
        -0.824874;-0.559455;-7.496138;,
        -0.824874;-0.559455;-7.496138;,
        -0.824874;-0.627576;-6.886744;,
        -0.869060;-0.627576;-6.886744;,
        -0.869060;-0.559455;-7.496138;,
        -0.869060;-0.559455;-7.496138;,
        -0.869060;-0.627576;-6.886744;,
        -0.869060;-0.566398;-6.850517;,
        -0.869060;-0.498277;-7.459910;,
        -0.824874;-0.566398;-6.850517;,
        -0.824874;-0.498277;-7.459910;,
        -0.869060;-0.498277;-7.459910;,
        -0.869060;-0.566398;-6.850517;,
        -0.824874;-0.847799;-7.579130;,
        -0.824874;-0.910970;-7.579130;,
        -0.869060;-0.910970;-7.579130;,
        -0.869060;-0.847799;-7.579130;,
        -0.824874;-0.847799;-6.949891;,
        -0.869060;-0.847799;-6.949891;,
        -0.869060;-0.910970;-6.949891;,
        -0.824874;-0.910970;-6.949891;,
        -0.824874;-0.847799;-7.579130;,
        -0.824874;-0.847799;-6.949891;,
        -0.824874;-0.910970;-6.949891;,
        -0.824874;-0.910970;-7.579130;,
        -0.824874;-0.910970;-7.579130;,
        -0.824874;-0.910970;-6.949891;,
        -0.869060;-0.910970;-6.949891;,
        -0.869060;-0.910970;-7.579130;,
        -0.869060;-0.910970;-7.579130;,
        -0.869060;-0.910970;-6.949891;,
        -0.869060;-0.847799;-6.949891;,
        -0.869060;-0.847799;-7.579130;,
        -0.824874;-0.847799;-6.949891;,
        -0.824874;-0.847799;-7.579130;,
        -0.869060;-0.847799;-7.579130;,
        -0.869060;-0.847799;-6.949891;,
        -0.821599;-0.833272;-6.948414;,
        -0.821599;-0.925497;-6.948414;,
        -0.872335;-0.925497;-6.948414;,
        -0.872335;-0.833272;-6.948414;,
        -0.821599;-0.833272;-4.978832;,
        -0.872335;-0.833272;-4.978832;,
        -0.872335;-0.925497;-4.978832;,
        -0.821599;-0.925497;-4.978832;,
        -0.821599;-0.833272;-6.948414;,
        -0.821599;-0.833272;-4.978832;,
        -0.821599;-0.925497;-4.978832;,
        -0.821599;-0.925497;-6.948414;,
        -0.821599;-0.925497;-6.948414;,
        -0.821599;-0.925497;-4.978832;,
        -0.872335;-0.925497;-4.978832;,
        -0.872335;-0.925497;-6.948414;,
        -0.872335;-0.925497;-6.948414;,
        -0.872335;-0.925497;-4.978832;,
        -0.872335;-0.833272;-4.978832;,
        -0.872335;-0.833272;-6.948414;,
        -0.821599;-0.833272;-4.978832;,
        -0.821599;-0.833272;-6.948414;,
        -0.872335;-0.833272;-6.948414;,
        -0.872335;-0.833272;-4.978832;,
        -0.806847;-0.800306;-5.002624;,
        -0.806847;-0.958464;-5.002624;,
        -0.887087;-0.958464;-5.002624;,
        -0.887087;-0.800306;-5.002624;,
        -0.806847;-0.800306;-3.033042;,
        -0.887087;-0.800306;-3.033042;,
        -0.887087;-0.958464;-3.033042;,
        -0.806847;-0.958464;-3.033042;,
        -0.806847;-0.800306;-5.002624;,
        -0.806847;-0.800306;-3.033042;,
        -0.806847;-0.958464;-3.033042;,
        -0.806847;-0.958464;-5.002624;,
        -0.806847;-0.958464;-5.002624;,
        -0.806847;-0.958464;-3.033042;,
        -0.887087;-0.958464;-3.033042;,
        -0.887087;-0.958464;-5.002624;,
        -0.887087;-0.958464;-5.002624;,
        -0.887087;-0.958464;-3.033042;,
        -0.887087;-0.800306;-3.033042;,
        -0.887087;-0.800306;-5.002624;,
        -0.806847;-0.800306;-3.033042;,
        -0.806847;-0.800306;-5.002624;,
        -0.887087;-0.800306;-5.002624;,
        -0.887087;-0.800306;-3.033042;,
        -0.782380;-0.782082;-3.000048;,
        -0.782380;-0.976688;-3.000048;,
        -0.911554;-0.976688;-3.000048;,
        -0.911554;-0.782082;-3.000048;,
        -0.782380;-0.782082;-1.030467;,
        -0.911554;-0.782082;-1.030467;,
        -0.911554;-0.976688;-1.030467;,
        -0.782380;-0.976688;-1.030467;,
        -0.782380;-0.782082;-3.000048;,
        -0.782380;-0.782082;-1.030467;,
        -0.782380;-0.976688;-1.030467;,
        -0.782380;-0.976688;-3.000048;,
        -0.782380;-0.976688;-3.000048;,
        -0.782380;-0.976688;-1.030467;,
        -0.911554;-0.976688;-1.030467;,
        -0.911554;-0.976688;-3.000048;,
        -0.911554;-0.976688;-3.000048;,
        -0.911554;-0.976688;-1.030467;,
        -0.911554;-0.782082;-1.030467;,
        -0.911554;-0.782082;-3.000048;,
        -0.782380;-0.782082;-1.030467;,
        -0.782380;-0.782082;-3.000048;,
        -0.911554;-0.782082;-3.000048;,
        -0.911554;-0.782082;-1.030467;,
         0.913577;-6.448157; 0.052289;,
         0.792212;-6.252073; 0.052289;,
        -1.398713;-7.967270; 0.052289;,
        -1.277347;-8.163355; 0.052289;,
         0.913578;-6.448157;-0.052291;,
        -1.277347;-8.163355;-0.052291;,
        -1.398713;-7.967271;-0.052291;,
         0.792211;-6.252073;-0.052291;,
         0.913577;-6.448157; 0.052289;,
         0.913578;-6.448157;-0.052291;,
         0.792211;-6.252073;-0.052291;,
         0.792212;-6.252073; 0.052289;,
         0.792212;-6.252073; 0.052289;,
         0.792211;-6.252073;-0.052291;,
        -1.398713;-7.967271;-0.052291;,
        -1.398713;-7.967270; 0.052289;,
        -1.398713;-7.967270; 0.052289;,
        -1.398713;-7.967271;-0.052291;,
        -1.277347;-8.163355;-0.052291;,
        -1.277347;-8.163355; 0.052289;,
         0.913578;-6.448157;-0.052291;,
         0.913577;-6.448157; 0.052289;,
        -1.277347;-8.163355; 0.052289;,
        -1.277347;-8.163355;-0.052291;,
         0.909169;-6.451794; 0.052289;,
         0.834315;-6.228204; 0.052289;,
        -1.518020;-7.224284; 0.052289;,
        -1.443166;-7.447874; 0.052289;,
         0.909169;-6.451793;-0.052291;,
        -1.443167;-7.447874;-0.052291;,
        -1.518020;-7.224284;-0.052291;,
         0.834315;-6.228204;-0.052291;,
         0.909169;-6.451794; 0.052289;,
         0.909169;-6.451793;-0.052291;,
         0.834315;-6.228204;-0.052291;,
         0.834315;-6.228204; 0.052289;,
         0.834315;-6.228204; 0.052289;,
         0.834315;-6.228204;-0.052291;,
        -1.518020;-7.224284;-0.052291;,
        -1.518020;-7.224284; 0.052289;,
        -1.518020;-7.224284; 0.052289;,
        -1.518020;-7.224284;-0.052291;,
        -1.443167;-7.447874;-0.052291;,
        -1.443166;-7.447874; 0.052289;,
         0.909169;-6.451793;-0.052291;,
         0.909169;-6.451794; 0.052289;,
        -1.443166;-7.447874; 0.052289;,
        -1.443167;-7.447874;-0.052291;,
         0.891352;-6.197150; 0.052289;,
         0.834035;-5.967098; 0.052289;,
        -1.586293;-6.729808; 0.052289;,
        -1.528976;-6.959862; 0.052289;,
         0.891352;-6.197150;-0.052291;,
        -1.528976;-6.959862;-0.052291;,
        -1.586293;-6.729809;-0.052291;,
         0.834035;-5.967098;-0.052291;,
         0.891352;-6.197150; 0.052289;,
         0.891352;-6.197150;-0.052291;,
         0.834035;-5.967098;-0.052291;,
         0.834035;-5.967098; 0.052289;,
         0.834035;-5.967098; 0.052289;,
         0.834035;-5.967098;-0.052291;,
        -1.586293;-6.729809;-0.052291;,
        -1.586293;-6.729808; 0.052289;,
        -1.586293;-6.729808; 0.052289;,
        -1.586293;-6.729809;-0.052291;,
        -1.528976;-6.959862;-0.052291;,
        -1.528976;-6.959862; 0.052289;,
         0.891352;-6.197150;-0.052291;,
         0.891352;-6.197150; 0.052289;,
        -1.528976;-6.959862; 0.052289;,
        -1.528976;-6.959862;-0.052291;,
         0.899008;-5.887440; 0.052289;,
         0.849022;-5.655234; 0.052289;,
