xof 0303txt 0032

template XSkinMeshHeader {
  <3cf169ce-ff7c-44ab-93c0-f78f62d172e2>
  WORD nMaxSkinWeightsPerVertex;
  WORD nMaxSkinWeightsPerFace;
  WORD nBones;
}

template SkinWeights {
  <6f0d123b-bad2-4167-a0d0-80224f25fabb>
  STRING transformNodeName;
  DWORD nWeights;
  array DWORD vertexIndices[nWeights];
  array float weights[nWeights];
  Matrix4x4 matrixOffset;
}

Frame Root {
  FrameTransformMatrix {
     1.000000, 0.000000, 0.000000, 0.000000,
     0.000000,-0.000000, 1.000000, 0.000000,
     0.000000, 1.000000, 0.000000, 0.000000,
     0.000000, 0.000000, 0.000000, 1.000000;;
  }
  Frame Armature {
    FrameTransformMatrix {
       1.000000, 0.000000, 0.000000, 0.000000,
       0.000000, 1.000000, 0.000000, 0.000000,
       0.000000, 0.000000, 1.000000, 0.000000,
       0.000000, 0.000000, 0.000000, 1.000000;;
    }
    Frame Armature_Bone {
      FrameTransformMatrix {
         0.966714, 0.000000, 0.255858, 0.000000,
        -0.255858,-0.000000, 0.966714, 0.000000,
         0.000000,-1.000000, 0.000000, 0.000000,
         0.000000, 0.000000, 1.232095, 1.000000;;
      }
      Frame Armature_Bone_007 {
        FrameTransformMatrix {
           1.000000,-0.000000, 0.000000, 0.000000,
           0.000000, 0.249908,-0.968270, 0.000000,
           0.000000, 0.968270, 0.249908, 0.000000,
          -0.000000, 0.882193,-0.000000, 1.000000;;
        }
        Frame Armature_Bone_010 {
          FrameTransformMatrix {
             0.194746, 0.034900, 0.980233, 0.000000,
             0.980850,-0.004326,-0.194715, 0.000000,
            -0.002555, 0.999381,-0.035074, 0.000000,
            -0.000000, 0.083094,-0.000000, 1.000000;;
          }
          Frame Armature_Bone_018 {
            FrameTransformMatrix {
              -0.928774, 0.320631,-0.185942, 0.000000,
               0.300549, 0.945080, 0.128427, 0.000000,
               0.216908, 0.063395,-0.974131, 0.000000,
              -0.000001, 0.943191,-0.000000, 1.000000;;
            }
            Frame Armature_Bone_019 {
              FrameTransformMatrix {
                 0.635126, 0.768634,-0.076267, 0.000000,
                -0.506023, 0.488652, 0.710746, 0.000000,
                 0.583571,-0.412820, 0.699303, 0.000000,
                 0.000000, 0.479223, 0.000000, 1.000000;;
              }
              Frame Armature_Bone_024 {
                FrameTransformMatrix {
                   0.205513,-0.162687, 0.965038, 0.000000,
                   0.968878, 0.172852,-0.177191, 0.000000,
                  -0.137982, 0.971419, 0.193147, 0.000000,
                  -0.000000, 0.228033,-0.000000, 1.000000;;
                }
              } // End of Armature_Bone_024
            } // End of Armature_Bone_019
            Frame Armature_Bone_025 {
              FrameTransformMatrix {
                 0.670146, 0.689322, 0.275207, 0.000000,
                -0.735254, 0.667242, 0.119120, 0.000000,
                -0.101517,-0.282174, 0.953977, 0.000000,
                 0.000000, 0.479223, 0.000000, 1.000000;;
              }
              Frame Armature_Bone_026 {
                FrameTransformMatrix {
                   0.000942,-0.996602, 0.082359, 0.000000,
                   0.993156, 0.010551, 0.116315, 0.000000,
                  -0.116789, 0.081686, 0.989792, 0.000000,
                  -0.000000, 0.232328, 0.000000, 1.000000;;
                }
              } // End of Armature_Bone_026
            } // End of Armature_Bone_025
            Frame Armature_Bone_027 {
              FrameTransformMatrix {
                 0.336072, 0.608049, 0.719258, 0.000000,
                -0.581188, 0.734824,-0.349649, 0.000000,
                -0.741132,-0.300517, 0.600345, 0.000000,
                 0.000000, 0.479223, 0.000000, 1.000000;;
              }
              Frame Armature_Bone_028 {
                FrameTransformMatrix {
                  -0.342243, 0.168567,-0.924367, 0.000000,
                   0.739015,-0.559265,-0.375605, 0.000000,
                  -0.580281,-0.811669, 0.066831, 0.000000,
                   0.000000, 0.232166,-0.000000, 1.000000;;
                }
              } // End of Armature_Bone_028
            } // End of Armature_Bone_027
          } // End of Armature_Bone_018
        } // End of Armature_Bone_010
      } // End of Armature_Bone_007
      Frame Armature_Bone_008 {
        FrameTransformMatrix {
           1.000000, 0.000001, 0.000000, 0.000000,
          -0.000000, 0.175502, 0.984479, 0.000000,
           0.000000,-0.984479, 0.175502, 0.000000,
          -0.000000, 0.882193,-0.000000, 1.000000;;
        }
        Frame Armature_Bone_009 {
          FrameTransformMatrix {
            -0.312747,-0.181181, 0.932396, 0.000000,
             0.949830,-0.063178, 0.306318, 0.000000,
             0.003408, 0.981418, 0.191850, 0.000000,
             0.000000, 0.078374, 0.000000, 1.000000;;
          }
          Frame Armature_Bone_014 {
            FrameTransformMatrix {
              -0.960990,-0.274661, 0.032559, 0.000000,
              -0.264686, 0.947412, 0.179866, 0.000000,
              -0.080249, 0.164232,-0.983152, 0.000000,
              -0.000000, 0.970899,-0.000000, 1.000000;;
            }
            Frame Armature_Bone_015 {
              FrameTransformMatrix {
                -0.049040, 0.775403, 0.629560, 0.000000,
                 0.563816, 0.541779,-0.623368, 0.000000,
                -0.824443, 0.324386,-0.463753, 0.000000,
                 0.000000, 0.458224, 0.000000, 1.000000;;
              }
              Frame Armature_Bone_016 {
                FrameTransformMatrix {
                   0.449828, 0.031692,-0.892553, 0.000000,
                   0.849458,-0.323815, 0.416611, 0.000000,
                  -0.275819,-0.945589,-0.172582, 0.000000,
                  -0.000000, 0.226047, 0.000000, 1.000000;;
                }
              } // End of Armature_Bone_016
            } // End of Armature_Bone_015
            Frame Armature_Bone_017 {
              FrameTransformMatrix {
                -0.422400, 0.810938,-0.404917, 0.000000,
                 0.730997, 0.568909, 0.376810, 0.000000,
                 0.535930,-0.136829,-0.833100, 0.000000,
                 0.000000, 0.458224, 0.000000, 1.000000;;
              }
              Frame Armature_Bone_029 {
                FrameTransformMatrix {
                   0.377720,-0.130298, 0.916706, 0.000000,
                   0.795106,-0.461701,-0.393240, 0.000000,
                   0.474482, 0.877414,-0.070793, 0.000000,
                  -0.000000, 0.236745, 0.000000, 1.000000;;
                }
              } // End of Armature_Bone_029
            } // End of Armature_Bone_017
            Frame Armature_Bone_030 {
              FrameTransformMatrix {
                 0.393842,-0.910720,-0.124407, 0.000000,
                 0.905939, 0.407486,-0.115018, 0.000000,
                 0.155444,-0.067407, 0.985542, 0.000000,
                 0.000000, 0.458224, 0.000000, 1.000000;;
              }
              Frame Armature_Bone_031 {
                FrameTransformMatrix {
                  -0.532926, 0.845930,-0.019804, 0.000000,
                  -0.842008,-0.532480,-0.086534, 0.000000,
                  -0.083747,-0.029441, 0.996052, 0.000000,
                   0.000000, 0.222778, 0.000000, 1.000000;;
                }
              } // End of Armature_Bone_031
            } // End of Armature_Bone_030
          } // End of Armature_Bone_014
        } // End of Armature_Bone_009
      } // End of Armature_Bone_008
      Frame Armature_Bone_011 {
        FrameTransformMatrix {
           1.000000,-0.000000, 0.000000, 0.000000,
          -0.000000, 0.580126, 0.814527, 0.000000,
          -0.000000,-0.814527, 0.580126, 0.000000,
          -0.000000, 0.882193,-0.000000, 1.000000;;
        }
      } // End of Armature_Bone_011
      Frame Armature_Bone_012 {
        FrameTransformMatrix {
           1.000000,-0.000000, 0.000000, 0.000000,
           0.000000, 0.578630,-0.815590, 0.000000,
          -0.000000, 0.815590, 0.578630, 0.000000,
          -0.000000, 0.882193,-0.000000, 1.000000;;
        }
      } // End of Armature_Bone_012
      Frame Armature_Bone_013 {
        FrameTransformMatrix {
           0.923972,-0.382461, 0.000000, 0.000000,
           0.382461, 0.923972, 0.000000, 0.000000,
          -0.000000,-0.000000, 1.000000, 0.000000,
          -0.000000, 0.882193,-0.000000, 1.000000;;
        }
        Frame Armature_Bone_020 {
          FrameTransformMatrix {
             1.000000,-0.000000, 0.000000, 0.000000,
             0.000000,-0.951768,-0.306820, 0.000000,
             0.000000, 0.306820,-0.951766, 0.000000,
            -0.000000, 0.781552, 0.000000, 1.000000;;
          }
        } // End of Armature_Bone_020
        Frame Armature_Bone_021 {
          FrameTransformMatrix {
             1.000000, 0.000000, 0.000001, 0.000000,
            -0.000000,-0.948071, 0.318059, 0.000000,
             0.000001,-0.318059,-0.948072, 0.000000,
            -0.000000, 0.781552, 0.000000, 1.000000;;
          }
        } // End of Armature_Bone_021
        Frame Armature_Bone_022 {
          FrameTransformMatrix {
             1.000000, 0.000000, 0.000000, 0.000000,
             0.000000,-0.641091,-0.767465, 0.000000,
             0.000000, 0.767465,-0.641091, 0.000000,
            -0.000000, 0.781552, 0.000000, 1.000000;;
          }
        } // End of Armature_Bone_022
        Frame Armature_Bone_023 {
          FrameTransformMatrix {
             1.000000, 0.000000, 0.000000, 0.000000,
            -0.000000,-0.654810, 0.755794, 0.000000,
             0.000000,-0.755794,-0.654809, 0.000000,
            -0.000000, 0.781552, 0.000000, 1.000000;;
          }
        } // End of Armature_Bone_023
      } // End of Armature_Bone_013
    } // End of Armature_Bone
    Frame Armature_Bone_001 {
      FrameTransformMatrix {
         1.000000,-0.000000,-0.000000, 0.000000,
         0.000000, 0.330519,-0.943799, 0.000000,
         0.000000, 0.943799, 0.330519, 0.000000,
         0.000000, 0.000000, 1.232095, 1.000000;;
      }
      Frame Armature_Bone_004 {
        FrameTransformMatrix {
           0.914581,-0.396479, 0.079658, 0.000000,
           0.404126, 0.888773,-0.216250, 0.000000,
           0.014941, 0.229970, 0.973083, 0.000000,
          -0.000000, 0.177728,-0.000000, 1.000000;;
        }
        Frame Armature_Bone_005 {
          FrameTransformMatrix {
             0.952437, 0.301087, 0.047021, 0.000000,
            -0.301101, 0.953567,-0.006957, 0.000000,
            -0.046932,-0.007532, 0.998870, 0.000000,
             0.000000, 0.759203,-0.000000, 1.000000;;
          }
        } // End of Armature_Bone_005
      } // End of Armature_Bone_004
    } // End of Armature_Bone_001
    Frame Armature_Bone_002 {
      FrameTransformMatrix {
         1.000000,-0.000000, 0.000000, 0.000000,
         0.000000,-0.337721,-0.941246, 0.000000,
         0.000000, 0.941246,-0.337721, 0.000000,
         0.000000, 0.000000, 1.232095, 1.000000;;
      }
      Frame Armature_Bone_003 {
        FrameTransformMatrix {
           0.897472,-0.418025,-0.140711, 0.000000,
           0.441066, 0.852174, 0.281531, 0.000000,
           0.002224,-0.314729, 0.949179, 0.000000,
           0.000000, 0.179688,-0.000000, 1.000000;;
        }
        Frame Armature_Bone_006 {
          FrameTransformMatrix {
             0.925819, 0.377891,-0.007600, 0.000000,
            -0.377893, 0.925848, 0.001217, 0.000000,
             0.007497, 0.001745, 0.999970, 0.000000,
             0.000000, 0.780651,-0.000000, 1.000000;;
          }
        } // End of Armature_Bone_006
      } // End of Armature_Bone_003
    } // End of Armature_Bone_002
    Frame Cube {
      FrameTransformMatrix {
         0.017172, 0.000000, 0.000000, 0.000000,
         0.000000, 0.080782, 0.000000, 0.000000,
         0.000000, 0.000000, 0.558723, 0.000000,
         0.000000, 0.000000, 1.624834, 1.000000;;
      }
      Mesh { // Cube mesh
        616;
        -0.504662;18.604177; 0.510468;,
        -0.504662;18.604177; 0.490236;,
        -0.504662;18.674637; 0.490236;,
        -0.504662;18.674637; 0.510468;,
        -0.504662;18.604177; 0.490236;,
         7.614626;18.604235; 0.490229;,
         7.614626;18.674692; 0.490229;,
        -0.504662;18.674637; 0.490236;,
         7.614626;18.604235; 0.490229;,
         7.614626;18.604235; 0.510462;,
         7.614626;18.674692; 0.510462;,
         7.614626;18.674692; 0.490229;,
         7.614626;18.604235; 0.510462;,
        -0.504662;18.604177; 0.510468;,
        -0.504662;18.674637; 0.510468;,
         7.614626;18.674692; 0.510462;,
        -0.504662;18.674637; 0.510468;,
        -0.504662;18.674637; 0.490236;,
         7.614626;18.674692; 0.490229;,
         7.614626;18.674692; 0.510462;,
         7.614626;18.604235; 0.510462;,
         7.614626;18.604235; 0.490229;,
        -0.504662;18.604177; 0.490236;,
        -0.504662;18.604177; 0.510468;,
        -0.459098;18.575701; 0.897772;,
        -0.459098;18.575701; 0.489929;,
        -0.459098;18.703112; 0.489929;,
        -0.459098;18.703112; 0.897772;,
        -0.459098;18.575701; 0.489929;,
        -0.145982;18.575701; 0.489929;,
        -0.145982;18.703112; 0.489929;,
        -0.459098;18.703112; 0.489929;,
        -0.145982;18.575701; 0.489929;,
        -0.145982;18.575701; 0.897772;,
        -0.145982;18.703112; 0.897772;,
        -0.145982;18.703112; 0.489929;,
        -0.145982;18.575701; 0.897772;,
        -0.459098;18.575701; 0.897772;,
        -0.459098;18.703112; 0.897772;,
        -0.145982;18.703112; 0.897772;,
        -0.459098;18.703112; 0.897772;,
        -0.459098;18.703112; 0.489929;,
        -0.145982;18.703112; 0.489929;,
        -0.145982;18.703112; 0.897772;,
        -0.145982;18.575701; 0.897772;,
        -0.145982;18.575701; 0.489929;,
        -0.459098;18.575701; 0.489929;,
        -0.459098;18.575701; 0.897772;,
        -0.504662;18.674635; 1.316137;,
        -0.504662;18.674635; 1.336370;,
        -0.504662;18.604176; 1.336370;,
        -0.504662;18.604176; 1.316137;,
        -0.504662;18.674635; 1.336370;,
         7.614626;18.674578; 1.336376;,
         7.614626;18.604120; 1.336376;,
        -0.504662;18.604176; 1.336370;,
         7.614626;18.674578; 1.336376;,
         7.614626;18.674578; 1.316144;,
         7.614626;18.604120; 1.316144;,
         7.614626;18.604120; 1.336376;,
         7.614626;18.674578; 1.316144;,
        -0.504662;18.674635; 1.316137;,
        -0.504662;18.604176; 1.316137;,
         7.614626;18.604120; 1.316144;,
        -0.504662;18.604176; 1.316137;,
        -0.504662;18.604176; 1.336370;,
         7.614626;18.604120; 1.336376;,
         7.614626;18.604120; 1.316144;,
         7.614626;18.674578; 1.316144;,
         7.614626;18.674578; 1.336376;,
        -0.504662;18.674635; 1.336370;,
        -0.504662;18.674635; 1.316137;,
        -0.459098;18.703112; 0.928833;,
        -0.459098;18.703112; 1.336677;,
        -0.459098;18.575701; 1.336677;,
        -0.459098;18.575701; 0.928833;,
        -0.459098;18.703112; 1.336677;,
        -0.145982;18.703112; 1.336677;,
        -0.145982;18.575701; 1.336677;,
        -0.459098;18.575701; 1.336677;,
        -0.145982;18.703112; 1.336677;,
        -0.145982;18.703112; 0.928833;,
        -0.145982;18.575701; 0.928833;,
        -0.145982;18.575701; 1.336677;,
        -0.145982;18.703112; 0.928833;,
        -0.459098;18.703112; 0.928833;,
        -0.459098;18.575701; 0.928833;,
        -0.145982;18.575701; 0.928833;,
        -0.459098;18.575701; 0.928833;,
        -0.459098;18.575701; 1.336677;,
        -0.145982;18.575701; 1.336677;,
        -0.145982;18.575701; 0.928833;,
        -0.145982;18.703112; 0.928833;,
        -0.145982;18.703112; 1.336677;,
        -0.459098;18.703112; 1.336677;,
        -0.459098;18.703112; 0.928833;,
        -0.504662;21.416378; 0.907257;,
        -0.504662;21.556313; 0.907257;,
        -0.504662;21.556313; 0.917445;,
        -0.504662;21.416378; 0.917445;,
        -0.504662;21.556313; 0.907257;,
         7.614626;21.556356; 0.907266;,
         7.614626;21.556356; 0.917453;,
        -0.504662;21.556313; 0.917445;,
         7.614626;21.556356; 0.907266;,
         7.614626;21.416422; 0.907266;,
         7.614626;21.416422; 0.917453;,
         7.614626;21.556356; 0.917453;,
         7.614626;21.416422; 0.907266;,
        -0.504662;21.416378; 0.907257;,
        -0.504662;21.416378; 0.917445;,
         7.614626;21.416422; 0.917453;,
        -0.504662;21.416378; 0.917445;,
        -0.504662;21.556313; 0.917445;,
         7.614626;21.556356; 0.917453;,
         7.614626;21.416422; 0.917453;,
         7.614626;21.416422; 0.907266;,
         7.614626;21.556356; 0.907266;,
        -0.504662;21.556313; 0.907257;,
        -0.504662;21.416378; 0.907257;,
        -0.459098;18.737629; 0.903140;,
        -0.459098;21.558437; 0.903140;,
        -0.459098;21.558437; 0.921562;,
        -0.459098;18.737629; 0.921562;,
        -0.459098;21.558437; 0.903140;,
        -0.145982;21.558437; 0.903140;,
        -0.145982;21.558437; 0.921562;,
        -0.459098;21.558437; 0.921562;,
        -0.145982;21.558437; 0.903140;,
        -0.145982;18.737629; 0.903140;,
        -0.145982;18.737629; 0.921562;,
        -0.145982;21.558437; 0.921562;,
        -0.145982;18.737629; 0.903140;,
        -0.459098;18.737629; 0.903140;,
        -0.459098;18.737629; 0.921562;,
        -0.145982;18.737629; 0.921562;,
        -0.459098;18.737629; 0.921562;,
        -0.459098;21.558437; 0.921562;,
        -0.145982;21.558437; 0.921562;,
        -0.145982;18.737629; 0.921562;,
        -0.145982;18.737629; 0.903140;,
        -0.145982;21.558437; 0.903140;,
        -0.459098;21.558437; 0.903140;,
        -0.459098;18.737629; 0.903140;,
        -0.617970;12.998383; 0.899012;,
        -0.617970;18.715027; 0.899012;,
        -0.617970;18.715027; 0.925690;,
        -0.617970;12.998383; 0.925690;,
        -0.617970;18.715027; 0.899012;,
         0.012890;18.715027; 0.899012;,
         0.012890;18.715027; 0.925690;,
        -0.617970;18.715027; 0.925690;,
         0.012890;18.715027; 0.899012;,
         0.012890;12.998383; 0.899012;,
         0.012890;12.998383; 0.925690;,
         0.012890;18.715027; 0.925690;,
         0.012890;12.998383; 0.899012;,
        -0.617970;12.998383; 0.899012;,
        -0.617970;12.998383; 0.925690;,
         0.012890;12.998383; 0.925690;,
        -0.617970;12.998383; 0.925690;,
        -0.617970;18.715027; 0.925690;,
         0.012890;18.715027; 0.925690;,
         0.012890;12.998383; 0.925690;,
         0.012890;12.998383; 0.899012;,
         0.012890;18.715027; 0.899012;,
        -0.617970;18.715027; 0.899012;,
        -0.617970;12.998383; 0.899012;,
        -0.617970;12.998383; 0.899012;,
        -0.617970;18.715027; 0.899012;,
        -0.617970;18.715027; 0.925690;,
        -0.617970;12.998383; 0.925690;,
        -0.617970;18.715027; 0.899012;,
         0.012890;18.715027; 0.899012;,
         0.012890;18.715027; 0.925690;,
        -0.617970;18.715027; 0.925690;,
         0.012890;18.715027; 0.899012;,
         0.012890;12.998383; 0.899012;,
         0.012890;12.998383; 0.925690;,
         0.012890;18.715027; 0.925690;,
         0.012890;12.998383; 0.899012;,
        -0.617970;12.998383; 0.899012;,
        -0.617970;12.998383; 0.925690;,
         0.012890;12.998383; 0.925690;,
        -0.617970;12.998383; 0.925690;,
        -0.617970;18.715027; 0.925690;,
         0.012890;18.715027; 0.925690;,
         0.012890;12.998383; 0.925690;,
         0.012890;12.998383; 0.899012;,
         0.012890;18.715027; 0.899012;,
        -0.617970;18.715027; 0.899012;,
        -0.617970;12.998383; 0.899012;,
         0.167539; 1.016564; 0.888035;,
         0.167539;12.971273; 0.888035;,
         0.167539;12.971273; 0.936667;,
         0.167539; 1.016564; 0.936667;,
         0.167539;12.971273; 0.888035;,
        -0.772618;12.971273; 0.888035;,
        -0.772618;12.971273; 0.936667;,
         0.167539;12.971273; 0.936667;,
        -0.772618;12.971273; 0.888035;,
        -0.772618; 1.016564; 0.888035;,
        -0.772618; 1.016564; 0.936667;,
        -0.772618;12.971273; 0.936667;,
        -0.772618; 1.016564; 0.888035;,
         0.167539; 1.016564; 0.888035;,
         0.167539; 1.016564; 0.936667;,
        -0.772618; 1.016564; 0.936667;,
         0.167539; 1.016564; 0.936667;,
         0.167539;12.971273; 0.936667;,
        -0.772618;12.971273; 0.936667;,
        -0.772618; 1.016564; 0.936667;,
        -0.772618; 1.016564; 0.888035;,
        -0.772618;12.971273; 0.888035;,
         0.167539;12.971273; 0.888035;,
         0.167539; 1.016564; 0.888035;,
        -1.000000; 0.533526;-1.003093;,
        -1.000000; 0.975993;-1.003093;,
        -1.000000; 0.975993;-2.370122;,
        -1.000000; 0.533526;-2.370122;,
        -1.000000; 0.975993;-1.003093;,
         1.000000; 0.975993;-1.003093;,
         1.000000; 0.975993;-2.370122;,
        -1.000000; 0.975993;-2.370122;,
         1.000000; 0.975993;-1.003093;,
         1.000000; 0.533526;-1.003093;,
         1.000000; 0.533526;-2.370122;,
         1.000000; 0.975993;-2.370122;,
         1.000000; 0.533526;-1.003093;,
        -1.000000; 0.533526;-1.003093;,
        -1.000000; 0.533526;-2.370122;,
         1.000000; 0.533526;-2.370122;,
        -1.000000; 0.533526;-2.370122;,
        -1.000000; 0.975993;-2.370122;,
         1.000000; 0.975993;-2.370122;,
         1.000000; 0.533526;-2.370122;,
         1.000000; 0.533526;-1.003093;,
         1.000000; 0.975993;-1.003093;,
        -1.000000; 0.975993;-1.003093;,
        -1.000000; 0.533526;-1.003093;,
        -0.675107; 0.656407;-2.375162;,
        -0.675107; 0.853113;-2.375162;,
        -0.675107; 0.853113;-3.102582;,
        -0.675107; 0.656407;-3.102582;,
        -0.675107; 0.853113;-2.375162;,
         0.675107; 0.853113;-2.375162;,
         0.675107; 0.853113;-3.102582;,
        -0.675107; 0.853113;-3.102582;,
         0.675107; 0.853113;-2.375162;,
         0.675107; 0.656407;-2.375162;,
         0.675107; 0.656407;-3.102582;,
         0.675107; 0.853113;-3.102582;,
         0.675107; 0.656407;-2.375162;,
        -0.675107; 0.656407;-2.375162;,
        -0.675107; 0.656407;-3.102582;,
         0.675107; 0.656407;-3.102582;,
        -0.675107; 0.656407;-3.102582;,
        -0.675107; 0.853113;-3.102582;,
         0.675107; 0.853113;-3.102582;,
         0.675107; 0.656407;-3.102582;,
         0.675107; 0.656407;-2.375162;,
         0.675107; 0.853113;-2.375162;,
        -0.675107; 0.853113;-2.375162;,
        -0.675107; 0.656407;-2.375162;,
        -0.675107;-0.857799;-2.375162;,
        -0.675107;-0.661094;-2.375162;,
        -0.675107;-0.661094;-3.102582;,
        -0.675107;-0.857799;-3.102582;,
        -0.675107;-0.661094;-2.375162;,
         0.675107;-0.661094;-2.375162;,
         0.675107;-0.661094;-3.102582;,
        -0.675107;-0.661094;-3.102582;,
         0.675107;-0.661094;-2.375162;,
         0.675107;-0.857799;-2.375162;,
         0.675107;-0.857799;-3.102582;,
         0.675107;-0.661094;-3.102582;,
         0.675107;-0.857799;-2.375162;,
        -0.675107;-0.857799;-2.375162;,
        -0.675107;-0.857799;-3.102582;,
         0.675107;-0.857799;-3.102582;,
        -0.675107;-0.857799;-3.102582;,
        -0.675107;-0.661094;-3.102582;,
         0.675107;-0.661094;-3.102582;,
         0.675107;-0.857799;-3.102582;,
         0.675107;-0.857799;-2.375162;,
         0.675107;-0.661094;-2.375162;,
        -0.675107;-0.661094;-2.375162;,
        -0.675107;-0.857799;-2.375162;,
        -1.000000;-0.980680;-1.003093;,
        -1.000000;-0.538213;-1.003093;,
        -1.000000;-0.538213;-2.370122;,
        -1.000000;-0.980680;-2.370122;,
        -1.000000;-0.538213;-1.003093;,
         1.000000;-0.538213;-1.003093;,
         1.000000;-0.538213;-2.370122;,
        -1.000000;-0.538213;-2.370122;,
         1.000000;-0.538213;-1.003093;,
         1.000000;-0.980680;-1.003093;,
         1.000000;-0.980680;-2.370122;,
         1.000000;-0.538213;-2.370122;,
         1.000000;-0.980680;-1.003093;,
        -1.000000;-0.980680;-1.003093;,
        -1.000000;-0.980680;-2.370122;,
         1.000000;-0.980680;-2.370122;,
        -1.000000;-0.980680;-2.370122;,
        -1.000000;-0.538213;-2.370122;,
         1.000000;-0.538213;-2.370122;,
         1.000000;-0.980680;-2.370122;,
         1.000000;-0.980680;-1.003093;,
         1.000000;-0.538213;-1.003093;,
        -1.000000;-0.538213;-1.003093;,
        -1.000000;-0.980680;-1.003093;,
        -1.000000;-1.000000; 1.000000;,
        -1.000000; 1.000000; 1.000000;,
        -1.000000; 1.000000;-1.000000;,
        -1.000000;-1.000000;-1.000000;,
        -1.000000; 1.000000; 1.000000;,
         1.000000; 1.000000; 1.000000;,
         1.000000; 1.000000;-1.000000;,
        -1.000000; 1.000000;-1.000000;,
         1.000000; 1.000000; 1.000000;,
         1.000000;-1.000000; 1.000000;,
         1.000000;-1.000000;-1.000000;,
         1.000000; 1.000000;-1.000000;,
         1.000000;-1.000000; 1.000000;,
        -1.000000;-1.000000; 1.000000;,
        -1.000000;-1.000000;-1.000000;,
         1.000000;-1.000000;-1.000000;,
        -1.000000;-1.000000;-1.000000;,
        -1.000000; 1.000000;-1.000000;,
         1.000000; 1.000000;-1.000000;,
         1.000000;-1.000000;-1.000000;,
         1.000000;-1.000000; 1.000000;,
         1.000000; 1.000000; 1.000000;,
        -1.000000; 1.000000; 1.000000;,
        -1.000000;-1.000000; 1.000000;,
         1.983210; 2.988914; 1.627404;,
         1.983210; 2.533618; 1.627404;,
        -1.983210; 2.533619; 1.627404;,
        -1.983209; 2.988914; 1.627404;,
         1.983211; 2.988914; 2.014921;,
        -1.983210; 2.988914; 2.014921;,
        -1.983210; 2.533619; 2.014921;,
         1.983208; 2.533618; 2.014921;,
         1.983210; 2.988914; 1.627404;,
         1.983211; 2.988914; 2.014921;,
         1.983208; 2.533618; 2.014921;,
         1.983210; 2.533618; 1.627404;,
         1.983210; 2.533618; 1.627404;,
         1.983208; 2.533618; 2.014921;,
        -1.983210; 2.533619; 2.014921;,
        -1.983210; 2.533619; 1.627404;,
        -1.983210; 2.533619; 1.627404;,
        -1.983210; 2.533619; 2.014921;,
        -1.983210; 2.988914; 2.014921;,
        -1.983209; 2.988914; 1.627404;,
         1.983211; 2.988914; 2.014921;,
         1.983210; 2.988914; 1.627404;,
        -1.983209; 2.988914; 1.627404;,
        -1.983210; 2.988914; 2.014921;,
         1.983210;-2.518207; 1.627404;,
         1.983210;-2.973502; 1.627404;,
        -1.983210;-2.973502; 1.627404;,
        -1.983209;-2.518207; 1.627404;,
         1.983211;-2.518207; 2.014921;,
        -1.983210;-2.518207; 2.014921;,
        -1.983210;-2.973502; 2.014921;,
         1.983208;-2.973502; 2.014921;,
         1.983210;-2.518207; 1.627404;,
         1.983211;-2.518207; 2.014921;,
         1.983208;-2.973502; 2.014921;,
         1.983210;-2.973502; 1.627404;,
         1.983210;-2.973502; 1.627404;,
         1.983208;-2.973502; 2.014921;,
        -1.983210;-2.973502; 2.014921;,
        -1.983210;-2.973502; 1.627404;,
        -1.983210;-2.973502; 1.627404;,
        -1.983210;-2.973502; 2.014921;,
        -1.983210;-2.518207; 2.014921;,
        -1.983209;-2.518207; 1.627404;,
         1.983211;-2.518207; 2.014921;,
         1.983210;-2.518207; 1.627404;,
        -1.983209;-2.518207; 1.627404;,
        -1.983210;-2.518207; 2.014921;,
         1.983210; 0.223452; 1.627404;,
         1.983210;-0.231843; 1.627404;,
        -1.983210;-0.231843; 1.627404;,
        -1.983209; 0.223452; 1.627404;,
         1.983211; 0.223452; 2.014921;,
        -1.983210; 0.223452; 2.014921;,
        -1.983210;-0.231843; 2.014921;,
         1.983208;-0.231843; 2.014921;,
         1.983210; 0.223452; 1.627404;,
         1.983211; 0.223452; 2.014921;,
         1.983208;-0.231843; 2.014921;,
         1.983210;-0.231843; 1.627404;,
         1.983210;-0.231843; 1.627404;,
         1.983208;-0.231843; 2.014921;,
        -1.983210;-0.231843; 2.014921;,
        -1.983210;-0.231843; 1.627404;,
        -1.983210;-0.231843; 1.627404;,
        -1.983210;-0.231843; 2.014921;,
        -1.983210; 0.223452; 2.014921;,
        -1.983209; 0.223452; 1.627404;,
         1.983211; 0.223452; 2.014921;,
         1.983210; 0.223452; 1.627404;,
        -1.983209; 0.223452; 1.627404;,
        -1.983210; 0.223452; 2.014921;,
         1.983210; 2.991258; 1.942616;,
         1.983210;-2.991259; 1.942616;,
        -1.983210;-2.991258; 1.942616;,
        -1.983209; 2.991260; 1.942616;,
         1.983211; 2.991257; 2.318868;,
        -1.983210; 2.991259; 2.318868;,
        -1.983210;-2.991258; 2.318868;,
         1.983208;-2.991260; 2.318868;,
         1.983210; 2.991258; 1.942616;,
         1.983211; 2.991257; 2.318868;,
         1.983208;-2.991260; 2.318868;,
         1.983210;-2.991259; 1.942616;,
         1.983210;-2.991259; 1.942616;,
         1.983208;-2.991260; 2.318868;,
        -1.983210;-2.991258; 2.318868;,
        -1.983210;-2.991258; 1.942616;,
        -1.983210;-2.991258; 1.942616;,
        -1.983210;-2.991258; 2.318868;,
        -1.983210; 2.991259; 2.318868;,
        -1.983209; 2.991260; 1.942616;,
         1.983211; 2.991257; 2.318868;,
         1.983210; 2.991258; 1.942616;,
        -1.983209; 2.991260; 1.942616;,
        -1.983210; 2.991259; 2.318868;,
         1.983210; 2.991258; 1.007198;,
         1.983210;-2.991259; 1.007198;,
        -1.983210;-2.991258; 1.007198;,
        -1.983209; 2.991260; 1.007198;,
         1.983211; 2.991257; 1.887856;,
        -1.983210; 2.991259; 1.887856;,
        -1.983210;-2.991258; 1.887856;,
         1.983208;-2.991260; 1.887856;,
         1.983210; 2.991258; 1.007198;,
         1.983211; 2.991257; 1.887856;,
         1.983208;-2.991260; 1.887856;,
         1.983210;-2.991259; 1.007198;,
         1.983210;-2.991259; 1.007198;,
         1.983208;-2.991260; 1.887856;,
        -1.983210;-2.991258; 1.887856;,
        -1.983210;-2.991258; 1.007198;,
        -1.983210;-2.991258; 1.007198;,
        -1.983210;-2.991258; 1.887856;,
        -1.983210; 2.991259; 1.887856;,
        -1.983209; 2.991260; 1.007198;,
         1.983211; 2.991257; 1.887856;,
         1.983210; 2.991258; 1.007198;,
        -1.983209; 2.991260; 1.007198;,
        -1.983210; 2.991259; 1.887856;,
        -0.504662;-18.618343; 1.316961;,
        -0.504662;-18.616924; 1.337192;,
        -0.504662;-18.687380; 1.337295;,
        -0.504662;-18.688799; 1.317064;,
        -0.504662;-18.616924; 1.337192;,
         7.614626;-18.616982; 1.337198;,
         7.614626;-18.687435; 1.337302;,
        -0.504662;-18.687380; 1.337295;,
         7.614626;-18.616982; 1.337198;,
         7.614626;-18.618401; 1.316967;,
         7.614626;-18.688854; 1.317070;,
         7.614626;-18.687435; 1.337302;,
         7.614626;-18.618401; 1.316967;,
        -0.504662;-18.618343; 1.316961;,
        -0.504662;-18.688799; 1.317064;,
         7.614626;-18.688854; 1.317070;,
        -0.504662;-18.688799; 1.317064;,
        -0.504662;-18.687380; 1.337295;,
         7.614626;-18.687435; 1.337302;,
         7.614626;-18.688854; 1.317070;,
         7.614626;-18.618401; 1.316967;,
         7.614626;-18.616982; 1.337198;,
        -0.504662;-18.616924; 1.337192;,
        -0.504662;-18.618343; 1.316961;,
        -0.459097;-18.617041; 0.929635;,
        -0.459097;-18.588427; 1.337457;,
        -0.459097;-18.715832; 1.337644;,
        -0.459097;-18.744444; 0.929822;,
        -0.145981;-18.588427; 1.337457;,
        -0.145981;-18.617041; 0.929635;,
        -0.145981;-18.744444; 0.929822;,
        -0.145981;-18.715832; 1.337644;,
        -0.459097;-18.744444; 0.929822;,
        -0.459097;-18.715832; 1.337644;,
        -0.145981;-18.715832; 1.337644;,
        -0.145981;-18.744444; 0.929822;,
        -0.145981;-18.617041; 0.929635;,
        -0.145981;-18.588427; 1.337457;,
        -0.459097;-18.588427; 1.337457;,
        -0.459097;-18.617041; 0.929635;,
        -0.504662;-18.745319; 0.511436;,
        -0.504662;-18.746738; 0.491205;,
        -0.504662;-18.676283; 0.491102;,
        -0.504662;-18.674864; 0.511333;,
        -0.504662;-18.746738; 0.491205;,
         7.614626;-18.746681; 0.491199;,
         7.614626;-18.676228; 0.491095;,
        -0.504662;-18.676283; 0.491102;,
         7.614626;-18.746681; 0.491199;,
         7.614626;-18.745262; 0.511430;,
         7.614626;-18.674809; 0.511327;,
         7.614626;-18.676228; 0.491095;,
        -0.504662;-18.674864; 0.511333;,
        -0.504662;-18.676283; 0.491102;,
         7.614626;-18.676228; 0.491095;,
         7.614626;-18.674809; 0.511327;,
         7.614626;-18.745262; 0.511430;,
         7.614626;-18.746681; 0.491199;,
        -0.504662;-18.746738; 0.491205;,
        -0.504662;-18.745319; 0.511436;,
        -0.459097;-18.746622; 0.898762;,
        -0.459097;-18.775236; 0.490940;,
        -0.459097;-18.647831; 0.490753;,
        -0.459097;-18.619219; 0.898575;,
        -0.459097;-18.775236; 0.490940;,
        -0.145981;-18.775236; 0.490940;,
        -0.145981;-18.647831; 0.490753;,
        -0.459097;-18.647831; 0.490753;,
        -0.145981;-18.775236; 0.490940;,
        -0.145981;-18.746622; 0.898762;,
        -0.145981;-18.619219; 0.898575;,
        -0.145981;-18.647831; 0.490753;,
        -0.459097;-18.619219; 0.898575;,
        -0.459097;-18.647831; 0.490753;,
        -0.145981;-18.647831; 0.490753;,
        -0.145981;-18.619219; 0.898575;,
        -0.145981;-18.746622; 0.898762;,
        -0.145981;-18.775236; 0.490940;,
        -0.459097;-18.775236; 0.490940;,
        -0.459097;-18.746622; 0.898762;,
        -0.504662;-21.458237; 0.924316;,
        -0.504662;-21.598164; 0.924521;,
        -0.504662;-21.598879; 0.914335;,
        -0.504662;-21.458952; 0.914129;,
        -0.504662;-21.598164; 0.924521;,
         7.614626;-21.598207; 0.924513;,
         7.614626;-21.598923; 0.914326;,
        -0.504662;-21.598879; 0.914335;,
         7.614626;-21.598207; 0.924513;,
         7.614626;-21.458281; 0.924308;,
         7.614626;-21.458996; 0.914121;,
         7.614626;-21.598923; 0.914326;,
         7.614626;-21.458281; 0.924308;,
        -0.504662;-21.458237; 0.924316;,
        -0.504662;-21.458952; 0.914129;,
         7.614626;-21.458996; 0.914121;,
        -0.504662;-21.458952; 0.914129;,
        -0.504662;-21.598879; 0.914335;,
         7.614626;-21.598923; 0.914326;,
         7.614626;-21.458996; 0.914121;,
         7.614626;-21.458281; 0.924308;,
         7.614626;-21.598207; 0.924513;,
        -0.504662;-21.598164; 0.924521;,
        -0.504662;-21.458237; 0.924316;,
        -0.459097;-18.779337; 0.924505;,
        -0.459097;-21.600000; 0.928642;,
        -0.459097;-21.601292; 0.910221;,
        -0.459097;-18.780628; 0.906084;,
        -0.459097;-21.600000; 0.928642;,
        -0.145981;-21.600000; 0.928642;,
        -0.145981;-21.601292; 0.910221;,
        -0.459097;-21.601292; 0.910221;,
        -0.145981;-21.600000; 0.928642;,
        -0.145981;-18.779337; 0.924505;,
        -0.145981;-18.780628; 0.906084;,
        -0.145981;-21.601292; 0.910221;,
        -0.459097;-18.780628; 0.906084;,
        -0.459097;-21.601292; 0.910221;,
        -0.145981;-21.601292; 0.910221;,
        -0.145981;-18.780628; 0.906084;,
        -0.617969;-13.040095; 0.920216;,
        -0.617969;-18.756445; 0.928600;,
        -0.617969;-18.758318; 0.901922;,
        -0.617969;-13.041967; 0.893539;,
        -0.617969;-18.756445; 0.928600;,
         0.012890;-18.756445; 0.928600;,
         0.012890;-18.758318; 0.901922;,
        -0.617969;-18.758318; 0.901922;,
         0.012890;-18.756445; 0.928600;,
         0.012890;-13.040095; 0.920216;,
         0.012890;-13.041967; 0.893539;,
         0.012890;-18.758318; 0.901922;,
        -0.617969;-13.041967; 0.893539;,
        -0.617969;-18.758318; 0.901922;,
         0.012890;-18.758318; 0.901922;,
         0.012890;-13.041967; 0.893539;,
         0.012890;-13.040095; 0.920216;,
         0.012890;-18.756445; 0.928600;,
        -0.617969;-18.756445; 0.928600;,
        -0.617969;-13.040095; 0.920216;,
         0.167539;-1.058121; 0.913620;,
         0.167539;-13.012218; 0.931153;,
         0.167539;-13.015630; 0.882523;,
         0.167539;-1.061535; 0.864990;,
         0.167539;-13.012218; 0.931153;,
        -0.772618;-13.012218; 0.931153;,
        -0.772618;-13.015630; 0.882523;,
         0.167539;-13.015630; 0.882523;,
        -0.772618;-13.012218; 0.931153;,
        -0.772618;-1.058121; 0.913620;,
        -0.772618;-1.061535; 0.864990;,
        -0.772618;-13.015630; 0.882523;,
         0.167539;-1.061535; 0.864990;,
         0.167539;-13.015630; 0.882523;,
        -0.772618;-13.015630; 0.882523;,
        -0.772618;-1.061535; 0.864990;,
        -0.772618;-1.058121; 0.913620;,
        -0.772618;-13.012218; 0.931153;,
         0.167539;-13.012218; 0.931153;,
         0.167539;-1.058121; 0.913620;;
        154;
        4;3,2,1,0;,
        4;7,6,5,4;,
        4;11,10,9,8;,
        4;15,14,13,12;,
        4;19,18,17,16;,
        4;23,22,21,20;,
        4;27,26,25,24;,
        4;31,30,29,28;,
        4;35,34,33,32;,
        4;39,38,37,36;,
        4;43,42,41,40;,
        4;47,46,45,44;,
        4;51,50,49,48;,
        4;55,54,53,52;,
        4;59,58,57,56;,
        4;63,62,61,60;,
        4;67,66,65,64;,
        4;71,70,69,68;,
        4;75,74,73,72;,
        4;79,78,77,76;,
        4;83,82,81,80;,
        4;87,86,85,84;,
        4;91,90,89,88;,
        4;95,94,93,92;,
        4;99,98,97,96;,
        4;103,102,101,100;,
        4;107,106,105,104;,
        4;111,110,109,108;,
        4;115,114,113,112;,
        4;119,118,117,116;,
        4;123,122,121,120;,
        4;127,126,125,124;,
        4;131,130,129,128;,
        4;135,134,133,132;,
        4;139,138,137,136;,
        4;143,142,141,140;,
        4;147,146,145,144;,
        4;151,150,149,148;,
        4;155,154,153,152;,
        4;159,158,157,156;,
        4;163,162,161,160;,
        4;167,166,165,164;,
        4;171,170,169,168;,
        4;175,174,173,172;,
        4;179,178,177,176;,
        4;183,182,181,180;,
        4;187,186,185,184;,
        4;191,190,189,188;,
        4;195,194,193,192;,
        4;199,198,197,196;,
        4;203,202,201,200;,
        4;207,206,205,204;,
        4;211,210,209,208;,
        4;215,214,213,212;,
        4;219,218,217,216;,
        4;223,222,221,220;,
        4;227,226,225,224;,
        4;231,230,229,228;,
        4;235,234,233,232;,
        4;239,238,237,236;,
        4;243,242,241,240;,
        4;247,246,245,244;,
        4;251,250,249,248;,
        4;255,254,253,252;,
        4;259,258,257,256;,
        4;263,262,261,260;,
        4;267,266,265,264;,
        4;271,270,269,268;,
        4;275,274,273,272;,
        4;279,278,277,276;,
        4;283,282,281,280;,
        4;287,286,285,284;,
        4;291,290,289,288;,
        4;295,294,293,292;,
        4;299,298,297,296;,
        4;303,302,301,300;,
        4;307,306,305,304;,
        4;311,310,309,308;,
        4;315,314,313,312;,
        4;319,318,317,316;,
        4;323,322,321,320;,
        4;327,326,325,324;,
