xof 0303txt 0032

template XSkinMeshHeader {
  <3cf169ce-ff7c-44ab-93c0-f78f62d172e2>
  WORD nMaxSkinWeightsPerVertex;
  WORD nMaxSkinWeightsPerFace;
  WORD nBones;
}

template SkinWeights {
  <6f0d123b-bad2-4167-a0d0-80224f25fabb>
  STRING transformNodeName;
  DWORD nWeights;
  array DWORD vertexIndices[nWeights];
  array float weights[nWeights];
  Matrix4x4 matrixOffset;
}

Frame Root {
  FrameTransformMatrix {
     1.000000, 0.000000, 0.000000, 0.000000,
     0.000000,-0.000000, 1.000000, 0.000000,
     0.000000, 1.000000, 0.000000, 0.000000,
     0.000000, 0.000000, 0.000000, 1.000000;;
  }
  Frame Armature {
    FrameTransformMatrix {
       1.000000, 0.000000, 0.000000, 0.000000,
       0.000000, 1.000000, 0.000000, 0.000000,
       0.000000, 0.000000, 1.000000, 0.000000,
       2.069828, 0.043975, 0.258554, 1.000000;;
    }
    Frame Armature_torso {
      FrameTransformMatrix {
         0.907507, 0.000000,-0.420037, 0.000000,
         0.420038, 0.000000, 0.907507, 0.000000,
         0.000000,-1.000000,-0.000000, 0.000000,
        -1.283913,-0.036469, 0.054781, 1.000000;;
      }
      Frame Armature_collo3 {
        FrameTransformMatrix {
          -0.000000,-0.000000, 1.000000, 0.000000,
          -0.245728, 0.969339,-0.000000, 0.000000,
          -0.969339,-0.245728,-0.000000, 0.000000,
           0.000000, 0.463004,-0.000000, 1.000000;;
        }
        Frame Armature_collo2 {
          FrameTransformMatrix {
             1.000000,-0.000000,-0.000000, 0.000000,
            -0.000000, 0.839351,-0.543589, 0.000000,
             0.000000, 0.543589, 0.839351, 0.000000,
            -0.000000, 0.171227, 0.000000, 1.000000;;
          }
          Frame Armature_collo1 {
            FrameTransformMatrix {
               0.997454,-0.057989, 0.041507, 0.000000,
               0.068878, 0.632607,-0.771404, 0.000000,
               0.018475, 0.772299, 0.634990, 0.000000,
               0.000000, 0.176141, 0.000000, 1.000000;;
            }
            Frame Armature__1 {
              FrameTransformMatrix {
                -0.755522,-0.056658, 0.652668, 0.000000,
                 0.048844,-0.998352,-0.030124, 0.000000,
                 0.653299, 0.009119, 0.757045, 0.000000,
                 0.135788, 0.191162,-0.081830, 1.000000;;
              }
            } // End of Armature__1
            Frame Armature__2 {
              FrameTransformMatrix {
                -0.995972,-0.068482, 0.057876, 0.000000,
                 0.066433,-0.997119,-0.036623, 0.000000,
                 0.060217,-0.032631, 0.997652, 0.000000,
                 0.133167, 0.191897,-0.000000, 1.000000;;
              }
            } // End of Armature__2
            Frame Armature__3 {
              FrameTransformMatrix {
                -0.925688,-0.019931,-0.377762, 0.000000,
                 0.061689,-0.993197,-0.098766, 0.000000,
                -0.373224,-0.114730, 0.920620, 0.000000,
                 0.130562, 0.192628, 0.081359, 1.000000;;
              }
            } // End of Armature__3
            Frame Armature__4 {
              FrameTransformMatrix {
                -0.980347,-0.062445, 0.187137, 0.000000,
                 0.091947,-0.983882, 0.153367, 0.000000,
                 0.174544, 0.167560, 0.970288, 0.000000,
                 0.122234, 0.247987, 0.087095, 1.000000;;
              }
            } // End of Armature__4
            Frame Armature__5 {
              FrameTransformMatrix {
                -0.996108,-0.067675,-0.056473, 0.000000,
                 0.058662,-0.987201, 0.148298, 0.000000,
                -0.065787, 0.144408, 0.987329, 0.000000,
                -0.002278, 0.245874, 0.118068, 1.000000;;
              }
            } // End of Armature__5
            Frame Armature__6 {
              FrameTransformMatrix {
                -0.979042,-0.057442,-0.195389, 0.000000,
                 0.030227,-0.989758, 0.139516, 0.000000,
                -0.201402, 0.130686, 0.970751, 0.000000,
                -0.115678, 0.247987, 0.087095, 1.000000;;
              }
            } // End of Armature__6
            Frame Armature__7 {
              FrameTransformMatrix {
                -0.997549, 0.066660, 0.021278, 0.000000,
                -0.065715,-0.996938, 0.042387, 0.000000,
                 0.024038, 0.040885, 0.998875, 0.000000,
                -0.148454, 0.195991, 0.080634, 1.000000;;
              }
            } // End of Armature__7
            Frame Armature__8 {
              FrameTransformMatrix {
                -0.994249, 0.007480,-0.106827, 0.000000,
                -0.017019,-0.995916, 0.088662, 0.000000,
                -0.105728, 0.089970, 0.990317, 0.000000,
                -0.158838, 0.191903,-0.000001, 1.000000;;
              }
            } // End of Armature__8
            Frame Armature__9 {
              FrameTransformMatrix {
                -0.997943,-0.044043,-0.046588, 0.000000,
                 0.041193,-0.997320, 0.060466, 0.000000,
                -0.049127, 0.058423, 0.997082, 0.000000,
                -0.169282, 0.187792,-0.081104, 1.000000;;
              }
            } // End of Armature__9
            Frame Armature_boccagi첫2 {
              FrameTransformMatrix {
                 0.999987, 0.001495,-0.004874, 0.000000,
                -0.001144, 0.997457, 0.071260, 0.000000,
                 0.004968,-0.071254, 0.997446, 0.000000,
                 0.000000, 0.434287,-0.137506, 1.000000;;
              }
              Frame Armature_baccagi첫1 {
                FrameTransformMatrix {
                   0.999980, 0.001911,-0.006040, 0.000000,
                  -0.001368, 0.996073, 0.088520, 0.000000,
                   0.006185,-0.088510, 0.996056, 0.000000,
                   0.000000, 0.257406,-0.000000, 1.000000;;
                }
              } // End of Armature_baccagi첫1
            } // End of Armature_boccagi첫2
            Frame Armature_testa {
              FrameTransformMatrix {
                 1.000000, 0.000000,-0.000000, 0.000000,
                 0.000000, 0.912559, 0.408945, 0.000000,
                 0.000000,-0.408945, 0.912559, 0.000000,
                 0.000000, 0.191895,-0.000000, 1.000000;;
              }
              Frame Armature_boccasu3 {
                FrameTransformMatrix {
                   0.999975, 0.001455, 0.006878, 0.000000,
                   0.003419, 0.754198,-0.656638, 0.000000,
                  -0.006143, 0.656645, 0.754175, 0.000000,
                  -0.000000, 0.235385, 0.000000, 1.000000;;
                }
                Frame Armature_boccasu2 {
                  FrameTransformMatrix {
                     0.999995,-0.001355, 0.002905, 0.000000,
                     0.000900, 0.988490, 0.151286, 0.000000,
                    -0.003076,-0.151283, 0.988486, 0.000000,
                     0.000000, 0.162975,-0.000000, 1.000000;;
                  }
                  Frame Armature_boccasu1 {
                    FrameTransformMatrix {
                       1.000000, 0.000000,-0.000000, 0.000000,
                       0.000000, 1.000000, 0.000000, 0.000000,
                      -0.000000,-0.000000, 1.000000, 0.000000,
                       0.000000, 0.130423,-0.000000, 1.000000;;
                    }
                  } // End of Armature_boccasu1
                } // End of Armature_boccasu2
              } // End of Armature_boccasu3
            } // End of Armature_testa
          } // End of Armature_collo1
        } // End of Armature_collo2
      } // End of Armature_collo3
      Frame Armature_lspa {
        FrameTransformMatrix {
           0.007339, 0.999973, 0.000000, 0.000000,
           0.000000, 0.000000,-1.000000, 0.000000,
          -0.999973, 0.007339,-0.000000, 0.000000,
          -0.000603, 0.380857,-0.234916, 1.000000;;
        }
        Frame Armature_lom {
          FrameTransformMatrix {
             0.583613,-0.094719,-0.806489, 0.000000,
            -0.554712, 0.678822,-0.481140, 0.000000,
             0.593035, 0.728169, 0.343627, 0.000000,
            -0.000000, 0.117142,-0.000000, 1.000000;;
          }
          Frame Armature_lav {
            FrameTransformMatrix {
               0.097413,-0.877913,-0.468807, 0.000000,
               0.970715, 0.187747,-0.149881, 0.000000,
               0.219600,-0.440478, 0.870492, 0.000000,
               0.000000, 0.592805,-0.000000, 1.000000;;
            }
            Frame Armature_lman {
              FrameTransformMatrix {
                 0.853977, 0.035302,-0.519111, 0.000000,
                 0.007299, 0.996785, 0.079794, 0.000000,
                 0.520259,-0.071931, 0.850974, 0.000000,
                -0.000000, 0.583943, 0.000000, 1.000000;;
              }
              Frame Armature_lcl {
                FrameTransformMatrix {
                   0.999831,-0.017412, 0.005964, 0.000000,
                   0.017412, 0.789844,-0.613061, 0.000000,
                   0.005964, 0.613061, 0.790013, 0.000000,
                   0.000000, 0.209723,-0.000000, 1.000000;;
                }
                Frame Armature_lcla {
                  FrameTransformMatrix {
                     0.998910,-0.026570, 0.038379, 0.000000,
                     0.026570,-0.352357,-0.935489, 0.000000,
                     0.038379, 0.935489,-0.351267, 0.000000,
                    -0.000000, 0.226148,-0.000000, 1.000000;;
                  }
                } // End of Armature_lcla
              } // End of Armature_lcl
            } // End of Armature_lman
          } // End of Armature_lav
        } // End of Armature_lom
      } // End of Armature_lspa
      Frame Armature_rspa {
        FrameTransformMatrix {
           0.007351, 0.999973, 0.000000, 0.000000,
          -0.004855, 0.000036, 0.999988, 0.000000,
           0.999961,-0.007351, 0.004855, 0.000000,
           0.004486, 0.380820, 0.251710, 1.000000;;
        }
        Frame Armature_rom {
          FrameTransformMatrix {
             0.712095, 0.466805, 0.524417, 0.000000,
            -0.687101, 0.616843, 0.383923, 0.000000,
            -0.144266,-0.633717, 0.759993, 0.000000,
             0.000000, 0.117142, 0.000000, 1.000000;;
          }
          Frame Armature_rav {
            FrameTransformMatrix {
              -0.670990,-0.510295, 0.537933, 0.000000,
               0.613694, 0.024942, 0.789150, 0.000000,
              -0.416116, 0.859637, 0.296430, 0.000000,
              -0.000000, 0.592805, 0.000000, 1.000000;;
            }
            Frame Armature_rman {
              FrameTransformMatrix {
                 0.999368, 0.035201,-0.004941, 0.000000,
                -0.035222, 0.961927,-0.271028, 0.000000,
                -0.004788, 0.271031, 0.962559, 0.000000,
                -0.000000, 0.583943, 0.000000, 1.000000;;
              }
              Frame Armature_rcl {
                FrameTransformMatrix {
                   0.998873,-0.046679,-0.008594, 0.000000,
                   0.046649, 0.932090, 0.359210, 0.000000,
                  -0.008758,-0.359206, 0.933217, 0.000000,
                   0.000000, 0.209723,-0.000000, 1.000000;;
                }
                Frame Armature_rcla {
                  FrameTransformMatrix {
                     0.976206,-0.116369,-0.182977, 0.000000,
                     0.115745,-0.433925, 0.893483, 0.000000,
                    -0.183372,-0.893402,-0.410131, 0.000000,
                    -0.000000, 0.226148,-0.000000, 1.000000;;
                  }
                } // End of Armature_rcla
              } // End of Armature_rcl
            } // End of Armature_rman
          } // End of Armature_rav
        } // End of Armature_rom
      } // End of Armature_rspa
    } // End of Armature_torso
    Frame Armature__12 {
      FrameTransformMatrix {
         0.000000, 1.000000, 0.000000, 0.000000,
        -0.950045, 0.000000,-0.312114, 0.000000,
        -0.312114, 0.000000, 0.950045, 0.000000,
        -1.283913,-0.036469, 0.054781, 1.000000;;
      }
      Frame Armature__23 {
        FrameTransformMatrix {
           1.000000, 0.000000, 0.000000, 0.000000,
           0.000000, 0.949578, 0.313530, 0.000000,
           0.000000,-0.313530, 0.949578, 0.000000,
          -0.000000, 0.747748, 0.000000, 1.000000;;
        }
        Frame Armature__34 {
          FrameTransformMatrix {
             1.000000, 0.000000, 0.000000, 0.000000,
             0.000000, 0.999691,-0.024842, 0.000000,
             0.000000, 0.024842, 0.999691, 0.000000,
             0.000000, 1.050700,-0.000000, 1.000000;;
          }
          Frame Armature__56 {
            FrameTransformMatrix {
               1.000000, 0.000000, 0.000000, 0.000000,
               0.000000, 0.996192,-0.087192, 0.000000,
               0.000000, 0.087192, 0.996192, 0.000000,
               0.000000, 0.894424,-0.000000, 1.000000;;
            }
            Frame Armature_Bone_023 {
              FrameTransformMatrix {
                -1.000000, 0.000000, 0.000000, 0.000000,
                 0.000000,-1.000000, 0.000000, 0.000000,
                 0.000000, 0.000000, 1.000000, 0.000000,
                 0.000000, 0.563479, 0.000000, 1.000000;;
              }
              Frame Armature__67 {
                FrameTransformMatrix {
                  -1.000000, 0.000000, 0.000000, 0.000000,
                   0.000000,-0.991601, 0.129334, 0.000000,
                   0.000000, 0.129334, 0.991601, 0.000000,
                   0.000000, 0.026737,-0.000000, 1.000000;;
                }
              } // End of Armature__67
            } // End of Armature_Bone_023
          } // End of Armature__56
        } // End of Armature__34
      } // End of Armature__23
    } // End of Armature__12
    Frame Cube {
      FrameTransformMatrix {
         1.000000, 0.000000, 0.000000, 0.000000,
         0.000000, 1.000000, 0.000000, 0.000000,
         0.000000, 0.000000, 1.000000, 0.000000,
        -0.151505,-0.043975, 0.310330, 1.000000;;
      }
      Mesh { // Cube mesh
        1872;
        -0.187703; 0.026362; 0.154205;,
        -0.187703;-0.026362; 0.154205;,
        -0.243161;-0.026362; 0.154205;,
        -0.243161; 0.026362; 0.154205;,
        -0.187703; 0.026362; 0.252962;,
        -0.243161; 0.026362; 0.252962;,
        -0.243161;-0.026362; 0.252962;,
        -0.187704;-0.026362; 0.252962;,
        -0.187703; 0.026362; 0.154205;,
        -0.187703; 0.026362; 0.252962;,
        -0.187704;-0.026362; 0.252962;,
        -0.187703;-0.026362; 0.154205;,
        -0.187703;-0.026362; 0.154205;,
        -0.187704;-0.026362; 0.252962;,
        -0.243161;-0.026362; 0.252962;,
        -0.243161;-0.026362; 0.154205;,
        -0.243161;-0.026362; 0.154205;,
        -0.243161;-0.026362; 0.252962;,
        -0.243161; 0.026362; 0.252962;,
        -0.243161; 0.026362; 0.154205;,
        -0.187703; 0.026362; 0.252962;,
        -0.187703; 0.026362; 0.154205;,
        -0.243161; 0.026362; 0.154205;,
        -0.243161; 0.026362; 0.252962;,
        -0.088103; 0.026362; 0.154205;,
        -0.088103;-0.026362; 0.154205;,
        -0.143561;-0.026362; 0.154205;,
        -0.143561; 0.026362; 0.154205;,
        -0.088103; 0.026362; 0.252962;,
        -0.143561; 0.026362; 0.252962;,
        -0.143561;-0.026362; 0.252962;,
        -0.088103;-0.026362; 0.252962;,
        -0.088103; 0.026362; 0.154205;,
        -0.088103; 0.026362; 0.252962;,
        -0.088103;-0.026362; 0.252962;,
        -0.088103;-0.026362; 0.154205;,
        -0.088103;-0.026362; 0.154205;,
        -0.088103;-0.026362; 0.252962;,
        -0.143561;-0.026362; 0.252962;,
        -0.143561;-0.026362; 0.154205;,
        -0.143561;-0.026362; 0.154205;,
        -0.143561;-0.026362; 0.252962;,
        -0.143561; 0.026362; 0.252962;,
        -0.143561; 0.026362; 0.154205;,
        -0.088103; 0.026362; 0.252962;,
        -0.088103; 0.026362; 0.154205;,
        -0.143561; 0.026362; 0.154205;,
        -0.143561; 0.026362; 0.252962;,
         0.007525; 0.026362; 0.154205;,
         0.007525;-0.026362; 0.154205;,
        -0.047933;-0.026362; 0.154205;,
        -0.047933; 0.026362; 0.154205;,
         0.007525; 0.026362; 0.252962;,
        -0.047933; 0.026362; 0.252962;,
        -0.047933;-0.026362; 0.252962;,
         0.007525;-0.026362; 0.252962;,
         0.007525; 0.026362; 0.154205;,
         0.007525; 0.026362; 0.252962;,
         0.007525;-0.026362; 0.252962;,
         0.007525;-0.026362; 0.154205;,
         0.007525;-0.026362; 0.154205;,
         0.007525;-0.026362; 0.252962;,
        -0.047933;-0.026362; 0.252962;,
        -0.047933;-0.026362; 0.154205;,
        -0.047933;-0.026362; 0.154205;,
        -0.047933;-0.026362; 0.252962;,
        -0.047933; 0.026362; 0.252962;,
        -0.047933; 0.026362; 0.154205;,
         0.007525; 0.026362; 0.252962;,
         0.007525; 0.026362; 0.154205;,
        -0.047933; 0.026362; 0.154205;,
        -0.047933; 0.026362; 0.252962;,
         0.116396; 0.026362; 0.154205;,
         0.116396;-0.026362; 0.154205;,
         0.060938;-0.026362; 0.154205;,
         0.060938; 0.026362; 0.154205;,
         0.116396; 0.026362; 0.252962;,
         0.060938; 0.026362; 0.252962;,
         0.060938;-0.026362; 0.252962;,
         0.116396;-0.026362; 0.252962;,
         0.116396; 0.026362; 0.154205;,
         0.116396; 0.026362; 0.252962;,
         0.116396;-0.026362; 0.252962;,
         0.116396;-0.026362; 0.154205;,
         0.116396;-0.026362; 0.154205;,
         0.116396;-0.026362; 0.252962;,
         0.060938;-0.026362; 0.252962;,
         0.060938;-0.026362; 0.154205;,
         0.060938;-0.026362; 0.154205;,
         0.060938;-0.026362; 0.252962;,
         0.060938; 0.026362; 0.252962;,
         0.060938; 0.026362; 0.154205;,
         0.116396; 0.026362; 0.252962;,
         0.116396; 0.026362; 0.154205;,
         0.060938; 0.026362; 0.154205;,
         0.060938; 0.026362; 0.252962;,
         0.214863; 0.026362; 0.154205;,
         0.214863;-0.026362; 0.154205;,
         0.159405;-0.026362; 0.154205;,
         0.159405; 0.026362; 0.154205;,
         0.214863; 0.026362; 0.252962;,
         0.159405; 0.026362; 0.252962;,
         0.159405;-0.026362; 0.252962;,
         0.214863;-0.026362; 0.252962;,
         0.214863; 0.026362; 0.154205;,
         0.214863; 0.026362; 0.252962;,
         0.214863;-0.026362; 0.252962;,
         0.214863;-0.026362; 0.154205;,
         0.214863;-0.026362; 0.154205;,
         0.214863;-0.026362; 0.252962;,
         0.159405;-0.026362; 0.252962;,
         0.159405;-0.026362; 0.154205;,
         0.159405;-0.026362; 0.154205;,
         0.159405;-0.026362; 0.252962;,
         0.159405; 0.026362; 0.252962;,
         0.159405; 0.026362; 0.154205;,
         0.214863; 0.026362; 0.252962;,
         0.214863; 0.026362; 0.154205;,
         0.159405; 0.026362; 0.154205;,
         0.159405; 0.026362; 0.252962;,
         0.067532;-2.122766;-0.021720;,
         0.067532;-1.988449;-0.021720;,
         0.086064;-1.988449;-0.021720;,
         0.086064;-2.122766;-0.021720;,
         0.067532;-2.122766; 0.032507;,
         0.086064;-2.122766; 0.032507;,
         0.086064;-1.988449; 0.032507;,
         0.067532;-1.988449; 0.032507;,
         0.067532;-2.122766;-0.021720;,
         0.067532;-2.122766; 0.032507;,
         0.067532;-1.988449; 0.032507;,
         0.067532;-1.988449;-0.021720;,
         0.067532;-1.988449;-0.021720;,
         0.067532;-1.988449; 0.032507;,
         0.086064;-1.988449; 0.032507;,
         0.086064;-1.988449;-0.021720;,
         0.086064;-1.988449;-0.021720;,
         0.086064;-1.988449; 0.032507;,
         0.086064;-2.122766; 0.032507;,
         0.086064;-2.122766;-0.021720;,
         0.067532;-2.122766; 0.032507;,
         0.067532;-2.122766;-0.021720;,
         0.086064;-2.122766;-0.021720;,
         0.086064;-2.122766; 0.032507;,
         0.064756;-2.012657;-0.027574;,
         0.064756;-1.751434;-0.027574;,
         0.088839;-1.751434;-0.027574;,
         0.088839;-2.012657;-0.027574;,
         0.064756;-2.012657; 0.064063;,
         0.088839;-2.012657; 0.064063;,
         0.088839;-1.751434; 0.064064;,
         0.064756;-1.751434; 0.064064;,
         0.064756;-2.012657;-0.027574;,
         0.064756;-2.012657; 0.064063;,
         0.064756;-1.751434; 0.064064;,
         0.064756;-1.751434;-0.027574;,
         0.064756;-1.751434;-0.027574;,
         0.064756;-1.751434; 0.064064;,
         0.088839;-1.751434; 0.064064;,
         0.088839;-1.751434;-0.027574;,
         0.088839;-1.751434;-0.027574;,
         0.088839;-1.751434; 0.064064;,
         0.088839;-2.012657; 0.064063;,
         0.088839;-2.012657;-0.027574;,
         0.064756;-2.012657; 0.064063;,
         0.064756;-2.012657;-0.027574;,
         0.088839;-2.012657;-0.027574;,
         0.088839;-2.012657; 0.064063;,
         0.213200;-2.012657;-0.027574;,
         0.213200;-1.751434;-0.027574;,
         0.237283;-1.751434;-0.027574;,
         0.237283;-2.012657;-0.027574;,
         0.213200;-2.012657; 0.064064;,
         0.237283;-2.012657; 0.064064;,
         0.237283;-1.751434; 0.064064;,
         0.213200;-1.751434; 0.064064;,
         0.213200;-2.012657;-0.027574;,
         0.213200;-2.012657; 0.064064;,
         0.213200;-1.751434; 0.064064;,
         0.213200;-1.751434;-0.027574;,
         0.213200;-1.751434;-0.027574;,
         0.213200;-1.751434; 0.064064;,
         0.237283;-1.751434; 0.064064;,
         0.237283;-1.751434;-0.027574;,
         0.237283;-1.751434;-0.027574;,
         0.237283;-1.751434; 0.064064;,
         0.237283;-2.012657; 0.064064;,
         0.237283;-2.012657;-0.027574;,
         0.213200;-2.012657; 0.064064;,
         0.213200;-2.012657;-0.027574;,
         0.237283;-2.012657;-0.027574;,
         0.237283;-2.012657; 0.064064;,
         0.215976;-2.122766;-0.021720;,
         0.215976;-1.988449;-0.021720;,
         0.234508;-1.988449;-0.021720;,
         0.234508;-2.122766;-0.021720;,
         0.215976;-2.122766; 0.032507;,
         0.234508;-2.122766; 0.032507;,
         0.234508;-1.988449; 0.032507;,
         0.215976;-1.988449; 0.032507;,
         0.215976;-2.122766;-0.021720;,
         0.215976;-2.122766; 0.032507;,
         0.215976;-1.988449; 0.032507;,
         0.215976;-1.988449;-0.021720;,
         0.215976;-1.988449;-0.021720;,
         0.215976;-1.988449; 0.032507;,
         0.234508;-1.988449; 0.032507;,
         0.234508;-1.988449;-0.021720;,
         0.234508;-1.988449;-0.021720;,
         0.234508;-1.988449; 0.032507;,
         0.234508;-2.122766; 0.032507;,
         0.234508;-2.122766;-0.021720;,
         0.215976;-2.122766; 0.032507;,
         0.215976;-2.122766;-0.021720;,
         0.234508;-2.122766;-0.021720;,
         0.234508;-2.122766; 0.032507;,
         0.139827;-2.122766;-0.021720;,
         0.139827;-1.988449;-0.021720;,
         0.158359;-1.988449;-0.021720;,
         0.158359;-2.122766;-0.021720;,
         0.139827;-2.122766; 0.032507;,
         0.158359;-2.122766; 0.032507;,
         0.158359;-1.988449; 0.032507;,
         0.139827;-1.988449; 0.032507;,
         0.139827;-2.122766;-0.021720;,
         0.139827;-2.122766; 0.032507;,
         0.139827;-1.988449; 0.032507;,
         0.139827;-1.988449;-0.021720;,
         0.139827;-1.988449;-0.021720;,
         0.139827;-1.988449; 0.032507;,
         0.158359;-1.988449; 0.032507;,
         0.158359;-1.988449;-0.021720;,
         0.158359;-1.988449;-0.021720;,
         0.158359;-1.988449; 0.032507;,
         0.158359;-2.122766; 0.032507;,
         0.158359;-2.122766;-0.021720;,
         0.139827;-2.122766; 0.032507;,
         0.139827;-2.122766;-0.021720;,
         0.158359;-2.122766;-0.021720;,
         0.158359;-2.122766; 0.032507;,
         0.137052;-2.012657;-0.027574;,
         0.137052;-1.751434;-0.027574;,
         0.161135;-1.751434;-0.027574;,
         0.161135;-2.012657;-0.027574;,
         0.137052;-2.012657; 0.064064;,
         0.161135;-2.012657; 0.064064;,
         0.161135;-1.751434; 0.064064;,
         0.137052;-1.751434; 0.064064;,
         0.137052;-2.012657;-0.027574;,
         0.137052;-2.012657; 0.064064;,
         0.137052;-1.751434; 0.064064;,
         0.137052;-1.751434;-0.027574;,
         0.137052;-1.751434;-0.027574;,
         0.137052;-1.751434; 0.064064;,
         0.161135;-1.751434; 0.064064;,
         0.161135;-1.751434;-0.027574;,
         0.161135;-1.751434;-0.027574;,
         0.161135;-1.751434; 0.064064;,
         0.161135;-2.012657; 0.064064;,
         0.161135;-2.012657;-0.027574;,
         0.137052;-2.012657; 0.064064;,
         0.137052;-2.012657;-0.027574;,
         0.161135;-2.012657;-0.027574;,
         0.161135;-2.012657; 0.064064;,
         0.055736;-1.753039;-0.067834;,
         0.055735;-1.557611;-0.067834;,
         0.242451;-1.557611;-0.067834;,
         0.242451;-1.753039;-0.067834;,
         0.055735;-1.753039; 0.067834;,
         0.242451;-1.753039; 0.067834;,
         0.242451;-1.557611; 0.067834;,
         0.055736;-1.557611; 0.067834;,
         0.055736;-1.753039;-0.067834;,
         0.055735;-1.753039; 0.067834;,
         0.055736;-1.557611; 0.067834;,
         0.055735;-1.557611;-0.067834;,
         0.055735;-1.557611;-0.067834;,
         0.055736;-1.557611; 0.067834;,
         0.242451;-1.557611; 0.067834;,
         0.242451;-1.557611;-0.067834;,
         0.242451;-1.557611;-0.067834;,
         0.242451;-1.557611; 0.067834;,
         0.242451;-1.753039; 0.067834;,
         0.242451;-1.753039;-0.067834;,
         0.055735;-1.753039; 0.067834;,
         0.055736;-1.753039;-0.067834;,
         0.242451;-1.753039;-0.067834;,
         0.242451;-1.753039; 0.067834;,
         0.069318;-1.551106;-0.064932;,
         0.069318;-0.958336;-0.064932;,
         0.228868;-0.958336;-0.064932;,
         0.228868;-1.551106;-0.064932;,
         0.069318;-1.551105; 0.064932;,
         0.228868;-1.551106; 0.064932;,
         0.228868;-0.958336; 0.064932;,
         0.069318;-0.958336; 0.064932;,
         0.069318;-1.551106;-0.064932;,
         0.069318;-1.551105; 0.064932;,
         0.069318;-0.958336; 0.064932;,
         0.069318;-0.958336;-0.064932;,
         0.069318;-0.958336;-0.064932;,
         0.069318;-0.958336; 0.064932;,
         0.228868;-0.958336; 0.064932;,
         0.228868;-0.958336;-0.064932;,
         0.228868;-0.958336;-0.064932;,
         0.228868;-0.958336; 0.064932;,
         0.228868;-1.551106; 0.064932;,
         0.228868;-1.551106;-0.064932;,
         0.069318;-1.551105; 0.064932;,
         0.069318;-1.551106;-0.064932;,
         0.228868;-1.551106;-0.064932;,
         0.228868;-1.551106; 0.064932;,
         0.081488;-0.957237;-0.055307;,
         0.081488;-0.364467;-0.055307;,
         0.216698;-0.364467;-0.055307;,
         0.216698;-0.957237;-0.055307;,
         0.081488;-0.957237; 0.055307;,
         0.216698;-0.957237; 0.055307;,
         0.216698;-0.364467; 0.055307;,
         0.081488;-0.364467; 0.055307;,
         0.081488;-0.957237;-0.055307;,
         0.081488;-0.957237; 0.055307;,
         0.081488;-0.364467; 0.055307;,
         0.081488;-0.364467;-0.055307;,
         0.081488;-0.364467;-0.055307;,
         0.081488;-0.364467; 0.055307;,
         0.216698;-0.364467; 0.055307;,
         0.216698;-0.364467;-0.055307;,
         0.216698;-0.364467;-0.055307;,
         0.216698;-0.364467; 0.055307;,
         0.216698;-0.957237; 0.055307;,
         0.216698;-0.957237;-0.055307;,
         0.081488;-0.957237; 0.055307;,
         0.081488;-0.957237;-0.055307;,
         0.216698;-0.957237;-0.055307;,
         0.216698;-0.957237; 0.055307;,
         0.052347;-0.359164;-0.082693;,
         0.052347;-0.256484;-0.082693;,
         0.245839;-0.256484;-0.082693;,
         0.245839;-0.359164;-0.082693;,
         0.052347;-0.359164; 0.082693;,
         0.245839;-0.359164; 0.082693;,
         0.245839;-0.256484; 0.082693;,
         0.052347;-0.256484; 0.082693;,
         0.052347;-0.359164;-0.082693;,
         0.052347;-0.359164; 0.082693;,
         0.052347;-0.256484; 0.082693;,
         0.052347;-0.256484;-0.082693;,
         0.052347;-0.256484;-0.082693;,
         0.052347;-0.256484; 0.082693;,
         0.245839;-0.256484; 0.082693;,
         0.245839;-0.256484;-0.082693;,
         0.245839;-0.256484;-0.082693;,
         0.245839;-0.256484; 0.082693;,
         0.245839;-0.359164; 0.082693;,
         0.245839;-0.359164;-0.082693;,
         0.052347;-0.359164; 0.082693;,
         0.052347;-0.359164;-0.082693;,
         0.245839;-0.359164;-0.082693;,
         0.245839;-0.359164; 0.082693;,
         0.230654; 2.119050;-0.021720;,
         0.230654; 1.984732;-0.021720;,
         0.212123; 1.984732;-0.021720;,
         0.212123; 2.119050;-0.021720;,
         0.230654; 2.119049; 0.032507;,
         0.212123; 2.119050; 0.032507;,
         0.212123; 1.984732; 0.032507;,
         0.230654; 1.984732; 0.032507;,
         0.230654; 2.119050;-0.021720;,
         0.230654; 2.119049; 0.032507;,
         0.230654; 1.984732; 0.032507;,
         0.230654; 1.984732;-0.021720;,
         0.230654; 1.984732;-0.021720;,
         0.230654; 1.984732; 0.032507;,
         0.212123; 1.984732; 0.032507;,
         0.212123; 1.984732;-0.021720;,
         0.212123; 1.984732;-0.021720;,
         0.212123; 1.984732; 0.032507;,
         0.212123; 2.119050; 0.032507;,
         0.212123; 2.119050;-0.021720;,
         0.230654; 2.119049; 0.032507;,
         0.230654; 2.119050;-0.021720;,
         0.212123; 2.119050;-0.021720;,
         0.212123; 2.119050; 0.032507;,
         0.233430; 2.008940;-0.027574;,
         0.233430; 1.747717;-0.027574;,
         0.209347; 1.747717;-0.027574;,
         0.209347; 2.008940;-0.027574;,
         0.233430; 2.008940; 0.064063;,
         0.209347; 2.008940; 0.064063;,
         0.209347; 1.747717; 0.064064;,
         0.233430; 1.747717; 0.064064;,
         0.233430; 2.008940;-0.027574;,
         0.233430; 2.008940; 0.064063;,
         0.233430; 1.747717; 0.064064;,
         0.233430; 1.747717;-0.027574;,
         0.233430; 1.747717;-0.027574;,
         0.233430; 1.747717; 0.064064;,
         0.209347; 1.747717; 0.064064;,
         0.209347; 1.747717;-0.027574;,
         0.209347; 1.747717;-0.027574;,
         0.209347; 1.747717; 0.064064;,
         0.209347; 2.008940; 0.064063;,
         0.209347; 2.008940;-0.027574;,
         0.233430; 2.008940; 0.064063;,
         0.233430; 2.008940;-0.027574;,
         0.209347; 2.008940;-0.027574;,
         0.209347; 2.008940; 0.064063;,
         0.084986; 2.008940;-0.027574;,
         0.084986; 1.747717;-0.027574;,
         0.060903; 1.747717;-0.027574;,
         0.060903; 2.008940;-0.027574;,
         0.084986; 2.008940; 0.064064;,
         0.060903; 2.008940; 0.064064;,
         0.060903; 1.747717; 0.064064;,
         0.084986; 1.747717; 0.064064;,
         0.084986; 2.008940;-0.027574;,
         0.084986; 2.008940; 0.064064;,
         0.084986; 1.747717; 0.064064;,
         0.084986; 1.747717;-0.027574;,
         0.084986; 1.747717;-0.027574;,
         0.084986; 1.747717; 0.064064;,
         0.060903; 1.747717; 0.064064;,
         0.060903; 1.747717;-0.027574;,
         0.060903; 1.747717;-0.027574;,
         0.060903; 1.747717; 0.064064;,
         0.060903; 2.008940; 0.064064;,
         0.060903; 2.008940;-0.027574;,
         0.084986; 2.008940; 0.064064;,
         0.084986; 2.008940;-0.027574;,
         0.060903; 2.008940;-0.027574;,
         0.060903; 2.008940; 0.064064;,
         0.082210; 2.119050;-0.021720;,
         0.082210; 1.984732;-0.021720;,
         0.063679; 1.984732;-0.021720;,
         0.063679; 2.119050;-0.021720;,
         0.082210; 2.119049; 0.032507;,
         0.063679; 2.119050; 0.032507;,
         0.063679; 1.984732; 0.032507;,
         0.082210; 1.984732; 0.032507;,
         0.082210; 2.119050;-0.021720;,
         0.082210; 2.119049; 0.032507;,
         0.082210; 1.984732; 0.032507;,
         0.082210; 1.984732;-0.021720;,
         0.082210; 1.984732;-0.021720;,
         0.082210; 1.984732; 0.032507;,
         0.063679; 1.984732; 0.032507;,
         0.063679; 1.984732;-0.021720;,
         0.063679; 1.984732;-0.021720;,
         0.063679; 1.984732; 0.032507;,
         0.063679; 2.119050; 0.032507;,
         0.063679; 2.119050;-0.021720;,
         0.082210; 2.119049; 0.032507;,
         0.082210; 2.119050;-0.021720;,
         0.063679; 2.119050;-0.021720;,
         0.063679; 2.119050; 0.032507;,
         0.158359; 2.119050;-0.021720;,
         0.158359; 1.984732;-0.021720;,
         0.139827; 1.984732;-0.021720;,
         0.139827; 2.119050;-0.021720;,
         0.158359; 2.119049; 0.032507;,
         0.139827; 2.119050; 0.032507;,
         0.139827; 1.984732; 0.032507;,
         0.158359; 1.984732; 0.032507;,
         0.158359; 2.119050;-0.021720;,
         0.158359; 2.119049; 0.032507;,
         0.158359; 1.984732; 0.032507;,
         0.158359; 1.984732;-0.021720;,
         0.158359; 1.984732;-0.021720;,
         0.158359; 1.984732; 0.032507;,
         0.139827; 1.984732; 0.032507;,
         0.139827; 1.984732;-0.021720;,
         0.139827; 1.984732;-0.021720;,
         0.139827; 1.984732; 0.032507;,
         0.139827; 2.119050; 0.032507;,
         0.139827; 2.119050;-0.021720;,
         0.158359; 2.119049; 0.032507;,
         0.158359; 2.119050;-0.021720;,
         0.139827; 2.119050;-0.021720;,
         0.139827; 2.119050; 0.032507;,
         0.161135; 2.008940;-0.027574;,
         0.161135; 1.747717;-0.027574;,
         0.137052; 1.747717;-0.027574;,
         0.137052; 2.008940;-0.027574;,
         0.161135; 2.008940; 0.064064;,
         0.137052; 2.008940; 0.064064;,
         0.137052; 1.747717; 0.064064;,
         0.161135; 1.747717; 0.064064;,
         0.161135; 2.008940;-0.027574;,
         0.161135; 2.008940; 0.064064;,
         0.161135; 1.747717; 0.064064;,
         0.161135; 1.747717;-0.027574;,
         0.161135; 1.747717;-0.027574;,
         0.161135; 1.747717; 0.064064;,
         0.137052; 1.747717; 0.064064;,
         0.137052; 1.747717;-0.027574;,
         0.137052; 1.747717;-0.027574;,
         0.137052; 1.747717; 0.064064;,
         0.137052; 2.008940; 0.064064;,
         0.137052; 2.008940;-0.027574;,
         0.161135; 2.008940; 0.064064;,
         0.161135; 2.008940;-0.027574;,
         0.137052; 2.008940;-0.027574;,
         0.137052; 2.008940; 0.064064;,
         0.242451; 1.749322;-0.067834;,
         0.242451; 1.553894;-0.067834;,
         0.055736; 1.553894;-0.067834;,
         0.055736; 1.749322;-0.067834;,
         0.242451; 1.749322; 0.067834;,
         0.055736; 1.749322; 0.067834;,
         0.055735; 1.553894; 0.067834;,
         0.242451; 1.553894; 0.067834;,
         0.242451; 1.749322;-0.067834;,
         0.242451; 1.749322; 0.067834;,
         0.242451; 1.553894; 0.067834;,
         0.242451; 1.553894;-0.067834;,
         0.242451; 1.553894;-0.067834;,
         0.242451; 1.553894; 0.067834;,
         0.055735; 1.553894; 0.067834;,
         0.055736; 1.553894;-0.067834;,
         0.055736; 1.553894;-0.067834;,
         0.055735; 1.553894; 0.067834;,
         0.055736; 1.749322; 0.067834;,
         0.055736; 1.749322;-0.067834;,
         0.242451; 1.749322; 0.067834;,
         0.242451; 1.749322;-0.067834;,
         0.055736; 1.749322;-0.067834;,
         0.055736; 1.749322; 0.067834;,
         0.228868; 1.547389;-0.064932;,
         0.228868; 0.954619;-0.064932;,
         0.069318; 0.954619;-0.064932;,
         0.069318; 1.547389;-0.064932;,
         0.228868; 1.547389; 0.064932;,
         0.069318; 1.547389; 0.064932;,
         0.069318; 0.954619; 0.064932;,
         0.228868; 0.954619; 0.064932;,
         0.228868; 1.547389;-0.064932;,
         0.228868; 1.547389; 0.064932;,
         0.228868; 0.954619; 0.064932;,
         0.228868; 0.954619;-0.064932;,
         0.228868; 0.954619;-0.064932;,
         0.228868; 0.954619; 0.064932;,
         0.069318; 0.954619; 0.064932;,
         0.069318; 0.954619;-0.064932;,
         0.069318; 0.954619;-0.064932;,
         0.069318; 0.954619; 0.064932;,
         0.069318; 1.547389; 0.064932;,
         0.069318; 1.547389;-0.064932;,
         0.228868; 1.547389; 0.064932;,
         0.228868; 1.547389;-0.064932;,
         0.069318; 1.547389;-0.064932;,
         0.069318; 1.547389; 0.064932;,
         0.216698; 0.953520;-0.055307;,
         0.216698; 0.360750;-0.055307;,
         0.081488; 0.360750;-0.055307;,
         0.081488; 0.953520;-0.055307;,
         0.216698; 0.953520; 0.055307;,
         0.081488; 0.953520; 0.055307;,
         0.081488; 0.360750; 0.055307;,
         0.216698; 0.360750; 0.055307;,
         0.216698; 0.953520;-0.055307;,
         0.216698; 0.953520; 0.055307;,
         0.216698; 0.360750; 0.055307;,
         0.216698; 0.360750;-0.055307;,
         0.216698; 0.360750;-0.055307;,
         0.216698; 0.360750; 0.055307;,
         0.081488; 0.360750; 0.055307;,
         0.081488; 0.360750;-0.055307;,
         0.081488; 0.360750;-0.055307;,
         0.081488; 0.360750; 0.055307;,
         0.081488; 0.953520; 0.055307;,
         0.081488; 0.953520;-0.055307;,
         0.216698; 0.953520; 0.055307;,
         0.216698; 0.953520;-0.055307;,
         0.081488; 0.953520;-0.055307;,
         0.081488; 0.953520; 0.055307;,
         0.245839; 0.355447;-0.082693;,
         0.245839; 0.252767;-0.082693;,
         0.052347; 0.252768;-0.082693;,
         0.052347; 0.355447;-0.082693;,
         0.245839; 0.355447; 0.082693;,
         0.052347; 0.355447; 0.082693;,
         0.052347; 0.252768; 0.082693;,
         0.245839; 0.252767; 0.082693;,
         0.245839; 0.355447;-0.082693;,
         0.245839; 0.355447; 0.082693;,
         0.245839; 0.252767; 0.082693;,
         0.245839; 0.252767;-0.082693;,
         0.245839; 0.252767;-0.082693;,
         0.245839; 0.252767; 0.082693;,
         0.052347; 0.252768; 0.082693;,
         0.052347; 0.252768;-0.082693;,
         0.052347; 0.252768;-0.082693;,
         0.052347; 0.252768; 0.082693;,
         0.052347; 0.355447; 0.082693;,
         0.052347; 0.355447;-0.082693;,
         0.245839; 0.355447; 0.082693;,
         0.245839; 0.355447;-0.082693;,
         0.052347; 0.355447;-0.082693;,
         0.052347; 0.355447; 0.082693;,
         0.791873;-0.148121; 0.148500;,
         0.791873;-0.148121; 0.000659;,
         0.332104;-0.148121; 0.000659;,
         0.332104;-0.148121; 0.148500;,
         0.791873;-0.165387; 0.148500;,
         0.332104;-0.165387; 0.148500;,
         0.332104;-0.165387; 0.000659;,
         0.791872;-0.165387; 0.000659;,
         0.791873;-0.148121; 0.148500;,
         0.791873;-0.165387; 0.148500;,
         0.791872;-0.165387; 0.000659;,
         0.791873;-0.148121; 0.000659;,
         0.791873;-0.148121; 0.000659;,
         0.791872;-0.165387; 0.000659;,
         0.332104;-0.165387; 0.000659;,
         0.332104;-0.148121; 0.000659;,
         0.332104;-0.148121; 0.000659;,
         0.332104;-0.165387; 0.000659;,
         0.332104;-0.165387; 0.148500;,
         0.332104;-0.148121; 0.148500;,
         0.791873;-0.165387; 0.148500;,
         0.791873;-0.148121; 0.148500;,
         0.332104;-0.148121; 0.148500;,
         0.332104;-0.165387; 0.148500;,
         0.791873;-0.148121;-0.007499;,
         0.791873;-0.148121;-0.155340;,
         0.332104;-0.148121;-0.155340;,
         0.332104;-0.148121;-0.007499;,
         0.791873;-0.165387;-0.007499;,
         0.332104;-0.165387;-0.007499;,
         0.332104;-0.165387;-0.155340;,
         0.791872;-0.165387;-0.155340;,
         0.791873;-0.148121;-0.007499;,
         0.791873;-0.165387;-0.007499;,
         0.791872;-0.165387;-0.155340;,
         0.791873;-0.148121;-0.155340;,
         0.791873;-0.148121;-0.155340;,
         0.791872;-0.165387;-0.155340;,
         0.332104;-0.165387;-0.155340;,
         0.332104;-0.148121;-0.155340;,
         0.332104;-0.148121;-0.155340;,
         0.332104;-0.165387;-0.155340;,
         0.332104;-0.165387;-0.007499;,
         0.332104;-0.148121;-0.007499;,
         0.791873;-0.165387;-0.007499;,
         0.791873;-0.148121;-0.007499;,
         0.332104;-0.148121;-0.007499;,
         0.332104;-0.165387;-0.007499;,
         0.791873;-0.148121; 0.060857;,
         0.791873;-0.148121;-0.086984;,
         0.332104;-0.148121;-0.086984;,
