xof 0303txt 0032

template XSkinMeshHeader {
  <3cf169ce-ff7c-44ab-93c0-f78f62d172e2>
  WORD nMaxSkinWeightsPerVertex;
  WORD nMaxSkinWeightsPerFace;
  WORD nBones;
}

template SkinWeights {
  <6f0d123b-bad2-4167-a0d0-80224f25fabb>
  STRING transformNodeName;
  DWORD nWeights;
  array DWORD vertexIndices[nWeights];
  array float weights[nWeights];
  Matrix4x4 matrixOffset;
}

Frame Root {
  FrameTransformMatrix {
     1.000000, 0.000000, 0.000000, 0.000000,
     0.000000,-0.000000, 1.000000, 0.000000,
     0.000000, 1.000000, 0.000000, 0.000000,
     0.000000, 0.000000, 0.000000, 1.000000;;
  }
  Frame Armature {
    FrameTransformMatrix {
       1.000000, 0.000000, 0.000000, 0.000000,
       0.000000, 1.000000, 0.000000, 0.000000,
       0.000000, 0.000000, 1.000000, 0.000000,
      -0.067273,-0.172647,-0.210488, 1.000000;;
    }
    Frame Armature_Bone {
      FrameTransformMatrix {
         0.688458, 0.000000, 0.725276, 0.000000,
        -0.725276, 0.000000, 0.688458, 0.000000,
         0.000000,-1.000000, 0.000000, 0.000000,
         1.089498, 0.129596, 0.478722, 1.000000;;
      }
      Frame Armature_Bone_001 {
        FrameTransformMatrix {
           0.000000, 0.000000,-1.000000, 0.000000,
          -0.466740, 0.884394, 0.000000, 0.000000,
           0.884394, 0.466740, 0.000000, 0.000000,
           0.000000, 0.564961, 0.000000, 1.000000;;
        }
        Frame Armature_Bone_002 {
          FrameTransformMatrix {
             1.000000,-0.000000,-0.000000, 0.000000,
            -0.000000, 0.930511,-0.366264, 0.000000,
             0.000000, 0.366264, 0.930511, 0.000000,
            -0.000000, 0.612966,-0.000000, 1.000000;;
          }
          Frame Armature_Bone_003 {
            FrameTransformMatrix {
               0.999960, 0.007027,-0.005503, 0.000000,
              -0.008532, 0.933533,-0.358389, 0.000000,
               0.002619, 0.358422, 0.933556, 0.000000,
               0.000000, 0.612016, 0.000000, 1.000000;;
            }
            Frame Armature_Bone_004 {
              FrameTransformMatrix {
                 0.990000,-0.095906,-0.103450, 0.000000,
                 0.008785, 0.773833,-0.633329, 0.000000,
                 0.140793, 0.626087, 0.766937, 0.000000,
                -0.000000, 0.589635, 0.000000, 1.000000;;
              }
              Frame Armature_Bone_016 {
                FrameTransformMatrix {
                   0.055708,-0.962854,-0.264214, 0.000000,
                  -0.688309, 0.154660,-0.708739, 0.000000,
                   0.723276, 0.221343,-0.654125, 0.000000,
                  -0.206461, 0.279475,-0.144085, 1.000000;;
                }
                Frame Armature_Bone_017 {
                  FrameTransformMatrix {
                     0.883963, 0.467108,-0.020491, 0.000000,
                     0.033353,-0.019281, 0.999258, 0.000000,
                     0.466366,-0.883990,-0.032623, 0.000000,
                     0.000000, 0.462192, 0.000000, 1.000000;;
                  }
                } // End of Armature_Bone_017
              } // End of Armature_Bone_016
              Frame Armature_Bone_026 {
                FrameTransformMatrix {
                  -0.009508,-0.961807,-0.273565, 0.000000,
                   0.875311, 0.124266,-0.467321, 0.000000,
                   0.483467,-0.243897, 0.840698, 0.000000,
                   0.197045, 0.279368,-0.090832, 1.000000;;
                }
                Frame Armature_Bone_027 {
                  FrameTransformMatrix {
                     0.849683, 0.526896,-0.020500, 0.000000,
                     0.001638,-0.041515,-0.999137, 0.000000,
                    -0.527292, 0.848915,-0.036138, 0.000000,
                     0.000000, 0.462192,-0.000000, 1.000000;;
                  }
                } // End of Armature_Bone_027
              } // End of Armature_Bone_026
              Frame Armature_Bone_031 {
                FrameTransformMatrix {
                   0.455727,-0.885589,-0.089692, 0.000000,
                   0.753410, 0.330111, 0.568682, 0.000000,
                  -0.474010,-0.326739, 0.817653, 0.000000,
                  -0.009118, 0.536852, 0.069680, 1.000000;;
                }
              } // End of Armature_Bone_031
              Frame Armature_Bone_039 {
                FrameTransformMatrix {
                   0.431409, 0.872272, 0.230278, 0.000000,
                  -0.879916, 0.350507, 0.320770, 0.000000,
                   0.199085,-0.341008, 0.918738, 0.000000,
                  -0.009138, 0.536864, 0.069743, 1.000000;;
                }
              } // End of Armature_Bone_039
              Frame Armature_Bone_042 {
                FrameTransformMatrix {
                   0.034981,-0.963063,-0.266992, 0.000000,
                  -0.125113,-0.269274, 0.954902, 0.000000,
                  -0.991526, 0.000000,-0.129911, 0.000000,
                  -0.000006, 0.905077, 0.000044, 1.000000;;
                }
              } // End of Armature_Bone_042
              Frame Armature_Bone_044 {
                FrameTransformMatrix {
                   0.034981,-0.963064,-0.266992, 0.000000,
                   0.991526,-0.000000, 0.129911, 0.000000,
                  -0.125113,-0.269274, 0.954902, 0.000000,
                  -0.000000, 0.905068, 0.000000, 1.000000;;
                }
              } // End of Armature_Bone_044
              Frame Armature_Bone_045 {
                FrameTransformMatrix {
                  -0.034982, 0.963064, 0.266992, 0.000000,
                  -0.991526, 0.000000,-0.129911, 0.000000,
                  -0.125113,-0.269274, 0.954902, 0.000000,
                  -0.000006, 0.905077, 0.000044, 1.000000;;
                }
              } // End of Armature_Bone_045
            } // End of Armature_Bone_004
            Frame Armature_Bone_014 {
              FrameTransformMatrix {
                -0.000094,-0.997886,-0.064991, 0.000000,
                -0.924505, 0.024859,-0.380358, 0.000000,
                 0.381170, 0.060048,-0.922553, 0.000000,
                -0.235225, 0.315649,-0.212733, 1.000000;;
              }
              Frame Armature_Bone_015 {
                FrameTransformMatrix {
                   0.991417, 0.123322, 0.043406, 0.000000,
                   0.017881,-0.456788, 0.889396, 0.000000,
                   0.129510,-0.880986,-0.455073, 0.000000,
                   0.000000, 0.462192,-0.000000, 1.000000;;
                }
              } // End of Armature_Bone_015
            } // End of Armature_Bone_014
            Frame Armature_Bone_024 {
              FrameTransformMatrix {
                -0.007830,-0.997956,-0.063425, 0.000000,
                 0.927133, 0.016518,-0.374368, 0.000000,
                 0.374651,-0.061734, 0.925108, 0.000000,
                 0.185670, 0.315692,-0.213222, 1.000000;;
              }
              Frame Armature_Bone_025 {
                FrameTransformMatrix {
                   0.989100, 0.136833,-0.054382, 0.000000,
                   0.020967,-0.496458,-0.867807, 0.000000,
                  -0.145743, 0.857208,-0.493916, 0.000000,
                  -0.000000, 0.462192, 0.000000, 1.000000;;
                }
              } // End of Armature_Bone_025
            } // End of Armature_Bone_024
            Frame Armature_Bone_030 {
              FrameTransformMatrix {
                 0.414312,-0.851138, 0.322349, 0.000000,
                 0.876094, 0.468923, 0.112118, 0.000000,
                -0.246585, 0.235956, 0.939958, 0.000000,
                -0.000000, 0.589635, 0.000000, 1.000000;;
              }
            } // End of Armature_Bone_030
            Frame Armature_Bone_038 {
              FrameTransformMatrix {
                 0.357950, 0.889435,-0.284215, 0.000000,
                -0.901355, 0.408609, 0.143522, 0.000000,
                 0.243786, 0.204805, 0.947957, 0.000000,
                -0.000000, 0.589635, 0.000000, 1.000000;;
              }
            } // End of Armature_Bone_038
          } // End of Armature_Bone_003
          Frame Armature_Bone_012 {
            FrameTransformMatrix {
              -0.005285,-0.999981, 0.003256, 0.000000,
              -0.924601, 0.003646,-0.380919, 0.000000,
               0.380900,-0.005023,-0.924603, 0.000000,
              -0.237282, 0.280385,-0.231996, 1.000000;;
            }
            Frame Armature_Bone_013 {
              FrameTransformMatrix {
                 0.999510, 0.024528, 0.019453, 0.000000,
                -0.006067,-0.457835, 0.889017, 0.000000,
                 0.030712,-0.888699,-0.457462, 0.000000,
                -0.000000, 0.462192,-0.000000, 1.000000;;
              }
            } // End of Armature_Bone_013
          } // End of Armature_Bone_012
          Frame Armature_Bone_022 {
            FrameTransformMatrix {
               0.003742,-0.999987, 0.003611, 0.000000,
               0.927363, 0.002119,-0.374157, 0.000000,
               0.374145, 0.004749, 0.927358, 0.000000,
               0.183546, 0.280384,-0.232229, 1.000000;;
            }
            Frame Armature_Bone_023 {
              FrameTransformMatrix {
                 0.999396, 0.030071,-0.017404, 0.000000,
                 0.000005,-0.501062,-0.865411, 0.000000,
                -0.034744, 0.864889,-0.500760, 0.000000,
                -0.000000, 0.462192,-0.000000, 1.000000;;
              }
            } // End of Armature_Bone_023
          } // End of Armature_Bone_022
          Frame Armature_Bone_028 {
            FrameTransformMatrix {
               0.466805,-0.830261, 0.304565, 0.000000,
               0.868401, 0.495472, 0.019690, 0.000000,
              -0.167252, 0.255293, 0.952288, 0.000000,
               0.000000, 0.612016, 0.000000, 1.000000;;
            }
          } // End of Armature_Bone_028
          Frame Armature_Bone_037 {
            FrameTransformMatrix {
               0.465687, 0.842799,-0.269861, 0.000000,
              -0.859891, 0.503002, 0.087044, 0.000000,
               0.209102, 0.191516, 0.958957, 0.000000,
               0.000000, 0.612016, 0.000000, 1.000000;;
            }
          } // End of Armature_Bone_037
        } // End of Armature_Bone_002
        Frame Armature_Bone_007 {
          FrameTransformMatrix {
             0.372012,-0.845856, 0.382274, 0.000000,
             0.901351, 0.427569, 0.068926, 0.000000,
            -0.221750, 0.318922, 0.921475, 0.000000,
            -0.000000, 0.612966,-0.000000, 1.000000;;
          }
        } // End of Armature_Bone_007
        Frame Armature_Bone_010 {
          FrameTransformMatrix {
            -0.007727,-0.999948,-0.006641, 0.000000,
            -0.924593, 0.009674,-0.380835, 0.000000,
             0.380879, 0.003198,-0.924619, 0.000000,
            -0.242330, 0.280870,-0.233589, 1.000000;;
          }
          Frame Armature_Bone_011 {
            FrameTransformMatrix {
               0.999806,-0.019412, 0.003401, 0.000000,
              -0.011912,-0.457810, 0.888970, 0.000000,
              -0.015699,-0.888838,-0.457952, 0.000000,
              -0.000000, 0.462192, 0.000000, 1.000000;;
            }
          } // End of Armature_Bone_011
        } // End of Armature_Bone_010
        Frame Armature_Bone_020 {
          FrameTransformMatrix {
             0.009107,-0.999941,-0.005908, 0.000000,
             0.927345, 0.010656,-0.374057, 0.000000,
             0.374098,-0.002072, 0.927387, 0.000000,
             0.188797, 0.280876,-0.233578, 1.000000;;
          }
          Frame Armature_Bone_021 {
            FrameTransformMatrix {
               0.999738,-0.022529,-0.003947, 0.000000,
              -0.014712,-0.501236,-0.865186, 0.000000,
               0.017513, 0.865017,-0.501436, 0.000000,
               0.000000, 0.462192, 0.000000, 1.000000;;
            }
          } // End of Armature_Bone_021
        } // End of Armature_Bone_020
        Frame Armature_Bone_036 {
          FrameTransformMatrix {
             0.335493, 0.878940,-0.338982, 0.000000,
            -0.933598, 0.358287, 0.005007, 0.000000,
             0.125854, 0.314793, 0.940780, 0.000000,
            -0.000000, 0.612966,-0.000000, 1.000000;;
          }
        } // End of Armature_Bone_036
      } // End of Armature_Bone_001
      Frame Armature_Bone_006 {
        FrameTransformMatrix {
           0.470414,-0.803852,-0.364051, 0.000000,
          -0.066473, 0.379097,-0.922966, 0.000000,
           0.879939, 0.458375, 0.124898, 0.000000,
           0.000000, 0.564961, 0.000000, 1.000000;;
        }
      } // End of Armature_Bone_006
      Frame Armature_Bone_008 {
        FrameTransformMatrix {
           0.090823,-0.995830, 0.008653, 0.000000,
          -0.380055,-0.026629, 0.924581, 0.000000,
          -0.920494,-0.087262,-0.380889, 0.000000,
          -0.209243, 0.264041, 0.248166, 1.000000;;
        }
        Frame Armature_Bone_009 {
          FrameTransformMatrix {
             0.999346,-0.036064,-0.002682, 0.000000,
            -0.014132,-0.457722, 0.888983, 0.000000,
            -0.033287,-0.888364,-0.457932, 0.000000,
             0.000000, 0.462192, 0.000000, 1.000000;;
          }
        } // End of Armature_Bone_009
      } // End of Armature_Bone_008
      Frame Armature_Bone_018 {
        FrameTransformMatrix {
           0.091694,-0.995725,-0.011141, 0.000000,
          -0.373508,-0.024020,-0.927316, 0.000000,
           0.923084, 0.089190,-0.374113, 0.000000,
          -0.208847, 0.264099,-0.196272, 1.000000;;
        }
        Frame Armature_Bone_019 {
          FrameTransformMatrix {
             0.999097,-0.042462, 0.001150, 0.000000,
            -0.020295,-0.500957,-0.865234, 0.000000,
             0.037315, 0.864430,-0.501367, 0.000000,
            -0.000000, 0.462192,-0.000000, 1.000000;;
          }
        } // End of Armature_Bone_019
      } // End of Armature_Bone_018
      Frame Armature_Bone_035 {
        FrameTransformMatrix {
          -0.448283, 0.837421,-0.312682, 0.000000,
           0.031677, 0.364461, 0.930680, 0.000000,
           0.893330, 0.407303,-0.189908, 0.000000,
           0.000000, 0.564961, 0.000000, 1.000000;;
        }
      } // End of Armature_Bone_035
    } // End of Armature_Bone
    Frame Armature_Bone_032 {
      FrameTransformMatrix {
         0.614058, 0.409986,-0.674421, 0.000000,
        -0.213983, 0.908973, 0.357741, 0.000000,
         0.759700,-0.075359, 0.645893, 0.000000,
         1.093917, 0.064255, 0.476441, 1.000000;;
      }
    } // End of Armature_Bone_032
    Frame Armature_Bone_033 {
      FrameTransformMatrix {
         0.000000,-1.000000, 0.000000, 0.000000,
         0.166301, 0.000000,-0.986075, 0.000000,
         0.986075, 0.000000, 0.166301, 0.000000,
         1.089498, 0.129596, 0.486017, 1.000000;;
      }
      Frame Armature_Bone_034 {
        FrameTransformMatrix {
          -0.217665, 0.975886, 0.016374, 0.000000,
          -0.941712,-0.214392, 0.259258, 0.000000,
           0.256517, 0.041012, 0.965669, 0.000000,
           0.000000, 0.201513,-0.000000, 1.000000;;
        }
      } // End of Armature_Bone_034
      Frame Armature_Bone_041 {
        FrameTransformMatrix {
           0.187507, 0.982123, 0.016582, 0.000000,
           0.960374,-0.186846, 0.206812, 0.000000,
           0.206213,-0.022854,-0.978240, 0.000000,
           0.000000, 0.201513,-0.000000, 1.000000;;
        }
      } // End of Armature_Bone_041
    } // End of Armature_Bone_033
    Frame Armature_Bone_040 {
      FrameTransformMatrix {
        -0.637625, 0.360857, 0.680601, 0.000000,
        -0.206290,-0.931215, 0.300471, 0.000000,
         0.742214, 0.051186, 0.668207, 0.000000,
         1.093199, 0.188734, 0.478939, 1.000000;;
      }
    } // End of Armature_Bone_040
    Frame Armature_Bone_029 {
      FrameTransformMatrix {
         0.618944, 0.000000,-0.785435, 0.000000,
        -0.785435, 0.000000,-0.618944, 0.000000,
         0.000000, 1.000000, 0.000000, 0.000000,
         1.093055, 0.129596, 0.491978, 1.000000;;
      }
      Frame Armature_Bone_043 {
        FrameTransformMatrix {
          -0.000000, 0.000000,-1.000000, 0.000000,
           0.790914, 0.611927, 0.000000, 0.000000,
           0.611927,-0.790914,-0.000000, 0.000000,
           0.000000, 0.174104, 0.000000, 1.000000;;
        }
      } // End of Armature_Bone_043
    } // End of Armature_Bone_029
    Frame Cube_027 {
      FrameTransformMatrix {
         1.000000, 0.000000, 0.000000, 0.000000,
         0.000000, 1.000000, 0.000000, 0.000000,
         0.000000, 0.000000, 1.000000, 0.000000,
         1.251732, 0.561319, 0.308379, 1.000000;;
      }
      Mesh { // Cube_027 mesh
        1392;
        -0.027347;-0.262214;-0.565685;,
        -0.027347;-0.225929;-0.565685;,
         0.027347;-0.225929;-0.565685;,
         0.027347;-0.262214;-0.565685;,
        -0.027347;-0.262214;-0.076401;,
         0.027347;-0.262214;-0.076401;,
         0.027347;-0.225929;-0.076401;,
        -0.027347;-0.225929;-0.076401;,
        -0.027347;-0.262214;-0.565685;,
        -0.027347;-0.262214;-0.076401;,
        -0.027347;-0.225929;-0.076401;,
        -0.027347;-0.225929;-0.565685;,
        -0.027347;-0.225929;-0.565685;,
        -0.027347;-0.225929;-0.076401;,
         0.027347;-0.225929;-0.076401;,
         0.027347;-0.225929;-0.565685;,
         0.027347;-0.225929;-0.565685;,
         0.027347;-0.225929;-0.076401;,
         0.027347;-0.262214;-0.076401;,
         0.027347;-0.262214;-0.565685;,
        -0.027347;-0.262214;-0.076401;,
        -0.027347;-0.262214;-0.565685;,
         0.027347;-0.262214;-0.565685;,
         0.027347;-0.262214;-0.076401;,
        -0.023080;-0.259527;-0.883246;,
        -0.023080;-0.228617;-0.883246;,
         0.023080;-0.228617;-0.883246;,
         0.023080;-0.259527;-0.883246;,
        -0.023080;-0.259527;-0.568110;,
         0.023080;-0.259527;-0.568110;,
         0.023080;-0.228617;-0.568110;,
        -0.023080;-0.228617;-0.568110;,
        -0.023080;-0.259527;-0.883246;,
        -0.023080;-0.259527;-0.568110;,
        -0.023080;-0.228617;-0.568110;,
        -0.023080;-0.228617;-0.883246;,
        -0.023080;-0.228617;-0.883246;,
        -0.023080;-0.228617;-0.568110;,
         0.023080;-0.228617;-0.568110;,
         0.023080;-0.228617;-0.883246;,
         0.023080;-0.228617;-0.883246;,
         0.023080;-0.228617;-0.568110;,
         0.023080;-0.259527;-0.568110;,
         0.023080;-0.259527;-0.883246;,
        -0.023080;-0.259527;-0.568110;,
        -0.023080;-0.259527;-0.883246;,
         0.023080;-0.259527;-0.883246;,
         0.023080;-0.259527;-0.568110;,
        -0.581707;-0.259527;-0.890992;,
        -0.581707;-0.228617;-0.890992;,
        -0.535548;-0.228617;-0.890992;,
        -0.535548;-0.259527;-0.890992;,
        -0.581707;-0.259527;-0.575855;,
        -0.535548;-0.259527;-0.575855;,
        -0.535548;-0.228617;-0.575855;,
        -0.581707;-0.228617;-0.575855;,
        -0.581707;-0.259527;-0.890992;,
        -0.581707;-0.259527;-0.575855;,
        -0.581707;-0.228617;-0.575855;,
        -0.581707;-0.228617;-0.890992;,
        -0.581707;-0.228617;-0.890992;,
        -0.581707;-0.228617;-0.575855;,
        -0.535548;-0.228617;-0.575855;,
        -0.535548;-0.228617;-0.890992;,
        -0.535548;-0.228617;-0.890992;,
        -0.535548;-0.228617;-0.575855;,
        -0.535548;-0.259527;-0.575855;,
        -0.535548;-0.259527;-0.890992;,
        -0.581707;-0.259527;-0.575855;,
        -0.581707;-0.259527;-0.890992;,
        -0.535548;-0.259527;-0.890992;,
        -0.535548;-0.259527;-0.575855;,
        -0.585975;-0.262214;-0.573430;,
        -0.585975;-0.225929;-0.573430;,
        -0.531280;-0.225929;-0.573430;,
        -0.531280;-0.262214;-0.573430;,
        -0.585975;-0.262214;-0.084146;,
        -0.531280;-0.262214;-0.084146;,
        -0.531280;-0.225929;-0.084146;,
        -0.585975;-0.225929;-0.084146;,
        -0.585975;-0.262214;-0.573430;,
        -0.585975;-0.262214;-0.084146;,
        -0.585975;-0.225929;-0.084146;,
        -0.585975;-0.225929;-0.573430;,
        -0.585975;-0.225929;-0.573430;,
        -0.585975;-0.225929;-0.084146;,
        -0.531280;-0.225929;-0.084146;,
        -0.531280;-0.225929;-0.573430;,
        -0.531280;-0.225929;-0.573430;,
        -0.531280;-0.225929;-0.084146;,
        -0.531280;-0.262214;-0.084146;,
        -0.531280;-0.262214;-0.573430;,
        -0.585975;-0.262214;-0.084146;,
        -0.585975;-0.262214;-0.573430;,
        -0.531280;-0.262214;-0.573430;,
        -0.531280;-0.262214;-0.084146;,
        -1.197982;-0.262214;-0.571847;,
        -1.197982;-0.225929;-0.571847;,
        -1.143287;-0.225929;-0.571847;,
        -1.143287;-0.262214;-0.571847;,
        -1.197982;-0.262214;-0.082563;,
        -1.143287;-0.262214;-0.082563;,
        -1.143287;-0.225929;-0.082563;,
        -1.197982;-0.225929;-0.082563;,
        -1.197982;-0.262214;-0.571847;,
        -1.197982;-0.262214;-0.082563;,
        -1.197982;-0.225929;-0.082563;,
        -1.197982;-0.225929;-0.571847;,
        -1.197982;-0.225929;-0.571847;,
        -1.197982;-0.225929;-0.082563;,
        -1.143287;-0.225929;-0.082563;,
        -1.143287;-0.225929;-0.571847;,
        -1.143287;-0.225929;-0.571847;,
        -1.143287;-0.225929;-0.082563;,
        -1.143287;-0.262214;-0.082563;,
        -1.143287;-0.262214;-0.571847;,
        -1.197982;-0.262214;-0.082563;,
        -1.197982;-0.262214;-0.571847;,
        -1.143287;-0.262214;-0.571847;,
        -1.143287;-0.262214;-0.082563;,
        -1.193715;-0.259527;-0.889409;,
        -1.193715;-0.228617;-0.889409;,
        -1.147555;-0.228617;-0.889409;,
        -1.147555;-0.259527;-0.889409;,
        -1.193715;-0.259527;-0.574272;,
        -1.147555;-0.259527;-0.574272;,
        -1.147555;-0.228617;-0.574272;,
        -1.193715;-0.228617;-0.574272;,
        -1.193715;-0.259527;-0.889409;,
        -1.193715;-0.259527;-0.574272;,
        -1.193715;-0.228617;-0.574272;,
        -1.193715;-0.228617;-0.889409;,
        -1.193715;-0.228617;-0.889409;,
        -1.193715;-0.228617;-0.574272;,
        -1.147555;-0.228617;-0.574272;,
        -1.147555;-0.228617;-0.889409;,
        -1.147555;-0.228617;-0.889409;,
        -1.147555;-0.228617;-0.574272;,
        -1.147555;-0.259527;-0.574272;,
        -1.147555;-0.259527;-0.889409;,
        -1.193715;-0.259527;-0.574272;,
        -1.193715;-0.259527;-0.889409;,
        -1.147555;-0.259527;-0.889409;,
        -1.147555;-0.259527;-0.574272;,
        -1.826352;-0.259527;-0.887651;,
        -1.826352;-0.228617;-0.887651;,
        -1.780193;-0.228617;-0.887651;,
        -1.780193;-0.259527;-0.887651;,
        -1.826352;-0.259527;-0.572514;,
        -1.780193;-0.259527;-0.572514;,
        -1.780193;-0.228617;-0.572514;,
        -1.826352;-0.228617;-0.572514;,
        -1.826352;-0.259527;-0.887651;,
        -1.826352;-0.259527;-0.572514;,
        -1.826352;-0.228617;-0.572514;,
        -1.826352;-0.228617;-0.887651;,
        -1.826352;-0.228617;-0.887651;,
        -1.826352;-0.228617;-0.572514;,
        -1.780193;-0.228617;-0.572514;,
        -1.780193;-0.228617;-0.887651;,
        -1.780193;-0.228617;-0.887651;,
        -1.780193;-0.228617;-0.572514;,
        -1.780193;-0.259527;-0.572514;,
        -1.780193;-0.259527;-0.887651;,
        -1.826352;-0.259527;-0.572514;,
        -1.826352;-0.259527;-0.887651;,
        -1.780193;-0.259527;-0.887651;,
        -1.780193;-0.259527;-0.572514;,
        -1.830620;-0.262214;-0.570090;,
        -1.830620;-0.225929;-0.570090;,
        -1.775925;-0.225929;-0.570090;,
        -1.775925;-0.262214;-0.570090;,
        -1.830620;-0.262214;-0.080805;,
        -1.775925;-0.262214;-0.080805;,
        -1.775925;-0.225929;-0.080805;,
        -1.830620;-0.225929;-0.080805;,
        -1.830620;-0.262214;-0.570090;,
        -1.830620;-0.262214;-0.080805;,
        -1.830620;-0.225929;-0.080805;,
        -1.830620;-0.225929;-0.570090;,
        -1.830620;-0.225929;-0.570090;,
        -1.830620;-0.225929;-0.080805;,
        -1.775925;-0.225929;-0.080805;,
        -1.775925;-0.225929;-0.570090;,
        -1.775925;-0.225929;-0.570090;,
        -1.775925;-0.225929;-0.080805;,
        -1.775925;-0.262214;-0.080805;,
        -1.775925;-0.262214;-0.570090;,
        -1.830620;-0.262214;-0.080805;,
        -1.830620;-0.262214;-0.570090;,
        -1.775925;-0.262214;-0.570090;,
        -1.775925;-0.262214;-0.080805;,
        -2.358661;-0.262214;-0.548910;,
        -2.358661;-0.225929;-0.548910;,
        -2.303966;-0.225929;-0.548910;,
        -2.303966;-0.262214;-0.548910;,
        -2.358661;-0.262214;-0.059625;,
        -2.303966;-0.262214;-0.059625;,
        -2.303966;-0.225929;-0.059625;,
        -2.358661;-0.225929;-0.059625;,
        -2.358661;-0.262214;-0.548910;,
        -2.358661;-0.262214;-0.059625;,
        -2.358661;-0.225929;-0.059625;,
        -2.358661;-0.225929;-0.548910;,
        -2.358661;-0.225929;-0.548910;,
        -2.358661;-0.225929;-0.059625;,
        -2.303966;-0.225929;-0.059625;,
        -2.303966;-0.225929;-0.548910;,
        -2.303966;-0.225929;-0.548910;,
        -2.303966;-0.225929;-0.059625;,
        -2.303966;-0.262214;-0.059625;,
        -2.303966;-0.262214;-0.548910;,
        -2.358661;-0.262214;-0.059625;,
        -2.358661;-0.262214;-0.548910;,
        -2.303966;-0.262214;-0.548910;,
        -2.303966;-0.262214;-0.059625;,
        -2.354393;-0.259527;-0.866471;,
        -2.354393;-0.228617;-0.866471;,
        -2.308233;-0.228617;-0.866471;,
        -2.308233;-0.259527;-0.866471;,
        -2.354393;-0.259527;-0.551335;,
        -2.308233;-0.259527;-0.551335;,
        -2.308233;-0.228617;-0.551335;,
        -2.354393;-0.228617;-0.551335;,
        -2.354393;-0.259527;-0.866471;,
        -2.354393;-0.259527;-0.551335;,
        -2.354393;-0.228617;-0.551335;,
        -2.354393;-0.228617;-0.866471;,
        -2.354393;-0.228617;-0.866471;,
        -2.354393;-0.228617;-0.551335;,
        -2.308233;-0.228617;-0.551335;,
        -2.308233;-0.228617;-0.866471;,
        -2.308233;-0.228617;-0.866471;,
        -2.308233;-0.228617;-0.551335;,
        -2.308233;-0.259527;-0.551335;,
        -2.308233;-0.259527;-0.866471;,
        -2.354393;-0.259527;-0.551335;,
        -2.354393;-0.259527;-0.866471;,
        -2.308233;-0.259527;-0.866471;,
        -2.308233;-0.259527;-0.551335;,
        -2.354393;-0.688600;-0.866471;,
        -2.354393;-0.657690;-0.866471;,
        -2.308233;-0.657690;-0.866471;,
        -2.308233;-0.688600;-0.866471;,
        -2.354393;-0.688600;-0.551335;,
        -2.308233;-0.688600;-0.551335;,
        -2.308233;-0.657690;-0.551335;,
        -2.354393;-0.657690;-0.551335;,
        -2.354393;-0.688600;-0.866471;,
        -2.354393;-0.688600;-0.551335;,
        -2.354393;-0.657690;-0.551335;,
        -2.354393;-0.657690;-0.866471;,
        -2.354393;-0.657690;-0.866471;,
        -2.354393;-0.657690;-0.551335;,
        -2.308233;-0.657690;-0.551335;,
        -2.308233;-0.657690;-0.866471;,
        -2.308233;-0.657690;-0.866471;,
        -2.308233;-0.657690;-0.551335;,
        -2.308233;-0.688600;-0.551335;,
        -2.308233;-0.688600;-0.866471;,
        -2.354393;-0.688600;-0.551335;,
        -2.354393;-0.688600;-0.866471;,
        -2.308233;-0.688600;-0.866471;,
        -2.308233;-0.688600;-0.551335;,
        -2.358661;-0.691288;-0.548910;,
        -2.358661;-0.655003;-0.548910;,
        -2.303966;-0.655003;-0.548910;,
        -2.303966;-0.691288;-0.548910;,
        -2.358661;-0.691287;-0.059625;,
        -2.303966;-0.691288;-0.059625;,
        -2.303966;-0.655003;-0.059625;,
        -2.358661;-0.655003;-0.059625;,
        -2.358661;-0.691288;-0.548910;,
        -2.358661;-0.691287;-0.059625;,
        -2.358661;-0.655003;-0.059625;,
        -2.358661;-0.655003;-0.548910;,
        -2.358661;-0.655003;-0.548910;,
        -2.358661;-0.655003;-0.059625;,
        -2.303966;-0.655003;-0.059625;,
        -2.303966;-0.655003;-0.548910;,
        -2.303966;-0.655003;-0.548910;,
        -2.303966;-0.655003;-0.059625;,
        -2.303966;-0.691288;-0.059625;,
        -2.303966;-0.691288;-0.548910;,
        -2.358661;-0.691287;-0.059625;,
        -2.358661;-0.691288;-0.548910;,
        -2.303966;-0.691288;-0.548910;,
        -2.303966;-0.691288;-0.059625;,
        -1.830620;-0.691288;-0.570090;,
        -1.830620;-0.655003;-0.570090;,
        -1.775926;-0.655003;-0.570090;,
        -1.775926;-0.691288;-0.570090;,
        -1.830620;-0.691287;-0.080805;,
        -1.775926;-0.691288;-0.080805;,
        -1.775926;-0.655003;-0.080805;,
        -1.830620;-0.655003;-0.080805;,
        -1.830620;-0.691288;-0.570090;,
        -1.830620;-0.691287;-0.080805;,
        -1.830620;-0.655003;-0.080805;,
        -1.830620;-0.655003;-0.570090;,
        -1.830620;-0.655003;-0.570090;,
        -1.830620;-0.655003;-0.080805;,
        -1.775926;-0.655003;-0.080805;,
        -1.775926;-0.655003;-0.570090;,
        -1.775926;-0.655003;-0.570090;,
        -1.775926;-0.655003;-0.080805;,
        -1.775926;-0.691288;-0.080805;,
        -1.775926;-0.691288;-0.570090;,
        -1.830620;-0.691287;-0.080805;,
        -1.830620;-0.691288;-0.570090;,
        -1.775926;-0.691288;-0.570090;,
        -1.775926;-0.691288;-0.080805;,
        -1.826353;-0.688600;-0.887651;,
        -1.826353;-0.657690;-0.887651;,
        -1.780193;-0.657690;-0.887651;,
        -1.780193;-0.688600;-0.887651;,
        -1.826353;-0.688600;-0.572514;,
        -1.780193;-0.688600;-0.572514;,
        -1.780193;-0.657690;-0.572514;,
        -1.826353;-0.657690;-0.572514;,
        -1.826353;-0.688600;-0.887651;,
        -1.826353;-0.688600;-0.572514;,
        -1.826353;-0.657690;-0.572514;,
        -1.826353;-0.657690;-0.887651;,
        -1.826353;-0.657690;-0.887651;,
        -1.826353;-0.657690;-0.572514;,
        -1.780193;-0.657690;-0.572514;,
        -1.780193;-0.657690;-0.887651;,
        -1.780193;-0.657690;-0.887651;,
        -1.780193;-0.657690;-0.572514;,
        -1.780193;-0.688600;-0.572514;,
        -1.780193;-0.688600;-0.887651;,
        -1.826353;-0.688600;-0.572514;,
        -1.826353;-0.688600;-0.887651;,
        -1.780193;-0.688600;-0.887651;,
        -1.780193;-0.688600;-0.572514;,
        -1.193715;-0.688600;-0.889409;,
        -1.193715;-0.657690;-0.889409;,
        -1.147555;-0.657690;-0.889409;,
        -1.147555;-0.688600;-0.889409;,
        -1.193715;-0.688600;-0.574272;,
        -1.147555;-0.688600;-0.574272;,
        -1.147555;-0.657690;-0.574272;,
        -1.193715;-0.657690;-0.574272;,
        -1.193715;-0.688600;-0.889409;,
        -1.193715;-0.688600;-0.574272;,
        -1.193715;-0.657690;-0.574272;,
        -1.193715;-0.657690;-0.889409;,
        -1.193715;-0.657690;-0.889409;,
        -1.193715;-0.657690;-0.574272;,
        -1.147555;-0.657690;-0.574272;,
        -1.147555;-0.657690;-0.889409;,
        -1.147555;-0.657690;-0.889409;,
        -1.147555;-0.657690;-0.574272;,
        -1.147555;-0.688600;-0.574272;,
        -1.147555;-0.688600;-0.889409;,
        -1.193715;-0.688600;-0.574272;,
        -1.193715;-0.688600;-0.889409;,
        -1.147555;-0.688600;-0.889409;,
        -1.147555;-0.688600;-0.574272;,
        -1.197982;-0.691288;-0.571847;,
        -1.197982;-0.655003;-0.571847;,
        -1.143288;-0.655003;-0.571847;,
        -1.143288;-0.691288;-0.571847;,
        -1.197982;-0.691287;-0.082563;,
        -1.143288;-0.691288;-0.082563;,
        -1.143288;-0.655003;-0.082563;,
        -1.197982;-0.655003;-0.082563;,
        -1.197982;-0.691288;-0.571847;,
        -1.197982;-0.691287;-0.082563;,
        -1.197982;-0.655003;-0.082563;,
        -1.197982;-0.655003;-0.571847;,
        -1.197982;-0.655003;-0.571847;,
        -1.197982;-0.655003;-0.082563;,
        -1.143288;-0.655003;-0.082563;,
        -1.143288;-0.655003;-0.571847;,
        -1.143288;-0.655003;-0.571847;,
        -1.143288;-0.655003;-0.082563;,
        -1.143288;-0.691288;-0.082563;,
        -1.143288;-0.691288;-0.571847;,
        -1.197982;-0.691287;-0.082563;,
        -1.197982;-0.691288;-0.571847;,
        -1.143288;-0.691288;-0.571847;,
        -1.143288;-0.691288;-0.082563;,
        -0.585975;-0.691288;-0.573430;,
        -0.585975;-0.655003;-0.573430;,
        -0.531280;-0.655003;-0.573430;,
        -0.531280;-0.691288;-0.573430;,
        -0.585975;-0.691287;-0.084146;,
        -0.531280;-0.691288;-0.084146;,
        -0.531280;-0.655003;-0.084146;,
        -0.585975;-0.655003;-0.084146;,
        -0.585975;-0.691288;-0.573430;,
        -0.585975;-0.691287;-0.084146;,
        -0.585975;-0.655003;-0.084146;,
        -0.585975;-0.655003;-0.573430;,
        -0.585975;-0.655003;-0.573430;,
        -0.585975;-0.655003;-0.084146;,
        -0.531280;-0.655003;-0.084146;,
        -0.531280;-0.655003;-0.573430;,
        -0.531280;-0.655003;-0.573430;,
        -0.531280;-0.655003;-0.084146;,
        -0.531280;-0.691288;-0.084146;,
        -0.531280;-0.691288;-0.573430;,
        -0.585975;-0.691287;-0.084146;,
        -0.585975;-0.691288;-0.573430;,
        -0.531280;-0.691288;-0.573430;,
        -0.531280;-0.691288;-0.084146;,
        -0.581708;-0.688600;-0.890992;,
        -0.581708;-0.657690;-0.890992;,
        -0.535548;-0.657690;-0.890992;,
        -0.535548;-0.688600;-0.890992;,
        -0.581708;-0.688600;-0.575855;,
        -0.535548;-0.688600;-0.575855;,
        -0.535548;-0.657690;-0.575855;,
        -0.581708;-0.657690;-0.575855;,
        -0.581708;-0.688600;-0.890992;,
        -0.581708;-0.688600;-0.575855;,
        -0.581708;-0.657690;-0.575855;,
        -0.581708;-0.657690;-0.890992;,
        -0.581708;-0.657690;-0.890992;,
        -0.581708;-0.657690;-0.575855;,
        -0.535548;-0.657690;-0.575855;,
        -0.535548;-0.657690;-0.890992;,
        -0.535548;-0.657690;-0.890992;,
        -0.535548;-0.657690;-0.575855;,
        -0.535548;-0.688600;-0.575855;,
        -0.535548;-0.688600;-0.890992;,
        -0.581708;-0.688600;-0.575855;,
        -0.581708;-0.688600;-0.890992;,
        -0.535548;-0.688600;-0.890992;,
        -0.535548;-0.688600;-0.575855;,
        -0.023080;-0.688600;-0.883246;,
        -0.023080;-0.657690;-0.883246;,
         0.023080;-0.657690;-0.883246;,
         0.023080;-0.688600;-0.883246;,
        -0.023080;-0.688600;-0.568110;,
         0.023080;-0.688600;-0.568110;,
         0.023080;-0.657690;-0.568110;,
        -0.023080;-0.657690;-0.568110;,
        -0.023080;-0.688600;-0.883246;,
        -0.023080;-0.688600;-0.568110;,
        -0.023080;-0.657690;-0.568110;,
        -0.023080;-0.657690;-0.883246;,
        -0.023080;-0.657690;-0.883246;,
        -0.023080;-0.657690;-0.568110;,
         0.023080;-0.657690;-0.568110;,
         0.023080;-0.657690;-0.883246;,
         0.023080;-0.657690;-0.883246;,
         0.023080;-0.657690;-0.568110;,
         0.023080;-0.688600;-0.568110;,
         0.023080;-0.688600;-0.883246;,
        -0.023080;-0.688600;-0.568110;,
        -0.023080;-0.688600;-0.883246;,
         0.023080;-0.688600;-0.883246;,
         0.023080;-0.688600;-0.568110;,
        -0.027347;-0.691288;-0.565685;,
        -0.027347;-0.655003;-0.565685;,
         0.027347;-0.655003;-0.565685;,
         0.027347;-0.691288;-0.565685;,
        -0.027347;-0.691287;-0.076401;,
         0.027347;-0.691288;-0.076401;,
         0.027347;-0.655003;-0.076401;,
        -0.027347;-0.655003;-0.076401;,
        -0.027347;-0.691288;-0.565685;,
        -0.027347;-0.691287;-0.076401;,
        -0.027347;-0.655003;-0.076401;,
        -0.027347;-0.655003;-0.565685;,
        -0.027347;-0.655003;-0.565685;,
        -0.027347;-0.655003;-0.076401;,
         0.027347;-0.655003;-0.076401;,
         0.027347;-0.655003;-0.565685;,
         0.027347;-0.655003;-0.565685;,
         0.027347;-0.655003;-0.076401;,
         0.027347;-0.691288;-0.076401;,
         0.027347;-0.691288;-0.565685;,
        -0.027347;-0.691287;-0.076401;,
        -0.027347;-0.691288;-0.565685;,
         0.027347;-0.691288;-0.565685;,
         0.027347;-0.691288;-0.076401;,
         0.482014;-0.869299;-0.037928;,
         0.482014;-0.930327;-0.037928;,
         0.284676;-0.930327;-0.037928;,
         0.284676;-0.869299;-0.037928;,
         0.482014;-0.869299; 0.177363;,
         0.284676;-0.869299; 0.177363;,
         0.284676;-0.930327; 0.177363;,
         0.482014;-0.930327; 0.177363;,
         0.482014;-0.869299;-0.037928;,
         0.482014;-0.869299; 0.177363;,
         0.482014;-0.930327; 0.177363;,
         0.482014;-0.930327;-0.037928;,
         0.482014;-0.930327;-0.037928;,
         0.482014;-0.930327; 0.177363;,
         0.284676;-0.930327; 0.177363;,
         0.284676;-0.930327;-0.037928;,
         0.284676;-0.930327;-0.037928;,
         0.284676;-0.930327; 0.177363;,
         0.284676;-0.869299; 0.177363;,
         0.284676;-0.869299;-0.037928;,
         0.482014;-0.869299; 0.177363;,
         0.482014;-0.869299;-0.037928;,
         0.284676;-0.869299;-0.037928;,
         0.284676;-0.869299; 0.177363;,
         0.482014; 0.030514;-0.037928;,
         0.482014;-0.030514;-0.037928;,
         0.284677;-0.030514;-0.037928;,
         0.284677; 0.030514;-0.037928;,
         0.482014; 0.030514; 0.177363;,
         0.284677; 0.030514; 0.177363;,
         0.284677;-0.030514; 0.177363;,
         0.482014;-0.030514; 0.177363;,
         0.482014; 0.030514;-0.037928;,
         0.482014; 0.030514; 0.177363;,
         0.482014;-0.030514; 0.177363;,
         0.482014;-0.030514;-0.037928;,
         0.482014;-0.030514;-0.037928;,
         0.482014;-0.030514; 0.177363;,
         0.284677;-0.030514; 0.177363;,
         0.284677;-0.030514;-0.037928;,
         0.284677;-0.030514;-0.037928;,
         0.284677;-0.030514; 0.177363;,
         0.284677; 0.030514; 0.177363;,
         0.284677; 0.030514;-0.037928;,
         0.482014; 0.030514; 0.177363;,
         0.482014; 0.030514;-0.037928;,
         0.284677; 0.030514;-0.037928;,
         0.284677; 0.030514; 0.177363;,
         0.267405;-0.868921;-0.182760;,
         0.267405;-0.929949;-0.182760;,
        -0.267406;-0.929949;-0.182760;,
        -0.267405;-0.868921;-0.182760;,
         0.267405;-0.868921; 0.182760;,
        -0.267406;-0.868921; 0.182760;,
        -0.267406;-0.929949; 0.182760;,
         0.267405;-0.929949; 0.182760;,
         0.267405;-0.868921;-0.182760;,
         0.267405;-0.868921; 0.182760;,
         0.267405;-0.929949; 0.182760;,
         0.267405;-0.929949;-0.182760;,
         0.267405;-0.929949;-0.182760;,
         0.267405;-0.929949; 0.182760;,
        -0.267406;-0.929949; 0.182760;,
        -0.267406;-0.929949;-0.182760;,
        -0.267406;-0.929949;-0.182760;,
        -0.267406;-0.929949; 0.182760;,
        -0.267406;-0.868921; 0.182760;,
        -0.267405;-0.868921;-0.182760;,
         0.267405;-0.868921; 0.182760;,
         0.267405;-0.868921;-0.182760;,
        -0.267405;-0.868921;-0.182760;,
        -0.267406;-0.868921; 0.182760;,
         0.503368;-0.392869;-0.107310;,
         0.503368;-0.507417;-0.107310;,
         0.261521;-0.507417;-0.107310;,
         0.261521;-0.392869;-0.107310;,
         0.503368;-0.392869;-0.064301;,
         0.261521;-0.392869;-0.064301;,
         0.261521;-0.507417;-0.064301;,
         0.503368;-0.507417;-0.064301;,
         0.503368;-0.392869;-0.107310;,
         0.503368;-0.392869;-0.064301;,
         0.503368;-0.507417;-0.064301;,
         0.503368;-0.507417;-0.107310;,
         0.503368;-0.507417;-0.107310;,
         0.503368;-0.507417;-0.064301;,
         0.261521;-0.507417;-0.064301;,
         0.261521;-0.507417;-0.107310;,
         0.261521;-0.507417;-0.107310;,
         0.261521;-0.507417;-0.064301;,
         0.261521;-0.392869;-0.064301;,
         0.261521;-0.392869;-0.107310;,
         0.503368;-0.392869;-0.064301;,
         0.503368;-0.392869;-0.107310;,
         0.261521;-0.392869;-0.107310;,
         0.261521;-0.392869;-0.064301;,
         0.488247; 0.031273; 0.168090;,
         0.488247;-0.931560; 0.168090;,
         0.276978;-0.931560; 0.168090;,
         0.276978; 0.031273; 0.168090;,
         0.488247; 0.031273; 0.249074;,
         0.276978; 0.031273; 0.249074;,
         0.276978;-0.931559; 0.249074;,
         0.488247;-0.931560; 0.249074;,
         0.488247; 0.031273; 0.168090;,
