xof 0303txt 0032

template XSkinMeshHeader {
  <3cf169ce-ff7c-44ab-93c0-f78f62d172e2>
  WORD nMaxSkinWeightsPerVertex;
  WORD nMaxSkinWeightsPerFace;
  WORD nBones;
}

template SkinWeights {
  <6f0d123b-bad2-4167-a0d0-80224f25fabb>
  STRING transformNodeName;
  DWORD nWeights;
  array DWORD vertexIndices[nWeights];
  array float weights[nWeights];
  Matrix4x4 matrixOffset;
}

Frame Root {
  FrameTransformMatrix {
     1.000000, 0.000000, 0.000000, 0.000000,
     0.000000,-0.000000, 1.000000, 0.000000,
     0.000000, 1.000000, 0.000000, 0.000000,
     0.000000, 0.000000, 0.000000, 1.000000;;
  }
  Frame Armature {
    FrameTransformMatrix {
       1.000000, 0.000000, 0.000000, 0.000000,
       0.000000, 1.000000, 0.000000, 0.000000,
       0.000000, 0.000000, 1.000000, 0.000000,
      -0.181898,-0.013525, 1.074223, 1.000000;;
    }
    Frame Armature_Bone {
      FrameTransformMatrix {
         0.180441, 0.000000,-0.488050, 0.000000,
         0.488050,-0.000000, 0.180441, 0.000000,
         0.000000,-0.520338,-0.000000, 0.000000,
        -0.394391, 0.000000,-0.866016, 1.000000;;
      }
      Frame Armature_Bone_017 {
        FrameTransformMatrix {
           0.026951, 0.925261,-0.378373, 0.000000,
          -0.011016,-0.378213,-0.925653, 0.000000,
          -0.999576, 0.029115,-0.000000, 0.000000,
          -0.000000, 2.023704, 0.000000, 1.000000;;
        }
        Frame Armature_Bone_018 {
          FrameTransformMatrix {
             0.519795,-0.853900, 0.025862, 0.000000,
             0.763196, 0.450552,-0.463178, 0.000000,
             0.383856, 0.260495, 0.885888, 0.000000,
            -0.000000, 0.936028, 0.000000, 1.000000;;
          }
          Frame Armature_Bone_019 {
            FrameTransformMatrix {
               0.725772,-0.578753,-0.371886, 0.000000,
               0.300891, 0.753192,-0.584949, 0.000000,
               0.618644, 0.312642, 0.720788, 0.000000,
               0.000000, 0.998129,-0.000000, 1.000000;;
            }
            Frame Armature_Bone_020 {
              FrameTransformMatrix {
                 0.999313, 0.037031,-0.001140, 0.000000,
                -0.026423, 0.733935, 0.678706, 0.000000,
                 0.025970,-0.678209, 0.734410, 0.000000,
                -0.000000, 0.903375, 0.000000, 1.000000;;
              }
            } // End of Armature_Bone_020
            Frame Armature_Bone_021 {
              FrameTransformMatrix {
                 0.361024,-0.930291,-0.064961, 0.000000,
                 0.893097, 0.324860, 0.311198, 0.000000,
                -0.268402,-0.170367, 0.948122, 0.000000,
                -0.000000, 0.903375, 0.000000, 1.000000;;
              }
            } // End of Armature_Bone_021
            Frame Armature_Bone_022 {
              FrameTransformMatrix {
                 0.124549, 0.963329,-0.237666, 0.000000,
                -0.971126, 0.167475, 0.169903, 0.000000,
                 0.203475, 0.209642, 0.956372, 0.000000,
                -0.000000, 0.903375, 0.000000, 1.000000;;
              }
            } // End of Armature_Bone_022
          } // End of Armature_Bone_019
        } // End of Armature_Bone_018
      } // End of Armature_Bone_017
      Frame Armature_Bone_023 {
        FrameTransformMatrix {
          -0.025919,-0.889852,-0.455512, 0.000000,
          -0.013262,-0.455319, 0.890230, 0.000000,
          -0.999576, 0.029115, 0.000000, 0.000000,
          -0.000000, 2.023704, 0.000000, 1.000000;;
        }
        Frame Armature_Bone_024 {
          FrameTransformMatrix {
             0.991080, 0.132644, 0.012918, 0.000000,
            -0.126671, 0.967686,-0.218032, 0.000000,
            -0.041421, 0.214451, 0.975856, 0.000000,
             0.000000, 0.920598, 0.000000, 1.000000;;
          }
          Frame Armature_Bone_025 {
            FrameTransformMatrix {
              -0.692958,-0.698227, 0.179689, 0.000000,
              -0.445665, 0.218916,-0.868020, 0.000000,
               0.566738,-0.681583,-0.462875, 0.000000,
              -0.000000, 1.068977, 0.000000, 1.000000;;
            }
            Frame Armature_Bone_026 {
              FrameTransformMatrix {
                 0.962796,-0.269443,-0.020616, 0.000000,
                 0.253335, 0.926522,-0.278168, 0.000000,
                 0.094052, 0.262596, 0.960311, 0.000000,
                 0.000000, 0.807085, 0.000000, 1.000000;;
              }
            } // End of Armature_Bone_026
            Frame Armature_Bone_027 {
              FrameTransformMatrix {
                -0.632798,-0.767071, 0.105678, 0.000000,
                -0.685035, 0.490974,-0.538212, 0.000000,
                 0.360962,-0.412972,-0.836158, 0.000000,
                 0.000000, 0.807085, 0.000000, 1.000000;;
              }
            } // End of Armature_Bone_027
            Frame Armature_Bone_028 {
              FrameTransformMatrix {
                -0.762094, 0.630776, 0.146063, 0.000000,
                 0.619863, 0.645630, 0.446017, 0.000000,
                 0.187034, 0.430446,-0.883026, 0.000000,
                 0.000000, 0.807085, 0.000000, 1.000000;;
              }
            } // End of Armature_Bone_028
          } // End of Armature_Bone_025
        } // End of Armature_Bone_024
      } // End of Armature_Bone_023
      Frame Armature_Bone_029 {
        FrameTransformMatrix {
          -0.000000, 0.000000, 1.000000, 0.000000,
          -0.303798, 0.952737,-0.000000, 0.000000,
          -0.952737,-0.303798,-0.000000, 0.000000,
          -0.000000, 2.023704, 0.000000, 1.000000;;
        }
        Frame Armature_Bone_030 {
          FrameTransformMatrix {
             0.000000,-0.485177,-0.874416, 0.000000,
             0.000000, 0.874416,-0.485177, 0.000000,
             1.000000, 0.000000, 0.000000, 0.000000,
            -0.000000, 0.489149, 0.000000, 1.000000;;
          }
          Frame Armature_Bone_035 {
            FrameTransformMatrix {
              -0.007336,-0.873969,-0.485926, 0.000000,
              -0.004079,-0.485909, 0.874000, 0.000000,
              -0.999965, 0.008394,-0.000000, 0.000000,
               0.000000, 0.941606, 0.000000, 1.000000;;
            }
          } // End of Armature_Bone_035
        } // End of Armature_Bone_030
      } // End of Armature_Bone_029
      Frame Armature_Bone_031 {
        FrameTransformMatrix {
          -0.734970, 0.678100,-0.000000, 0.000000,
           0.678100, 0.734970, 0.000000, 0.000000,
           0.000000,-0.000000,-1.000000, 0.000000,
          -0.000000, 2.023704, 0.000000, 1.000000;;
        }
        Frame Armature_Bone_032 {
          FrameTransformMatrix {
            -0.000000, 0.000000,-1.000000, 0.000000,
             0.590574, 0.806984,-0.000000, 0.000000,
             0.806984,-0.590574,-0.000000, 0.000000,
            -0.000000, 0.824190, 0.000000, 1.000000;;
          }
          Frame Armature_Bone_034 {
            FrameTransformMatrix {
              -0.567244,-0.823550, 0.000000, 0.000000,
               0.823550,-0.567243, 0.000000, 0.000000,
               0.000000, 0.000000, 1.000000, 0.000000,
              -0.000000, 0.660053, 0.000000, 1.000000;;
            }
          } // End of Armature_Bone_034
        } // End of Armature_Bone_032
      } // End of Armature_Bone_031
    } // End of Armature_Bone
    Frame Armature_Bone_001 {
      FrameTransformMatrix {
         0.000000, 0.520338, 0.000000, 0.000000,
        -0.518346, 0.000000,-0.045489, 0.000000,
        -0.045489, 0.000000, 0.518346, 0.000000,
        -0.394391, 0.000000,-0.866016, 1.000000;;
      }
      Frame Armature_Bone_002 {
        FrameTransformMatrix {
           1.000000, 0.000000, 0.000000, 0.000000,
           0.000000, 0.988228, 0.152985, 0.000000,
           0.000000,-0.152985, 0.988228, 0.000000,
          -0.000000, 0.598659,-0.000000, 1.000000;;
        }
        Frame Armature_Bone_033 {
          FrameTransformMatrix {
             0.000000,-0.841396,-0.540418, 0.000000,
             0.000000,-0.540418, 0.841396, 0.000000,
            -1.000000,-0.000000, 0.000000, 0.000000,
             0.000000, 0.512317, 0.000000, 1.000000;;
          }
        } // End of Armature_Bone_033
      } // End of Armature_Bone_002
    } // End of Armature_Bone_001
    Frame Armature_Bone_003 {
      FrameTransformMatrix {
        -0.485622,-0.090276,-0.163635, 0.000000,
         0.085549,-0.512447, 0.028827, 0.000000,
        -0.166156,-0.000000, 0.493097, 0.000000,
        -0.394391,-0.000000,-0.866016, 1.000000;;
      }
      Frame Armature_Bone_004 {
        FrameTransformMatrix {
           0.643627, 0.752403,-0.140123, 0.000000,
          -0.757711, 0.600656,-0.255122, 0.000000,
          -0.107789, 0.270376, 0.956702, 0.000000,
          -0.000000, 0.870846,-0.000000, 1.000000;;
        }
        Frame Armature_Bone_005 {
          FrameTransformMatrix {
            -0.695416,-0.454890,-0.556302, 0.000000,
             0.479919,-0.870183, 0.111620, 0.000000,
            -0.534860,-0.189358, 0.823449, 0.000000,
            -0.000000, 1.050196, 0.000000, 1.000000;;
          }
          Frame Armature_Bone_006 {
            FrameTransformMatrix {
               0.797907,-0.326730, 0.506548, 0.000000,
               0.010308,-0.832835,-0.553426, 0.000000,
               0.602692, 0.446804,-0.661157, 0.000000,
               0.000000, 0.809234,-0.000000, 1.000000;;
            }
            Frame Armature_Bone_007 {
              FrameTransformMatrix {
                -0.994236, 0.105093, 0.021206, 0.000000,
                 0.097385, 0.967990,-0.231325, 0.000000,
                -0.044838,-0.227927,-0.972645, 0.000000,
                 0.000000, 0.770261,-0.000000, 1.000000;;
              }
            } // End of Armature_Bone_007
            Frame Armature_Bone_008 {
              FrameTransformMatrix {
                 0.820941, 0.490586,-0.292202, 0.000000,
                -0.567262, 0.759237,-0.319018, 0.000000,
                 0.065345, 0.427650, 0.901579, 0.000000,
                 0.000000, 0.770261,-0.000000, 1.000000;;
              }
            } // End of Armature_Bone_008
            Frame Armature_Bone_009 {
              FrameTransformMatrix {
                 0.792969,-0.608607, 0.028250, 0.000000,
                 0.608848, 0.793287, 0.000075, 0.000000,
                -0.022456, 0.017140, 0.999601, 0.000000,
                 0.000000, 0.770261,-0.000000, 1.000000;;
              }
            } // End of Armature_Bone_009
          } // End of Armature_Bone_006
        } // End of Armature_Bone_005
      } // End of Armature_Bone_004
    } // End of Armature_Bone_003
    Frame Armature_Bone_010 {
      FrameTransformMatrix {
         0.488831,-0.068292, 0.164718, 0.000000,
         0.064716, 0.515837, 0.021807, 0.000000,
        -0.166155, 0.000000, 0.493097, 0.000000,
        -0.394391, 0.000000,-0.866016, 1.000000;;
      }
      Frame Armature_Bone_011 {
        FrameTransformMatrix {
           0.999900,-0.013719, 0.003555, 0.000000,
           0.013877, 0.998712,-0.048803, 0.000000,
          -0.002881, 0.048848, 0.998802, 0.000000,
           0.000000, 0.925032, 0.000000, 1.000000;;
        }
        Frame Armature_Bone_012 {
          FrameTransformMatrix {
            -0.050856, 0.933949, 0.353769, 0.000000,
            -0.928461,-0.174714, 0.327773, 0.000000,
             0.367932,-0.311791, 0.876021, 0.000000,
             0.000000, 1.035840, 0.000000, 1.000000;;
          }
          Frame Armature_Bone_013 {
            FrameTransformMatrix {
               0.739760, 0.465726,-0.485649, 0.000000,
               0.246704,-0.859224,-0.448187, 0.000000,
              -0.626014, 0.211739,-0.750516, 0.000000,
              -0.000000, 0.769914,-0.000000, 1.000000;;
            }
            Frame Armature_Bone_014 {
              FrameTransformMatrix {
                 0.990201, 0.087210, 0.109072, 0.000000,
                -0.060820, 0.972383,-0.225326, 0.000000,
                -0.125710, 0.216484, 0.968159, 0.000000,
                -0.000000, 0.803262,-0.000000, 1.000000;;
              }
            } // End of Armature_Bone_014
            Frame Armature_Bone_015 {
              FrameTransformMatrix {
                 0.733101, 0.679926, 0.016239, 0.000000,
                -0.679507, 0.733245,-0.024946, 0.000000,
                -0.028869, 0.007253, 0.999557, 0.000000,
                -0.000000, 0.803262,-0.000000, 1.000000;;
              }
            } // End of Armature_Bone_015
            Frame Armature_Bone_016 {
              FrameTransformMatrix {
                 0.811682,-0.462453, 0.356803, 0.000000,
                 0.559582, 0.790788,-0.248036, 0.000000,
                -0.167451, 0.400988, 0.900649, 0.000000,
                -0.000000, 0.803262,-0.000000, 1.000000;;
              }
            } // End of Armature_Bone_016
          } // End of Armature_Bone_013
        } // End of Armature_Bone_012
      } // End of Armature_Bone_011
    } // End of Armature_Bone_010
    Frame Cube {
      FrameTransformMatrix {
         1.000000, 0.000000, 0.000000, 0.000000,
         0.000000, 0.851371, 0.000000, 0.000000,
         0.000000, 0.000000, 0.392878, 0.000000,
         0.181898, 0.013525,-0.444271, 1.000000;;
      }
      Mesh { // Cube mesh
        1560;
         0.460656;-3.547694;-0.078701;,
         0.460656;-3.137587;-0.078701;,
         0.553167;-3.137587;-0.078701;,
         0.553167;-3.547694;-0.078701;,
         0.460656;-3.547693; 0.078700;,
         0.553167;-3.547694; 0.078700;,
         0.553167;-3.137587; 0.078700;,
         0.460656;-3.137587; 0.078700;,
         0.460656;-3.547694;-0.078701;,
         0.460656;-3.547693; 0.078700;,
         0.460656;-3.137587; 0.078700;,
         0.460656;-3.137587;-0.078701;,
         0.460656;-3.137587;-0.078701;,
         0.460656;-3.137587; 0.078700;,
         0.553167;-3.137587; 0.078700;,
         0.553167;-3.137587;-0.078701;,
         0.553167;-3.137587;-0.078701;,
         0.553167;-3.137587; 0.078700;,
         0.553167;-3.547694; 0.078700;,
         0.553167;-3.547694;-0.078701;,
         0.460656;-3.547693; 0.078700;,
         0.460656;-3.547694;-0.078701;,
         0.553167;-3.547694;-0.078701;,
         0.553167;-3.547694; 0.078700;,
         0.739304;-3.530095;-0.078701;,
         0.739304;-3.119989;-0.078701;,
         0.831815;-3.119989;-0.078701;,
         0.831815;-3.530095;-0.078701;,
         0.739304;-3.530095; 0.078700;,
         0.831815;-3.530095; 0.078700;,
         0.831815;-3.119989; 0.078700;,
         0.739304;-3.119988; 0.078700;,
         0.739304;-3.530095;-0.078701;,
         0.739304;-3.530095; 0.078700;,
         0.739304;-3.119988; 0.078700;,
         0.739304;-3.119989;-0.078701;,
         0.739304;-3.119989;-0.078701;,
         0.739304;-3.119988; 0.078700;,
         0.831815;-3.119989; 0.078700;,
         0.831815;-3.119989;-0.078701;,
         0.831815;-3.119989;-0.078701;,
         0.831815;-3.119989; 0.078700;,
         0.831815;-3.530095; 0.078700;,
         0.831815;-3.530095;-0.078701;,
         0.739304;-3.530095; 0.078700;,
         0.739304;-3.530095;-0.078701;,
         0.831815;-3.530095;-0.078701;,
         0.831815;-3.530095; 0.078700;,
         0.594531;-3.610338;-0.078701;,
         0.594531;-3.200232;-0.078701;,
         0.687042;-3.200232;-0.078701;,
         0.687042;-3.610338;-0.078701;,
         0.594531;-3.610338; 0.078700;,
         0.687042;-3.610338; 0.078700;,
         0.687042;-3.200232; 0.078700;,
         0.594531;-3.200231; 0.078700;,
         0.594531;-3.610338;-0.078701;,
         0.594531;-3.610338; 0.078700;,
         0.594531;-3.200231; 0.078700;,
         0.594531;-3.200232;-0.078701;,
         0.594531;-3.200232;-0.078701;,
         0.594531;-3.200231; 0.078700;,
         0.687042;-3.200232; 0.078700;,
         0.687042;-3.200232;-0.078701;,
         0.687042;-3.200232;-0.078701;,
         0.687042;-3.200232; 0.078700;,
         0.687042;-3.610338; 0.078700;,
         0.687042;-3.610338;-0.078701;,
         0.594531;-3.610338; 0.078700;,
         0.594531;-3.610338;-0.078701;,
         0.687042;-3.610338;-0.078701;,
         0.687042;-3.610338; 0.078700;,
         0.462399;-2.231954;-0.462235;,
         0.462399;-1.009457;-0.462235;,
         0.812796;-1.009457;-0.462235;,
         0.812796;-2.231954;-0.462235;,
         0.462399;-2.231953; 0.462235;,
         0.812796;-2.231954; 0.462235;,
         0.812796;-1.009457; 0.462235;,
         0.462399;-1.009457; 0.462235;,
         0.462399;-2.231954;-0.462235;,
         0.462399;-2.231953; 0.462235;,
         0.462399;-1.009457; 0.462235;,
         0.462399;-1.009457;-0.462235;,
         0.462399;-1.009457;-0.462235;,
         0.462399;-1.009457; 0.462235;,
         0.812796;-1.009457; 0.462235;,
         0.812796;-1.009457;-0.462235;,
         0.812796;-1.009457;-0.462235;,
         0.812796;-1.009457; 0.462235;,
         0.812796;-2.231954; 0.462235;,
         0.812796;-2.231954;-0.462235;,
         0.462399;-2.231953; 0.462235;,
         0.462399;-2.231954;-0.462235;,
         0.812796;-2.231954;-0.462235;,
         0.812796;-2.231954; 0.462235;,
         0.528144;-3.198147;-0.278811;,
         0.528144;-2.234232;-0.278811;,
         0.747052;-2.234232;-0.278811;,
         0.747052;-3.198147;-0.278811;,
         0.528144;-3.198146; 0.278811;,
         0.747052;-3.198147; 0.278811;,
         0.747052;-2.234232; 0.278811;,
         0.528144;-2.234232; 0.278811;,
         0.528144;-3.198147;-0.278811;,
         0.528144;-3.198146; 0.278811;,
         0.528144;-2.234232; 0.278811;,
         0.528144;-2.234232;-0.278811;,
         0.528144;-2.234232;-0.278811;,
         0.528144;-2.234232; 0.278811;,
         0.747052;-2.234232; 0.278811;,
         0.747052;-2.234232;-0.278811;,
         0.747052;-2.234232;-0.278811;,
         0.747052;-2.234232; 0.278811;,
         0.747052;-3.198147; 0.278811;,
         0.747052;-3.198147;-0.278811;,
         0.528144;-3.198146; 0.278811;,
         0.528144;-3.198147;-0.278811;,
         0.747052;-3.198147;-0.278811;,
         0.747052;-3.198147; 0.278811;,
        -0.951971;-4.651801;-0.076817;,
        -0.951971;-4.113481;-0.076817;,
        -0.888551;-4.113481;-0.076817;,
        -0.888551;-4.651802;-0.076817;,
        -0.951971;-4.651801; 0.076817;,
        -0.888551;-4.651801; 0.076817;,
        -0.888551;-4.113481; 0.076817;,
        -0.951971;-4.113481; 0.076817;,
        -0.951971;-4.651801;-0.076817;,
        -0.951971;-4.651801; 0.076817;,
        -0.951971;-4.113481; 0.076817;,
        -0.951971;-4.113481;-0.076817;,
        -0.951971;-4.113481;-0.076817;,
        -0.951971;-4.113481; 0.076817;,
        -0.888551;-4.113481; 0.076817;,
        -0.888551;-4.113481;-0.076817;,
        -0.888551;-4.113481;-0.076817;,
        -0.888551;-4.113481; 0.076817;,
        -0.888551;-4.651801; 0.076817;,
        -0.888551;-4.651802;-0.076817;,
        -0.951971;-4.651801; 0.076817;,
        -0.951971;-4.651801;-0.076817;,
        -0.888551;-4.651802;-0.076817;,
        -0.888551;-4.651801; 0.076817;,
        -0.712375;-4.637201;-0.076817;,
        -0.712375;-4.098881;-0.076817;,
        -0.648955;-4.098881;-0.076817;,
        -0.648955;-4.637201;-0.076817;,
        -0.712375;-4.637201; 0.076817;,
        -0.648955;-4.637201; 0.076817;,
        -0.648955;-4.098881; 0.076817;,
        -0.712375;-4.098881; 0.076817;,
        -0.712375;-4.637201;-0.076817;,
        -0.712375;-4.637201; 0.076817;,
        -0.712375;-4.098881; 0.076817;,
        -0.712375;-4.098881;-0.076817;,
        -0.712375;-4.098881;-0.076817;,
        -0.712375;-4.098881; 0.076817;,
        -0.648955;-4.098881; 0.076817;,
        -0.648955;-4.098881;-0.076817;,
        -0.648955;-4.098881;-0.076817;,
        -0.648955;-4.098881; 0.076817;,
        -0.648955;-4.637201; 0.076817;,
        -0.648955;-4.637201;-0.076817;,
        -0.712375;-4.637201; 0.076817;,
        -0.712375;-4.637201;-0.076817;,
        -0.648955;-4.637201;-0.076817;,
        -0.648955;-4.637201; 0.076817;,
        -0.837782;-4.708389;-0.076817;,
        -0.837782;-4.170069;-0.076817;,
        -0.774362;-4.170069;-0.076817;,
        -0.774362;-4.708389;-0.076817;,
        -0.837782;-4.708389; 0.076817;,
        -0.774362;-4.708389; 0.076817;,
        -0.774362;-4.170069; 0.076817;,
        -0.837782;-4.170068; 0.076817;,
        -0.837782;-4.708389;-0.076817;,
        -0.837782;-4.708389; 0.076817;,
        -0.837782;-4.170068; 0.076817;,
        -0.837782;-4.170069;-0.076817;,
        -0.837782;-4.170069;-0.076817;,
        -0.837782;-4.170068; 0.076817;,
        -0.774362;-4.170069; 0.076817;,
        -0.774362;-4.170069;-0.076817;,
        -0.774362;-4.170069;-0.076817;,
        -0.774362;-4.170069; 0.076817;,
        -0.774362;-4.708389; 0.076817;,
        -0.774362;-4.708389;-0.076817;,
        -0.837782;-4.708389; 0.076817;,
        -0.837782;-4.708389;-0.076817;,
        -0.774362;-4.708389;-0.076817;,
        -0.774362;-4.708389; 0.076817;,
        -0.893064;-4.166401;-0.227318;,
        -0.893064;-3.202487;-0.227318;,
        -0.719080;-3.202487;-0.227318;,
        -0.719080;-4.166401;-0.227318;,
        -0.893064;-4.166401; 0.227318;,
        -0.719080;-4.166401; 0.227318;,
        -0.719080;-3.202487; 0.227318;,
        -0.893064;-3.202487; 0.227318;,
        -0.893064;-4.166401;-0.227318;,
        -0.893064;-4.166401; 0.227318;,
        -0.893064;-3.202487; 0.227318;,
        -0.893064;-3.202487;-0.227318;,
        -0.893064;-3.202487;-0.227318;,
        -0.893064;-3.202487; 0.227318;,
        -0.719080;-3.202487; 0.227318;,
        -0.719080;-3.202487;-0.227318;,
        -0.719080;-3.202487;-0.227318;,
        -0.719080;-3.202487; 0.227318;,
        -0.719080;-4.166401; 0.227318;,
        -0.719080;-4.166401;-0.227318;,
        -0.893064;-4.166401; 0.227318;,
        -0.893064;-4.166401;-0.227318;,
        -0.719080;-4.166401;-0.227318;,
        -0.719080;-4.166401; 0.227318;,
        -0.915526;-3.198281;-0.278811;,
        -0.915526;-2.234366;-0.278811;,
        -0.696618;-2.234366;-0.278811;,
        -0.696618;-3.198281;-0.278811;,
        -0.915526;-3.198280; 0.278811;,
        -0.696618;-3.198281; 0.278811;,
        -0.696618;-2.234366; 0.278811;,
        -0.915526;-2.234366; 0.278811;,
        -0.915526;-3.198281;-0.278811;,
        -0.915526;-3.198280; 0.278811;,
        -0.915526;-2.234366; 0.278811;,
        -0.915526;-2.234366;-0.278811;,
        -0.915526;-2.234366;-0.278811;,
        -0.915526;-2.234366; 0.278811;,
        -0.696618;-2.234366; 0.278811;,
        -0.696618;-2.234366;-0.278811;,
        -0.696618;-2.234366;-0.278811;,
        -0.696618;-2.234366; 0.278811;,
        -0.696618;-3.198281; 0.278811;,
        -0.696618;-3.198281;-0.278811;,
        -0.915526;-3.198280; 0.278811;,
        -0.915526;-3.198281;-0.278811;,
        -0.696618;-3.198281;-0.278811;,
        -0.696618;-3.198281; 0.278811;,
        -0.981271;-2.232088;-0.462235;,
        -0.981271;-1.009591;-0.462235;,
        -0.630874;-1.009591;-0.462235;,
        -0.630874;-2.232088;-0.462235;,
        -0.981271;-2.232088; 0.462235;,
        -0.630874;-2.232088; 0.462235;,
        -0.630874;-1.009591; 0.462235;,
        -0.981271;-1.009591; 0.462235;,
        -0.981271;-2.232088;-0.462235;,
        -0.981271;-2.232088; 0.462235;,
        -0.981271;-1.009591; 0.462235;,
        -0.981271;-1.009591;-0.462235;,
        -0.981271;-1.009591;-0.462235;,
        -0.981271;-1.009591; 0.462235;,
        -0.630874;-1.009591; 0.462235;,
        -0.630874;-1.009591;-0.462235;,
        -0.630874;-1.009591;-0.462235;,
        -0.630874;-1.009591; 0.462235;,
        -0.630874;-2.232088; 0.462235;,
        -0.630874;-2.232088;-0.462235;,
        -0.981271;-2.232088; 0.462235;,
        -0.981271;-2.232088;-0.462235;,
        -0.630874;-2.232088;-0.462235;,
        -0.630874;-2.232088; 0.462235;,
         0.814540; 3.546654;-0.078701;,
         0.814540; 3.136548;-0.078701;,
         0.722028; 3.136548;-0.078701;,
         0.722028; 3.546654;-0.078701;,
         0.814540; 3.546654; 0.078700;,
         0.722028; 3.546654; 0.078700;,
         0.722028; 3.136548; 0.078700;,
         0.814540; 3.136548; 0.078700;,
         0.814540; 3.546654;-0.078701;,
         0.814540; 3.546654; 0.078700;,
         0.814540; 3.136548; 0.078700;,
         0.814540; 3.136548;-0.078701;,
         0.814540; 3.136548;-0.078701;,
         0.814540; 3.136548; 0.078700;,
         0.722028; 3.136548; 0.078700;,
         0.722028; 3.136548;-0.078701;,
         0.722028; 3.136548;-0.078701;,
         0.722028; 3.136548; 0.078700;,
         0.722028; 3.546654; 0.078700;,
         0.722028; 3.546654;-0.078701;,
         0.814540; 3.546654; 0.078700;,
         0.814540; 3.546654;-0.078701;,
         0.722028; 3.546654;-0.078701;,
         0.722028; 3.546654; 0.078700;,
         0.535892; 3.529056;-0.078701;,
         0.535892; 3.118949;-0.078701;,
         0.443380; 3.118949;-0.078701;,
         0.443380; 3.529056;-0.078701;,
         0.535892; 3.529056; 0.078700;,
         0.443380; 3.529056; 0.078700;,
         0.443380; 3.118949; 0.078700;,
         0.535891; 3.118949; 0.078700;,
         0.535892; 3.529056;-0.078701;,
         0.535892; 3.529056; 0.078700;,
         0.535891; 3.118949; 0.078700;,
         0.535892; 3.118949;-0.078701;,
         0.535892; 3.118949;-0.078701;,
         0.535891; 3.118949; 0.078700;,
         0.443380; 3.118949; 0.078700;,
         0.443380; 3.118949;-0.078701;,
         0.443380; 3.118949;-0.078701;,
         0.443380; 3.118949; 0.078700;,
         0.443380; 3.529056; 0.078700;,
         0.443380; 3.529056;-0.078701;,
         0.535892; 3.529056; 0.078700;,
         0.535892; 3.529056;-0.078701;,
         0.443380; 3.529056;-0.078701;,
         0.443380; 3.529056; 0.078700;,
         0.680665; 3.609299;-0.078701;,
         0.680665; 3.199192;-0.078701;,
         0.588153; 3.199192;-0.078701;,
         0.588153; 3.609299;-0.078701;,
         0.680665; 3.609299; 0.078700;,
         0.588153; 3.609299; 0.078700;,
         0.588153; 3.199192; 0.078700;,
         0.680665; 3.199192; 0.078700;,
         0.680665; 3.609299;-0.078701;,
         0.680665; 3.609299; 0.078700;,
         0.680665; 3.199192; 0.078700;,
         0.680665; 3.199192;-0.078701;,
         0.680665; 3.199192;-0.078701;,
         0.680665; 3.199192; 0.078700;,
         0.588153; 3.199192; 0.078700;,
         0.588153; 3.199192;-0.078701;,
         0.588153; 3.199192;-0.078701;,
         0.588153; 3.199192; 0.078700;,
         0.588153; 3.609299; 0.078700;,
         0.588153; 3.609299;-0.078701;,
         0.680665; 3.609299; 0.078700;,
         0.680665; 3.609299;-0.078701;,
         0.588153; 3.609299;-0.078701;,
         0.588153; 3.609299; 0.078700;,
         0.812796; 2.230915;-0.462235;,
         0.812796; 1.008418;-0.462235;,
         0.462399; 1.008418;-0.462235;,
         0.462399; 2.230915;-0.462235;,
         0.812796; 2.230914; 0.462235;,
         0.462399; 2.230915; 0.462235;,
         0.462399; 1.008418; 0.462235;,
         0.812796; 1.008417; 0.462235;,
         0.812796; 2.230915;-0.462235;,
         0.812796; 2.230914; 0.462235;,
         0.812796; 1.008417; 0.462235;,
         0.812796; 1.008418;-0.462235;,
         0.812796; 1.008418;-0.462235;,
         0.812796; 1.008417; 0.462235;,
         0.462399; 1.008418; 0.462235;,
         0.462399; 1.008418;-0.462235;,
         0.462399; 1.008418;-0.462235;,
         0.462399; 1.008418; 0.462235;,
         0.462399; 2.230915; 0.462235;,
         0.462399; 2.230915;-0.462235;,
         0.812796; 2.230914; 0.462235;,
         0.812796; 2.230915;-0.462235;,
         0.462399; 2.230915;-0.462235;,
         0.462399; 2.230915; 0.462235;,
         0.747052; 3.197107;-0.278811;,
         0.747052; 2.233193;-0.278811;,
         0.528144; 2.233193;-0.278811;,
         0.528144; 3.197108;-0.278811;,
         0.747052; 3.197107; 0.278811;,
         0.528144; 3.197107; 0.278811;,
         0.528144; 2.233193; 0.278811;,
         0.747052; 2.233193; 0.278811;,
         0.747052; 3.197107;-0.278811;,
         0.747052; 3.197107; 0.278811;,
         0.747052; 2.233193; 0.278811;,
         0.747052; 2.233193;-0.278811;,
         0.747052; 2.233193;-0.278811;,
         0.747052; 2.233193; 0.278811;,
         0.528144; 2.233193; 0.278811;,
         0.528144; 2.233193;-0.278811;,
         0.528144; 2.233193;-0.278811;,
         0.528144; 2.233193; 0.278811;,
         0.528144; 3.197107; 0.278811;,
         0.528144; 3.197108;-0.278811;,
         0.747052; 3.197107; 0.278811;,
         0.747052; 3.197107;-0.278811;,
         0.528144; 3.197108;-0.278811;,
         0.528144; 3.197107; 0.278811;,
        -0.664532; 4.650433;-0.076817;,
        -0.664532; 4.112113;-0.076817;,
        -0.727952; 4.112113;-0.076817;,
        -0.727952; 4.650434;-0.076817;,
        -0.664532; 4.650433; 0.076817;,
        -0.727952; 4.650433; 0.076817;,
        -0.727952; 4.112113; 0.076817;,
        -0.664532; 4.112113; 0.076817;,
        -0.664532; 4.650433;-0.076817;,
        -0.664532; 4.650433; 0.076817;,
        -0.664532; 4.112113; 0.076817;,
        -0.664532; 4.112113;-0.076817;,
        -0.664532; 4.112113;-0.076817;,
        -0.664532; 4.112113; 0.076817;,
        -0.727952; 4.112113; 0.076817;,
        -0.727952; 4.112113;-0.076817;,
        -0.727952; 4.112113;-0.076817;,
        -0.727952; 4.112113; 0.076817;,
        -0.727952; 4.650433; 0.076817;,
        -0.727952; 4.650434;-0.076817;,
        -0.664532; 4.650433; 0.076817;,
        -0.664532; 4.650433;-0.076817;,
        -0.727952; 4.650434;-0.076817;,
        -0.727952; 4.650433; 0.076817;,
        -0.904128; 4.635833;-0.076817;,
        -0.904128; 4.097513;-0.076817;,
        -0.967548; 4.097513;-0.076817;,
        -0.967548; 4.635833;-0.076817;,
        -0.904128; 4.635833; 0.076817;,
        -0.967548; 4.635833; 0.076817;,
        -0.967548; 4.097513; 0.076817;,
        -0.904128; 4.097512; 0.076817;,
        -0.904128; 4.635833;-0.076817;,
        -0.904128; 4.635833; 0.076817;,
        -0.904128; 4.097512; 0.076817;,
        -0.904128; 4.097513;-0.076817;,
        -0.904128; 4.097513;-0.076817;,
        -0.904128; 4.097512; 0.076817;,
        -0.967548; 4.097513; 0.076817;,
        -0.967548; 4.097513;-0.076817;,
        -0.967548; 4.097513;-0.076817;,
        -0.967548; 4.097513; 0.076817;,
        -0.967548; 4.635833; 0.076817;,
        -0.967548; 4.635833;-0.076817;,
        -0.904128; 4.635833; 0.076817;,
        -0.904128; 4.635833;-0.076817;,
        -0.967548; 4.635833;-0.076817;,
        -0.967548; 4.635833; 0.076817;,
        -0.778720; 4.707021;-0.076817;,
        -0.778720; 4.168700;-0.076817;,
        -0.842140; 4.168700;-0.076817;,
        -0.842140; 4.707021;-0.076817;,
        -0.778720; 4.707021; 0.076817;,
        -0.842140; 4.707021; 0.076817;,
        -0.842140; 4.168700; 0.076817;,
        -0.778720; 4.168700; 0.076817;,
        -0.778720; 4.707021;-0.076817;,
        -0.778720; 4.707021; 0.076817;,
        -0.778720; 4.168700; 0.076817;,
        -0.778720; 4.168700;-0.076817;,
        -0.778720; 4.168700;-0.076817;,
        -0.778720; 4.168700; 0.076817;,
        -0.842140; 4.168700; 0.076817;,
        -0.842140; 4.168700;-0.076817;,
        -0.842140; 4.168700;-0.076817;,
        -0.842140; 4.168700; 0.076817;,
        -0.842140; 4.707021; 0.076817;,
        -0.842140; 4.707021;-0.076817;,
        -0.778720; 4.707021; 0.076817;,
        -0.778720; 4.707021;-0.076817;,
        -0.842140; 4.707021;-0.076817;,
        -0.842140; 4.707021; 0.076817;,
        -0.723438; 4.165032;-0.227318;,
        -0.723438; 3.201118;-0.227318;,
        -0.897423; 3.201118;-0.227318;,
        -0.897423; 4.165033;-0.227318;,
        -0.723438; 4.165032; 0.227318;,
        -0.897423; 4.165032; 0.227318;,
        -0.897423; 3.201118; 0.227318;,
        -0.723438; 3.201118; 0.227318;,
        -0.723438; 4.165032;-0.227318;,
        -0.723438; 4.165032; 0.227318;,
        -0.723438; 3.201118; 0.227318;,
        -0.723438; 3.201118;-0.227318;,
        -0.723438; 3.201118;-0.227318;,
        -0.723438; 3.201118; 0.227318;,
        -0.897423; 3.201118; 0.227318;,
        -0.897423; 3.201118;-0.227318;,
        -0.897423; 3.201118;-0.227318;,
        -0.897423; 3.201118; 0.227318;,
        -0.897423; 4.165032; 0.227318;,
        -0.897423; 4.165033;-0.227318;,
        -0.723438; 4.165032; 0.227318;,
        -0.723438; 4.165032;-0.227318;,
        -0.897423; 4.165033;-0.227318;,
        -0.897423; 4.165032; 0.227318;,
        -0.700976; 3.196912;-0.278811;,
        -0.700976; 2.232998;-0.278811;,
        -0.919884; 2.232998;-0.278811;,
        -0.919884; 3.196912;-0.278811;,
        -0.700976; 3.196912; 0.278811;,
        -0.919884; 3.196912; 0.278811;,
        -0.919884; 2.232998; 0.278811;,
        -0.700976; 2.232997; 0.278811;,
        -0.700976; 3.196912;-0.278811;,
        -0.700976; 3.196912; 0.278811;,
        -0.700976; 2.232997; 0.278811;,
        -0.700976; 2.232998;-0.278811;,
        -0.700976; 2.232998;-0.278811;,
        -0.700976; 2.232997; 0.278811;,
        -0.919884; 2.232998; 0.278811;,
        -0.919884; 2.232998;-0.278811;,
        -0.919884; 2.232998;-0.278811;,
        -0.919884; 2.232998; 0.278811;,
        -0.919884; 3.196912; 0.278811;,
        -0.919884; 3.196912;-0.278811;,
        -0.700976; 3.196912; 0.278811;,
        -0.700976; 3.196912;-0.278811;,
        -0.919884; 3.196912;-0.278811;,
        -0.919884; 3.196912; 0.278811;,
        -0.635232; 2.230719;-0.462235;,
        -0.635232; 1.008223;-0.462235;,
        -0.985629; 1.008223;-0.462235;,
        -0.985629; 2.230720;-0.462235;,
        -0.635232; 2.230719; 0.462235;,
        -0.985629; 2.230720; 0.462235;,
        -0.985629; 1.008223; 0.462235;,
        -0.635232; 1.008222; 0.462235;,
        -0.635232; 2.230719;-0.462235;,
        -0.635232; 2.230719; 0.462235;,
        -0.635232; 1.008222; 0.462235;,
        -0.635232; 1.008223;-0.462235;,
        -0.635232; 1.008223;-0.462235;,
        -0.635232; 1.008222; 0.462235;,
        -0.985629; 1.008223; 0.462235;,
        -0.985629; 1.008223;-0.462235;,
        -0.985629; 1.008223;-0.462235;,
        -0.985629; 1.008223; 0.462235;,
        -0.985629; 2.230720; 0.462235;,
        -0.985629; 2.230720;-0.462235;,
        -0.635232; 2.230719; 0.462235;,
        -0.635232; 2.230719;-0.462235;,
        -0.985629; 2.230720;-0.462235;,
        -0.985629; 2.230720; 0.462235;,
        -1.560044; 0.028271; 0.443894;,
        -1.560044;-0.028271; 0.443894;,
        -2.092657;-0.028271; 0.443894;,
        -2.092657; 0.028271; 0.443894;,
        -1.560044; 0.028271; 0.855132;,
        -2.092657; 0.028271; 0.855132;,
        -2.092657;-0.028271; 0.855132;,
        -1.560044;-0.028271; 0.855132;,
        -1.560044; 0.028271; 0.443894;,
        -1.560044; 0.028271; 0.855132;,
        -1.560044;-0.028271; 0.855132;,
        -1.560044;-0.028271; 0.443894;,
        -1.560044;-0.028271; 0.443894;,
        -1.560044;-0.028271; 0.855132;,
        -2.092657;-0.028271; 0.855132;,
        -2.092657;-0.028271; 0.443894;,
        -2.092657;-0.028271; 0.443894;,
        -2.092657;-0.028271; 0.855132;,
        -2.092657; 0.028271; 0.855132;,
        -2.092657; 0.028271; 0.443894;,
        -1.560044; 0.028271; 0.855132;,
        -1.560044; 0.028271; 0.443894;,
        -2.092657; 0.028271; 0.443894;,
        -2.092657; 0.028271; 0.855132;,
        -1.012728; 0.051485; 0.835301;,
        -1.012728;-0.051485; 0.835301;,
        -1.545341;-0.051485; 0.835301;,
        -1.545341; 0.051485; 0.835301;,
        -1.012728; 0.051485; 1.411430;,
        -1.545341; 0.051485; 1.411430;,
        -1.545341;-0.051485; 1.411430;,
        -1.012728;-0.051485; 1.411430;,
        -1.012728; 0.051485; 0.835301;,
        -1.012728; 0.051485; 1.411430;,
        -1.012728;-0.051485; 1.411430;,
        -1.012728;-0.051485; 0.835301;,
        -1.012728;-0.051485; 0.835301;,
        -1.012728;-0.051485; 1.411430;,
        -1.545341;-0.051485; 1.411430;,
        -1.545341;-0.051485; 0.835301;,
        -1.545341;-0.051485; 0.835301;,
        -1.545341;-0.051485; 1.411430;,
        -1.545341; 0.051485; 1.411430;,
        -1.545341; 0.051485; 0.835301;,
        -1.012728; 0.051485; 1.411430;,
        -1.012728; 0.051485; 0.835301;,
        -1.545341; 0.051485; 0.835301;,
        -1.545341; 0.051485; 1.411430;,
        -1.553686; 0.226405;-0.437594;,
        -1.553686;-0.226405;-0.437594;,
        -2.089988;-0.226405;-0.437594;,
        -2.089988; 0.226406;-0.437594;,
        -1.553686; 0.226405; 0.437595;,
        -2.089988; 0.226405; 0.437595;,
        -2.089988;-0.226405; 0.437595;,
        -1.553686;-0.226406; 0.437595;,
        -1.553686; 0.226405;-0.437594;,
        -1.553686; 0.226405; 0.437595;,
        -1.553686;-0.226406; 0.437595;,
        -1.553686;-0.226405;-0.437594;,
        -1.553686;-0.226405;-0.437594;,
        -1.553686;-0.226406; 0.437595;,
        -2.089988;-0.226405; 0.437595;,
        -2.089988;-0.226405;-0.437594;,
        -2.089988;-0.226405;-0.437594;,
        -2.089988;-0.226405; 0.437595;,
        -2.089988; 0.226405; 0.437595;,
        -2.089988; 0.226406;-0.437594;,
        -1.553686; 0.226405; 0.437595;,
        -1.553686; 0.226405;-0.437594;,
        -2.089988; 0.226406;-0.437594;,
        -2.089988; 0.226405; 0.437595;,
        -1.008512; 0.333986;-0.822905;,
        -1.008512;-0.333986;-0.822905;,
        -1.544814;-0.333986;-0.822905;,
        -1.544814; 0.333986;-0.822905;,
        -1.008512; 0.333985; 0.822905;,
        -1.544814; 0.333986; 0.822905;,
        -1.544814;-0.333985; 0.822905;,
        -1.008512;-0.333986; 0.822905;,
        -1.008512; 0.333986;-0.822905;,
        -1.008512; 0.333985; 0.822905;,
        -1.008512;-0.333986; 0.822905;,
        -1.008512;-0.333986;-0.822905;,
        -1.008512;-0.333986;-0.822905;,
        -1.008512;-0.333986; 0.822905;,
        -1.544814;-0.333985; 0.822905;,
        -1.544814;-0.333986;-0.822905;,
        -1.544814;-0.333986;-0.822905;,
        -1.544814;-0.333985; 0.822905;,
        -1.544814; 0.333986; 0.822905;,
        -1.544814; 0.333986;-0.822905;,
        -1.008512; 0.333985; 0.822905;,
        -1.008512; 0.333986;-0.822905;,
        -1.544814; 0.333986;-0.822905;,
        -1.544814; 0.333986; 0.822905;,
         1.000000; 0.083845; 1.022684;,
         1.000000;-0.083845; 1.022684;,
        -1.000000;-0.083845; 1.022684;,
        -1.000000; 0.083845; 1.022684;,
         1.000000; 0.083844; 2.046933;,
        -1.000000; 0.083845; 2.046933;,
        -1.000000;-0.083845; 2.046933;,
         0.999999;-0.083845; 2.046933;,
         1.000000; 0.083845; 1.022684;,
         1.000000; 0.083844; 2.046933;,
         0.999999;-0.083845; 2.046933;,
         1.000000;-0.083845; 1.022684;,
         1.000000;-0.083845; 1.022684;,
         0.999999;-0.083845; 2.046933;,
        -1.000000;-0.083845; 2.046933;,
        -1.000000;-0.083845; 1.022684;,
        -1.000000;-0.083845; 1.022684;,
        -1.000000;-0.083845; 2.046933;,
        -1.000000; 0.083845; 2.046933;,
        -1.000000; 0.083845; 1.022684;,
