xof 0303txt 0032

template XSkinMeshHeader {
  <3cf169ce-ff7c-44ab-93c0-f78f62d172e2>
  WORD nMaxSkinWeightsPerVertex;
  WORD nMaxSkinWeightsPerFace;
  WORD nBones;
}

template SkinWeights {
  <6f0d123b-bad2-4167-a0d0-80224f25fabb>
  STRING transformNodeName;
  DWORD nWeights;
  array DWORD vertexIndices[nWeights];
  array float weights[nWeights];
  Matrix4x4 matrixOffset;
}

Frame Root {
  FrameTransformMatrix {
     1.000000, 0.000000, 0.000000, 0.000000,
     0.000000,-0.000000, 1.000000, 0.000000,
     0.000000, 1.000000, 0.000000, 0.000000,
     0.000000, 0.000000, 0.000000, 1.000000;;
  }
  Frame Armature {
    FrameTransformMatrix {
       0.999988, 0.004817, 0.000000, 0.000000,
      -0.004817, 0.999988, 0.000000, 0.000000,
       0.000000, 0.000000, 1.000000, 0.000000,
       0.000000, 0.000000, 0.000000, 1.000000;;
    }
    Frame Armature_Bone {
      FrameTransformMatrix {
        -0.010266, 0.130729,-0.991365, 0.000000,
         0.999920,-0.005937,-0.011138, 0.000000,
        -0.007342,-0.991400,-0.130658, 0.000000,
        -1.109458, 0.000000, 0.179462, 1.000000;;
      }
      Frame Armature_Bone_001 {
        FrameTransformMatrix {
          -0.320141, 0.002052, 0.947368, 0.000000,
          -0.817190, 0.505309,-0.277245, 0.000000,
          -0.479282,-0.862936,-0.160094, 0.000000,
           0.000000, 3.341907,-0.000000, 1.000000;;
        }
        Frame Armature_Bone_002 {
          FrameTransformMatrix {
             0.816592, 0.549487,-0.176754, 0.000000,
            -0.477762, 0.471585,-0.741182, 0.000000,
            -0.323916, 0.689689, 0.647617, 0.000000,
            -0.000000, 2.207992, 0.000000, 1.000000;;
          }
          Frame Armature_Bone_004 {
            FrameTransformMatrix {
               0.723057, 0.499101,-0.477585, 0.000000,
              -0.423113, 0.866480, 0.264929, 0.000000,
               0.546044, 0.010514, 0.837691, 0.000000,
               0.000000, 1.015433, 0.000000, 1.000000;;
            }
            Frame Armature_Bone_005 {
              FrameTransformMatrix {
                 0.031339,-0.998960,-0.033112, 0.000000,
                 0.999509, 0.031344, 0.000368, 0.000000,
                 0.000670,-0.033108, 0.999452, 0.000000,
                -0.000000, 0.440497, 0.000000, 1.000000;;
              }
            } // End of Armature_Bone_005
          } // End of Armature_Bone_004
        } // End of Armature_Bone_002
        Frame Armature_Bone_003 {
          FrameTransformMatrix {
             0.909071,-0.343608, 0.235634, 0.000000,
             0.336746, 0.272924,-0.901174, 0.000000,
             0.245341, 0.898580, 0.363816, 0.000000,
            -0.000000, 2.207992, 0.000000, 1.000000;;
          }
          Frame Armature_Bone_006 {
            FrameTransformMatrix {
               0.964040,-0.256150,-0.070807, 0.000000,
               0.265726, 0.933108, 0.242280, 0.000000,
               0.004011,-0.252383, 0.967619, 0.000000,
               0.000000, 1.054615, 0.000000, 1.000000;;
            }
            Frame Armature_Bone_007 {
              FrameTransformMatrix {
                 0.141380, 0.982086,-0.124572, 0.000000,
                -0.989757, 0.137708,-0.037658, 0.000000,
                -0.019829, 0.128620, 0.991496, 0.000000,
                -0.000000, 0.444178,-0.000000, 1.000000;;
              }
            } // End of Armature_Bone_007
          } // End of Armature_Bone_006
        } // End of Armature_Bone_003
        Frame Armature_Bone_008 {
          FrameTransformMatrix {
             0.987154,-0.151106,-0.051907, 0.000000,
             0.057543, 0.639317,-0.766787, 0.000000,
             0.149051, 0.753950, 0.639800, 0.000000,
            -0.000000, 2.207992, 0.000000, 1.000000;;
          }
          Frame Armature_Bone_009 {
            FrameTransformMatrix {
               0.998787,-0.028165,-0.040393, 0.000000,
               0.015674, 0.959451,-0.281439, 0.000000,
               0.046682, 0.280465, 0.958728, 0.000000,
              -0.000000, 0.899461,-0.000000, 1.000000;;
            }
          } // End of Armature_Bone_009
        } // End of Armature_Bone_008
        Frame Armature_Bone_034 {
          FrameTransformMatrix {
             0.963066,-0.267555,-0.030305, 0.000000,
             0.018750, 0.178912,-0.983686, 0.000000,
             0.268613, 0.946786, 0.177321, 0.000000,
            -0.000000, 2.207992, 0.000000, 1.000000;;
          }
        } // End of Armature_Bone_034
      } // End of Armature_Bone_001
      Frame Armature_Bone_040 {
        FrameTransformMatrix {
           0.420408, 0.905956, 0.050011, 0.000000,
           0.897868,-0.423331, 0.120931, 0.000000,
           0.130729,-0.005937,-0.991400, 0.000000,
           0.000000, 3.341907,-0.000000, 1.000000;;
        }
      } // End of Armature_Bone_040
    } // End of Armature_Bone
    Frame Armature_Bone_010 {
      FrameTransformMatrix {
         0.585667, 0.761592,-0.277437, 0.000000,
         0.665618,-0.256571, 0.700802, 0.000000,
         0.462543,-0.595104,-0.657195, 0.000000,
        -1.109458, 0.000000, 0.179462, 1.000000;;
      }
      Frame Armature_Bone_016 {
        FrameTransformMatrix {
          -0.944211,-0.204624,-0.258061, 0.000000,
          -0.183185, 0.977475,-0.104819, 0.000000,
           0.273696,-0.051698,-0.960426, 0.000000,
          -0.000000, 1.373227, 0.000000, 1.000000;;
        }
        Frame Armature_Bone_017 {
          FrameTransformMatrix {
            -0.809275, 0.301610, 0.504089, 0.000000,
            -0.581255,-0.287044,-0.761412, 0.000000,
            -0.084953,-0.909196, 0.407610, 0.000000,
             0.000000, 3.005480, 0.000000, 1.000000;;
          }
        } // End of Armature_Bone_017
      } // End of Armature_Bone_016
    } // End of Armature_Bone_010
    Frame Armature_Bone_011 {
      FrameTransformMatrix {
         0.827117, 0.554895, 0.089270, 0.000000,
         0.265172,-0.525333, 0.808522, 0.000000,
         0.495542,-0.645071,-0.581655, 0.000000,
        -1.109458, 0.000000, 0.179462, 1.000000;;
      }
      Frame Armature_Bone_019 {
        FrameTransformMatrix {
           0.978385, 0.069693, 0.194696, 0.000000,
          -0.094509, 0.988116, 0.121224, 0.000000,
          -0.183934,-0.137004, 0.973344, 0.000000,
           0.000000, 1.151281, 0.000000, 1.000000;;
        }
        Frame Armature_Bone_020 {
          FrameTransformMatrix {
             0.982795,-0.109423,-0.148799, 0.000000,
             0.173374, 0.268754, 0.947477, 0.000000,
            -0.063685,-0.956973, 0.283101, 0.000000,
             0.000000, 3.739563, 0.000000, 1.000000;;
          }
        } // End of Armature_Bone_020
      } // End of Armature_Bone_019
    } // End of Armature_Bone_011
    Frame Armature_Bone_012 {
      FrameTransformMatrix {
         0.984312,-0.031602, 0.173581, 0.000000,
        -0.150955,-0.660130, 0.735826, 0.000000,
         0.091332,-0.750486,-0.654546, 0.000000,
        -1.109458, 0.000000, 0.179462, 1.000000;;
      }
      Frame Armature_Bone_018 {
        FrameTransformMatrix {
           0.959226, 0.036524, 0.280270, 0.000000,
          -0.063583, 0.994083, 0.088066, 0.000000,
          -0.275395,-0.102296, 0.955873, 0.000000,
           0.000000, 1.291807,-0.000000, 1.000000;;
        }
        Frame Armature_Bone_021 {
          FrameTransformMatrix {
             0.978213, 0.190879, 0.081640, 0.000000,
            -0.042595,-0.200349, 0.978798, 0.000000,
             0.203188,-0.960950,-0.187853, 0.000000,
             0.000000, 3.845511, 0.000000, 1.000000;;
          }
        } // End of Armature_Bone_021
      } // End of Armature_Bone_018
    } // End of Armature_Bone_012
    Frame Armature_Bone_013 {
      FrameTransformMatrix {
         0.670911,-0.739968, 0.048232, 0.000000,
        -0.487530,-0.391152, 0.780586, 0.000000,
        -0.558743,-0.547218,-0.623185, 0.000000,
        -1.109458, 0.000000, 0.179462, 1.000000;;
      }
      Frame Armature_Bone_014 {
        FrameTransformMatrix {
           0.973352,-0.186204, 0.133841, 0.000000,
           0.209311, 0.959831,-0.186854, 0.000000,
          -0.093672, 0.209889, 0.973228, 0.000000,
          -0.000000, 1.219150, 0.000000, 1.000000;;
        }
        Frame Armature_Bone_015 {
          FrameTransformMatrix {
             0.949777,-0.126975, 0.286011, 0.000000,
            -0.312680,-0.348644, 0.883560, 0.000000,
            -0.012474,-0.928615,-0.370836, 0.000000,
            -0.000000, 3.742610, 0.000000, 1.000000;;
          }
        } // End of Armature_Bone_015
      } // End of Armature_Bone_014
    } // End of Armature_Bone_013
    Frame Armature_Bone_022 {
      FrameTransformMatrix {
         0.801738, 0.541099, 0.253826, 0.000000,
        -0.523865, 0.431763, 0.734266, 0.000000,
         0.287717,-0.721660, 0.629623, 0.000000,
        -1.109458, 0.000000, 0.179462, 1.000000;;
      }
      Frame Armature_Bone_026 {
        FrameTransformMatrix {
           0.895011,-0.082370,-0.438372, 0.000000,
           0.086422, 0.996201,-0.010742, 0.000000,
           0.437591,-0.028271, 0.898729, 0.000000,
           0.000000, 1.468799, 0.000000, 1.000000;;
        }
        Frame Armature_Bone_027 {
          FrameTransformMatrix {
             0.727076, 0.640127,-0.248189, 0.000000,
            -0.077137,-0.283045,-0.956000, 0.000000,
            -0.682210, 0.714229,-0.156418, 0.000000,
            -0.000000, 3.545722, 0.000000, 1.000000;;
          }
        } // End of Armature_Bone_027
      } // End of Armature_Bone_026
    } // End of Armature_Bone_022
    Frame Armature_Bone_024 {
      FrameTransformMatrix {
         0.589015,-0.779098, 0.214635, 0.000000,
         0.516245, 0.567100, 0.641786, 0.000000,
        -0.621733,-0.267217, 0.736236, 0.000000,
        -1.109458, 0.000000, 0.179462, 1.000000;;
      }
      Frame Armature_Bone_029 {
        FrameTransformMatrix {
           0.779156, 0.269312,-0.566027, 0.000000,
          -0.203596, 0.962771, 0.177824, 0.000000,
           0.592844,-0.023313, 0.804980, 0.000000,
           0.000000, 1.168068, 0.000000, 1.000000;;
        }
        Frame Armature_Bone_031 {
          FrameTransformMatrix {
             0.927163,-0.276122, 0.253229, 0.000000,
             0.205542,-0.190224,-0.959983, 0.000000,
             0.313243, 0.942110,-0.119614, 0.000000,
             0.000000, 3.732514,-0.000000, 1.000000;;
          }
        } // End of Armature_Bone_031
      } // End of Armature_Bone_029
    } // End of Armature_Bone_024
    Frame Armature_Bone_025 {
      FrameTransformMatrix {
         0.452043,-0.886203,-0.101490, 0.000000,
         0.701267, 0.282763, 0.654423, 0.000000,
        -0.551255,-0.366999, 0.749286, 0.000000,
        -1.109458, 0.000000, 0.179462, 1.000000;;
      }
      Frame Armature_Bone_030 {
        FrameTransformMatrix {
           0.874961, 0.358189,-0.325797, 0.000000,
          -0.301282, 0.929491, 0.212780, 0.000000,
           0.379041,-0.088017, 0.921184, 0.000000,
           0.000000, 1.449363,-0.000000, 1.000000;;
        }
        Frame Armature_Bone_033 {
          FrameTransformMatrix {
             0.670207,-0.563613, 0.482869, 0.000000,
             0.600317, 0.029119,-0.799232, 0.000000,
             0.436396, 0.825526, 0.357863, 0.000000,
            -0.000000, 3.660018, 0.000000, 1.000000;;
          }
        } // End of Armature_Bone_033
      } // End of Armature_Bone_030
    } // End of Armature_Bone_025
    Frame Armature_Bone_023 {
      FrameTransformMatrix {
         0.852132,-0.397359, 0.340553, 0.000000,
        -0.120936, 0.483612, 0.866888, 0.000000,
        -0.509161,-0.779888, 0.364046, 0.000000,
        -1.109458, 0.000000, 0.179462, 1.000000;;
      }
      Frame Armature_Bone_028 {
        FrameTransformMatrix {
           0.811864, 0.011399,-0.583735, 0.000000,
          -0.078876, 0.992785,-0.090314, 0.000000,
           0.578494, 0.119366, 0.806906, 0.000000,
           0.000000, 0.995655, 0.000000, 1.000000;;
        }
        Frame Armature_Bone_032 {
          FrameTransformMatrix {
             0.871005,-0.287613,-0.398282, 0.000000,
            -0.397916, 0.062438,-0.915294, 0.000000,
             0.288119, 0.955709,-0.060062, 0.000000,
             0.000000, 3.729162,-0.000000, 1.000000;;
          }
        } // End of Armature_Bone_032
      } // End of Armature_Bone_028
    } // End of Armature_Bone_023
    Frame Armature_Bone_035 {
      FrameTransformMatrix {
         1.000000, 0.000000, 0.000000, 0.000000,
         0.000000, 0.000000,-1.000000, 0.000000,
         0.000000, 1.000000, 0.000000, 0.000000,
        -1.109458, 0.000000, 0.179462, 1.000000;;
      }
    } // End of Armature_Bone_035
    Frame Armature_Bone_036 {
      FrameTransformMatrix {
        -0.176785, 0.984250, 0.000000, 0.000000,
        -0.984250,-0.176785, 0.000000, 0.000000,
         0.000000, 0.000000, 1.000000, 0.000000,
        -1.109458, 0.000000, 0.179462, 1.000000;;
      }
      Frame Armature_Bone_037 {
        FrameTransformMatrix {
          -0.095763,-0.841246, 0.532104, 0.000000,
           0.060183, 0.528690, 0.846679, 0.000000,
          -0.993583, 0.113105, 0.000000, 0.000000,
          -0.000000, 2.396780,-0.000000, 1.000000;;
        }
      } // End of Armature_Bone_037
      Frame Armature_Bone_038 {
        FrameTransformMatrix {
           0.083888,-0.944381, 0.317975, 0.000000,
           0.424092, 0.322593, 0.846215, 0.000000,
          -0.901725, 0.063864, 0.427566, 0.000000,
          -0.000000, 2.396780,-0.000000, 1.000000;;
        }
      } // End of Armature_Bone_038
      Frame Armature_Bone_039 {
        FrameTransformMatrix {
          -0.267759,-0.905617, 0.328883, 0.000000,
          -0.337931, 0.407935, 0.848170, 0.000000,
          -0.902279, 0.115966,-0.415264, 0.000000,
          -0.000000, 2.396780,-0.000000, 1.000000;;
        }
      } // End of Armature_Bone_039
    } // End of Armature_Bone_036
    Frame Cube {
      FrameTransformMatrix {
         1.000000, 0.000000, 0.000000, 0.000000,
         0.000000, 1.000000, 0.000000, 0.000000,
         0.000000, 0.000000, 1.000000, 0.000000,
        -1.029563, 0.000000, 0.000000, 1.000000;;
      }
      Mesh { // Cube mesh
        720;
        -1.500510;-3.411264; 3.697134;,
        -1.580014;-3.200790; 3.566829;,
        -4.953082;-7.897564;-1.961528;,
        -4.873577;-8.108038;-1.831222;,
        -1.580014;-3.200790; 3.566829;,
        -1.358065;-3.200790; 3.431409;,
        -4.731133;-7.897564;-2.096948;,
        -4.953082;-7.897564;-1.961528;,
        -1.358065;-3.200790; 3.431409;,
        -1.278560;-3.411264; 3.561715;,
        -4.651628;-8.108038;-1.966642;,
        -4.731133;-7.897564;-2.096948;,
        -1.278560;-3.411264; 3.561715;,
        -1.500510;-3.411264; 3.697134;,
        -4.873577;-8.108038;-1.831222;,
        -4.651628;-8.108038;-1.966642;,
        -4.873577;-8.108038;-1.831222;,
        -4.953082;-7.897564;-1.961528;,
        -4.731133;-7.897564;-2.096948;,
        -4.651628;-8.108038;-1.966642;,
        -1.278560;-3.411264; 3.561715;,
        -1.358065;-3.200790; 3.431409;,
        -1.580014;-3.200790; 3.566829;,
        -1.500510;-3.411264; 3.697134;,
        -0.599939;-3.881325; 3.760675;,
        -0.631472;-3.660094; 3.627775;,
        -2.202949;-7.862845;-2.995467;,
        -2.171416;-8.084077;-2.862567;,
        -0.631472;-3.660094; 3.627775;,
        -0.378495;-3.660094; 3.567752;,
        -1.949972;-7.862845;-3.055490;,
        -2.202949;-7.862845;-2.995467;,
        -0.378495;-3.660094; 3.567752;,
        -0.346962;-3.881325; 3.700652;,
        -1.918440;-8.084077;-2.922590;,
        -1.949972;-7.862845;-3.055490;,
        -0.346962;-3.881325; 3.700652;,
        -0.599939;-3.881325; 3.760675;,
        -2.171416;-8.084077;-2.862567;,
        -1.918440;-8.084077;-2.922590;,
        -2.171416;-8.084077;-2.862567;,
        -2.202949;-7.862845;-2.995467;,
        -1.949972;-7.862845;-3.055490;,
        -1.918440;-8.084077;-2.922590;,
        -0.346962;-3.881325; 3.700652;,
        -0.378495;-3.660094; 3.567752;,
        -0.631472;-3.660094; 3.627775;,
        -0.599939;-3.881325; 3.760675;,
         0.586919;-3.774434; 3.355724;,
         0.618514;-3.548674; 3.230687;,
         2.320337;-7.516887;-3.504081;,
         2.288742;-7.742646;-3.379044;,
         0.618514;-3.548674; 3.230687;,
         0.870591;-3.548674; 3.294385;,
         2.572414;-7.516887;-3.440383;,
         2.320337;-7.516887;-3.504081;,
         0.870591;-3.548674; 3.294385;,
         0.838995;-3.774434; 3.419421;,
         2.540818;-7.742646;-3.315346;,
         2.572414;-7.516887;-3.440383;,
         0.838995;-3.774434; 3.419421;,
         0.586919;-3.774434; 3.355724;,
         2.288742;-7.742646;-3.379044;,
         2.540818;-7.742646;-3.315346;,
         2.288742;-7.742646;-3.379044;,
         2.320337;-7.516887;-3.504081;,
         2.572414;-7.516887;-3.440383;,
         2.540818;-7.742646;-3.315346;,
         0.838995;-3.774434; 3.419421;,
         0.870591;-3.548674; 3.294385;,
         0.618514;-3.548674; 3.230687;,
         0.586919;-3.774434; 3.355724;,
         1.388721;-2.965058; 2.925811;,
         1.465477;-2.749295; 2.802707;,
         4.978031;-7.213073;-2.830821;,
         4.901275;-7.428837;-2.707717;,
         1.465477;-2.749295; 2.802707;,
         1.686104;-2.749295; 2.940270;,
         5.198658;-7.213073;-2.693258;,
         4.978031;-7.213073;-2.830821;,
         1.686104;-2.749295; 2.940270;,
         1.609348;-2.965058; 3.063374;,
         5.121902;-7.428837;-2.570154;,
         5.198658;-7.213073;-2.693258;,
         1.609348;-2.965058; 3.063374;,
         1.388721;-2.965058; 2.925811;,
         4.901275;-7.428837;-2.707717;,
         5.121902;-7.428837;-2.570154;,
         4.901275;-7.428837;-2.707717;,
         4.978031;-7.213073;-2.830821;,
         5.198658;-7.213073;-2.693258;,
         5.121902;-7.428837;-2.570154;,
         1.609348;-2.965058; 3.063374;,
         1.686104;-2.749295; 2.940270;,
         1.465477;-2.749295; 2.802707;,
         1.388721;-2.965058; 2.925811;,
        -1.948683; 3.067353; 3.608007;,
        -1.867670; 3.280431; 3.733047;,
        -5.432633; 7.864720;-1.769256;,
        -5.513646; 7.651642;-1.894295;,
        -1.867670; 3.280431; 3.733047;,
        -1.649466; 3.280431; 3.591671;,
        -5.214429; 7.864720;-1.910631;,
        -5.432633; 7.864720;-1.769256;,
        -1.649466; 3.280431; 3.591671;,
        -1.730479; 3.067353; 3.466632;,
        -5.295443; 7.651642;-2.035670;,
        -5.214429; 7.864720;-1.910631;,
        -1.730479; 3.067353; 3.466632;,
        -1.948683; 3.067353; 3.608007;,
        -5.513646; 7.651642;-1.894295;,
        -5.295443; 7.651642;-2.035670;,
        -5.513646; 7.651642;-1.894295;,
        -5.432633; 7.864720;-1.769256;,
        -5.214429; 7.864720;-1.910631;,
        -5.295443; 7.651642;-2.035670;,
        -1.730479; 3.067353; 3.466632;,
        -1.649466; 3.280431; 3.591671;,
        -1.867670; 3.280431; 3.733047;,
        -1.948683; 3.067353; 3.608007;,
        -0.863891; 3.346064; 3.352923;,
        -0.851057; 3.571360; 3.482063;,
        -1.536592; 7.564466;-3.416136;,
        -1.549426; 7.339170;-3.545275;,
        -0.851057; 3.571360; 3.482063;,
        -0.592332; 3.571360; 3.456351;,
        -1.277867; 7.564466;-3.441847;,
        -1.536592; 7.564466;-3.416136;,
        -0.592332; 3.571360; 3.456351;,
        -0.605166; 3.346064; 3.327212;,
        -1.290700; 7.339170;-3.570987;,
        -1.277867; 7.564466;-3.441847;,
        -0.605166; 3.346064; 3.327212;,
        -0.863891; 3.346064; 3.352923;,
        -1.549426; 7.339170;-3.545275;,
        -1.290700; 7.339170;-3.570987;,
        -1.549426; 7.339170;-3.545275;,
        -1.536592; 7.564466;-3.416136;,
        -1.277867; 7.564466;-3.441847;,
        -1.290700; 7.339170;-3.570987;,
        -0.605166; 3.346064; 3.327212;,
        -0.592332; 3.571360; 3.456351;,
        -0.851057; 3.571360; 3.482063;,
        -0.863891; 3.346064; 3.352923;,
         0.237572; 3.243608; 3.633679;,
         0.213257; 3.480063; 3.739025;,
         1.849491; 6.806693;-3.350141;,
         1.873806; 6.570237;-3.455487;,
         0.213257; 3.480063; 3.739025;,
         0.466597; 3.480063; 3.797498;,
         2.102831; 6.806693;-3.291669;,
         1.849491; 6.806693;-3.350141;,
         0.466597; 3.480063; 3.797498;,
         0.490912; 3.243608; 3.692152;,
         2.127145; 6.570237;-3.397014;,
         2.102831; 6.806693;-3.291669;,
         0.490912; 3.243608; 3.692152;,
         0.237572; 3.243608; 3.633679;,
         1.873806; 6.570237;-3.455487;,
         2.127145; 6.570237;-3.397014;,
         1.873806; 6.570237;-3.455487;,
         1.849491; 6.806693;-3.350141;,
         2.102831; 6.806693;-3.291669;,
         2.127145; 6.570237;-3.397014;,
         0.490912; 3.243608; 3.692152;,
         0.466597; 3.480063; 3.797498;,
         0.213257; 3.480063; 3.739025;,
         0.237572; 3.243608; 3.633679;,
         1.489100; 3.374106; 3.292988;,
         1.489100; 3.617959; 3.383187;,
         5.388557; 6.041286;-3.168280;,
         5.388557; 5.797433;-3.258479;,
         1.489100; 3.617959; 3.383187;,
         1.716122; 3.573993; 3.502048;,
         5.615579; 5.997320;-3.049418;,
         5.388557; 6.041286;-3.168280;,
         1.716122; 3.573993; 3.502048;,
         1.716122; 3.330140; 3.411849;,
         5.615579; 5.753467;-3.139617;,
         5.615579; 5.997320;-3.049418;,
         1.716122; 3.330140; 3.411849;,
         1.489100; 3.374106; 3.292988;,
         5.388557; 5.797433;-3.258479;,
         5.615579; 5.753467;-3.139617;,
         5.388557; 5.797433;-3.258479;,
         5.388557; 6.041286;-3.168280;,
         5.615579; 5.997320;-3.049418;,
         5.615579; 5.753467;-3.139617;,
         1.716122; 3.330140; 3.411849;,
         1.716122; 3.573993; 3.502048;,
         1.489100; 3.617959; 3.383187;,
         1.489100; 3.374106; 3.292988;,
         1.586246;-3.176175; 2.778276;,
         1.504783;-3.007764; 3.012800;,
         0.143148;-0.192807; 0.518412;,
         0.224611;-0.361219; 0.283888;,
         1.504783;-3.007764; 3.012800;,
         1.774847;-2.877130; 3.012800;,
         0.413213;-0.062173; 0.518412;,
         0.143148;-0.192807; 0.518412;,
         1.774847;-2.877130; 3.012800;,
         1.856310;-3.045541; 2.778276;,
         0.494676;-0.230585; 0.283888;,
         0.413213;-0.062173; 0.518412;,
         1.856310;-3.045541; 2.778276;,
         1.586246;-3.176175; 2.778276;,
         0.224611;-0.361219; 0.283888;,
         0.494676;-0.230585; 0.283888;,
         0.224611;-0.361219; 0.283888;,
         0.143148;-0.192807; 0.518412;,
         0.413213;-0.062173; 0.518412;,
         0.494676;-0.230585; 0.283888;,
         1.856310;-3.045541; 2.778276;,
         1.774847;-2.877130; 3.012800;,
         1.504783;-3.007764; 3.012800;,
         1.586246;-3.176175; 2.778276;,
         0.616951;-3.901343; 3.161436;,
         0.584361;-3.721014; 3.398964;,
         0.021123;-0.604466; 0.955628;,
         0.053713;-0.784795; 0.718100;,
         0.584361;-3.721014; 3.398964;,
         0.879578;-3.667661; 3.398964;,
         0.316341;-0.551113; 0.955628;,
         0.021123;-0.604466; 0.955628;,
         0.879578;-3.667661; 3.398964;,
         0.912168;-3.847990; 3.161436;,
         0.348931;-0.731442; 0.718100;,
         0.316341;-0.551113; 0.955628;,
         0.912168;-3.847990; 3.161436;,
         0.616951;-3.901343; 3.161436;,
         0.053713;-0.784795; 0.718100;,
         0.348931;-0.731442; 0.718100;,
         0.053713;-0.784795; 0.718100;,
         0.021123;-0.604466; 0.955628;,
         0.316341;-0.551113; 0.955628;,
         0.348931;-0.731442; 0.718100;,
         0.912168;-3.847990; 3.161436;,
         0.879578;-3.667661; 3.398964;,
         0.584361;-3.721014; 3.398964;,
         0.616951;-3.901343; 3.161436;,
        -0.703847;-3.984723; 3.515830;,
        -0.679655;-3.793442; 3.745670;,
        -0.295128;-0.753132; 1.174939;,
        -0.319320;-0.944413; 0.945099;,
        -0.679655;-3.793442; 3.745670;,
        -0.382026;-3.831085; 3.745670;,
         0.002501;-0.790776; 1.174939;,
        -0.295128;-0.753132; 1.174939;,
        -0.382026;-3.831085; 3.745670;,
        -0.406218;-4.022366; 3.515830;,
        -0.021691;-0.982056; 0.945099;,
         0.002501;-0.790776; 1.174939;,
        -0.406218;-4.022366; 3.515830;,
        -0.703847;-3.984723; 3.515830;,
        -0.319320;-0.944413; 0.945099;,
        -0.021691;-0.982056; 0.945099;,
        -0.319320;-0.944413; 0.945099;,
        -0.295128;-0.753132; 1.174939;,
         0.002501;-0.790776; 1.174939;,
        -0.021691;-0.982056; 0.945099;,
        -0.406218;-4.022366; 3.515830;,
        -0.382026;-3.831085; 3.745670;,
        -0.679655;-3.793442; 3.745670;,
        -0.703847;-3.984723; 3.515830;,
        -1.752816;-3.560179; 3.409087;,
        -1.683281;-3.369764; 3.630237;,
        -0.671831;-0.600008; 0.927383;,
        -0.741366;-0.790423; 0.706234;,
        -1.683281;-3.369764; 3.630237;,
        -1.401482;-3.472671; 3.630237;,
        -0.390032;-0.702914; 0.927383;,
        -0.671831;-0.600008; 0.927383;,
        -1.401482;-3.472671; 3.630237;,
        -1.471017;-3.663085; 3.409087;,
        -0.459567;-0.893329; 0.706234;,
        -0.390032;-0.702914; 0.927383;,
        -1.471017;-3.663085; 3.409087;,
        -1.752816;-3.560179; 3.409087;,
        -0.741366;-0.790423; 0.706234;,
        -0.459567;-0.893329; 0.706234;,
        -0.741366;-0.790423; 0.706234;,
        -0.671831;-0.600008; 0.927383;,
        -0.390032;-0.702914; 0.927383;,
        -0.459567;-0.893329; 0.706234;,
        -1.471017;-3.663085; 3.409087;,
        -1.401482;-3.472671; 3.630237;,
        -1.683281;-3.369764; 3.630237;,
        -1.752816;-3.560179; 3.409087;,
        -1.930266; 3.224655; 3.728682;,
        -2.113825; 3.342179; 3.522540;,
        -0.787794; 0.695212; 0.832706;,
        -0.604235; 0.577688; 1.038847;,
        -2.113825; 3.342179; 3.522540;,
        -1.898383; 3.533952; 3.440032;,
        -0.572352; 0.886985; 0.750197;,
        -0.787794; 0.695212; 0.832706;,
        -1.898383; 3.533952; 3.440032;,
        -1.714824; 3.416429; 3.646173;,
        -0.388793; 0.769462; 0.956339;,
        -0.572352; 0.886985; 0.750197;,
        -1.714824; 3.416429; 3.646173;,
        -1.930266; 3.224655; 3.728682;,
        -0.604235; 0.577688; 1.038847;,
        -0.388793; 0.769462; 0.956339;,
        -0.604235; 0.577688; 1.038847;,
        -0.787794; 0.695212; 0.832706;,
        -0.572352; 0.886985; 0.750197;,
        -0.388793; 0.769462; 0.956339;,
        -1.714824; 3.416429; 3.646173;,
        -1.898383; 3.533952; 3.440032;,
        -2.113825; 3.342179; 3.522540;,
        -1.930266; 3.224655; 3.728682;,
        -0.817374; 3.488290; 3.496726;,
        -0.878945; 3.674888; 3.270032;,
        -0.397256; 0.674211; 0.669278;,
        -0.335685; 0.487614; 0.895973;,
        -0.878945; 3.674888; 3.270032;,
        -0.587563; 3.742220; 3.246313;,
        -0.105874; 0.741543; 0.645560;,
        -0.397256; 0.674211; 0.669278;,
        -0.587563; 3.742220; 3.246313;,
        -0.525991; 3.555623; 3.473007;,
        -0.044302; 0.554946; 0.872254;,
        -0.105874; 0.741543; 0.645560;,
        -0.525991; 3.555623; 3.473007;,
        -0.817374; 3.488290; 3.496726;,
        -0.335685; 0.487614; 0.895973;,
        -0.044302; 0.554946; 0.872254;,
        -0.335685; 0.487614; 0.895973;,
        -0.397256; 0.674211; 0.669278;,
        -0.105874; 0.741543; 0.645560;,
        -0.044302; 0.554946; 0.872254;,
        -0.525991; 3.555623; 3.473007;,
        -0.587563; 3.742220; 3.246313;,
        -0.878945; 3.674888; 3.270032;,
        -0.817374; 3.488290; 3.496726;,
         0.245169; 3.363552; 3.833748;,
         0.262543; 3.581495; 3.628325;,
         0.147475; 0.843912; 0.714153;,
         0.130101; 0.625968; 0.919576;,
         0.262543; 3.581495; 3.628325;,
         0.561915; 3.562929; 3.633945;,
         0.446847; 0.825346; 0.719774;,
         0.147475; 0.843912; 0.714153;,
         0.561915; 3.562929; 3.633945;,
         0.544541; 3.344985; 3.839369;,
         0.429473; 0.607402; 0.925197;,
         0.446847; 0.825346; 0.719774;,
         0.544541; 3.344985; 3.839369;,
         0.245169; 3.363552; 3.833748;,
         0.130101; 0.625968; 0.919576;,
         0.429473; 0.607402; 0.925197;,
         0.130101; 0.625968; 0.919576;,
         0.147475; 0.843912; 0.714153;,
         0.446847; 0.825346; 0.719774;,
         0.429473; 0.607402; 0.925197;,
         0.544541; 3.344985; 3.839369;,
         0.561915; 3.562929; 3.633945;,
         0.262543; 3.581495; 3.628325;,
         0.245169; 3.363552; 3.833748;,
         1.468095; 3.703562; 3.411819;,
         1.686812; 3.797041; 3.228995;,
         0.676601; 0.976774; 0.578417;,
         0.457884; 0.883294; 0.761240;,
         1.686812; 3.797041; 3.228995;,
         1.877658; 3.605937; 3.359597;,
         0.867447; 0.785669; 0.709019;,
         0.676601; 0.976774; 0.578417;,
         1.877658; 3.605937; 3.359597;,
         1.658941; 3.512457; 3.542420;,
         0.648730; 0.692190; 0.891842;,
         0.867447; 0.785669; 0.709019;,
         1.658941; 3.512457; 3.542420;,
         1.468095; 3.703562; 3.411819;,
         0.457884; 0.883294; 0.761240;,
         0.648730; 0.692190; 0.891842;,
         0.457884; 0.883294; 0.761240;,
         0.676601; 0.976774; 0.578417;,
         0.867447; 0.785669; 0.709019;,
         0.648730; 0.692190; 0.891842;,
         1.658941; 3.512457; 3.542420;,
         1.877658; 3.605937; 3.359597;,
         1.686812; 3.797041; 3.228995;,
         1.468095; 3.703562; 3.411819;,
         5.295252;-0.498533; 2.100000;,
         5.133469;-0.616118; 2.100000;,
         5.133469;-0.616118; 2.300000;,
         5.295252;-0.498533; 2.300000;,
         5.133469;-0.616118; 2.100000;,
         5.486225;-1.101467; 2.100000;,
         5.486225;-1.101467; 2.300000;,
         5.133469;-0.616118; 2.300000;,
         5.486225;-1.101467; 2.100000;,
         5.648008;-0.983882; 2.100000;,
         5.648008;-0.983882; 2.300000;,
         5.486225;-1.101467; 2.300000;,
         5.648008;-0.983882; 2.100000;,
         5.295252;-0.498533; 2.100000;,
         5.295252;-0.498533; 2.300000;,
         5.648008;-0.983882; 2.300000;,
         5.295252;-0.498533; 2.300000;,
         5.133469;-0.616118; 2.300000;,
         5.486225;-1.101467; 2.300000;,
         5.648008;-0.983882; 2.300000;,
         5.648008;-0.983882; 2.100000;,
         5.486225;-1.101467; 2.100000;,
         5.133469;-0.616118; 2.100000;,
         5.295252;-0.498533; 2.100000;,
         5.477404;-0.861470; 2.099590;,
         5.581732;-1.032103; 2.099590;,
         5.581732;-1.032103; 2.299590;,
         5.477404;-0.861470; 2.299590;,
         5.581732;-1.032103; 2.099590;,
         6.093631;-0.719119; 2.099590;,
         6.093631;-0.719119; 2.299590;,
         5.581732;-1.032103; 2.299590;,
         6.093631;-0.719119; 2.099590;,
         5.989303;-0.548486; 2.099590;,
         5.989303;-0.548486; 2.299590;,
         6.093631;-0.719119; 2.299590;,
         5.989303;-0.548486; 2.099590;,
         5.477404;-0.861470; 2.099590;,
         5.477404;-0.861470; 2.299590;,
         5.989303;-0.548486; 2.299590;,
         5.477404;-0.861470; 2.299590;,
         5.581732;-1.032103; 2.299590;,
         6.093631;-0.719119; 2.299590;,
         5.989303;-0.548486; 2.299590;,
         5.989303;-0.548486; 2.099590;,
         6.093631;-0.719119; 2.099590;,
         5.581732;-1.032103; 2.099590;,
         5.477404;-0.861470; 2.099590;,
         5.309915; 0.407281; 2.300000;,
         5.158213; 0.537614; 2.300000;,
         5.158213; 0.537614; 2.100000;,
         5.309915; 0.407281; 2.100000;,
         5.158213; 0.537614; 2.300000;,
         5.549211; 0.992719; 2.300000;,
         5.549211; 0.992719; 2.100000;,
         5.158213; 0.537614; 2.100000;,
         5.549211; 0.992719; 2.300000;,
         5.700912; 0.862386; 2.300000;,
         5.700912; 0.862386; 2.100000;,
         5.549211; 0.992719; 2.100000;,
         5.700912; 0.862386; 2.300000;,
         5.309915; 0.407281; 2.300000;,
         5.309915; 0.407281; 2.100000;,
         5.700912; 0.862386; 2.100000;,
         5.309915; 0.407281; 2.100000;,
         5.158213; 0.537614; 2.100000;,
         5.549211; 0.992719; 2.100000;,
         5.700912; 0.862386; 2.100000;,
         5.700912; 0.862386; 2.300000;,
         5.549211; 0.992719; 2.300000;,
         5.158213; 0.537614; 2.300000;,
         5.309915; 0.407281; 2.300000;,
         5.520933; 0.754230; 2.300411;,
         5.638770; 0.915829; 2.300411;,
         5.638770; 0.915829; 2.100410;,
         5.520933; 0.754230; 2.100410;,
         5.638770; 0.915829; 2.300411;,
         6.123568; 0.562316; 2.300411;,
         6.123568; 0.562316; 2.100410;,
         5.638770; 0.915829; 2.100410;,
         6.123568; 0.562316; 2.300411;,
         6.005730; 0.400717; 2.300411;,
         6.005730; 0.400717; 2.100410;,
         6.123568; 0.562316; 2.100410;,
         6.005730; 0.400717; 2.300411;,
         5.520933; 0.754230; 2.300411;,
         5.520933; 0.754230; 2.100410;,
         6.005730; 0.400717; 2.100410;,
         5.520933; 0.754230; 2.100410;,
         5.638770; 0.915829; 2.100410;,
         6.123568; 0.562316; 2.100410;,
         6.005730; 0.400717; 2.100410;,
         6.005730; 0.400717; 2.300411;,
         6.123568; 0.562316; 2.300411;,
         5.638770; 0.915829; 2.300411;,
         5.520933; 0.754230; 2.300411;,
         5.308466;-0.300000; 2.111859;,
         5.308466; 0.300000; 2.111859;,
         5.308466; 0.300000; 1.911859;,
         5.308466;-0.300000; 1.911859;,
         5.308466; 0.300000; 2.111859;,
         6.308466; 0.300000; 2.111859;,
         6.308466; 0.300000; 1.911859;,
         5.308466; 0.300000; 1.911859;,
         6.308466; 0.300000; 2.111859;,
         6.308466;-0.300000; 2.111859;,
         6.308466;-0.300000; 1.911859;,
         6.308466; 0.300000; 1.911859;,
         6.308466;-0.300000; 2.111859;,
         5.308466;-0.300000; 2.111859;,
         5.308466;-0.300000; 1.911859;,
         6.308466;-0.300000; 1.911859;,
         5.308466;-0.300000; 1.911859;,
         5.308466; 0.300000; 1.911859;,
         6.308466; 0.300000; 1.911859;,
         6.308466;-0.300000; 1.911859;,
         6.308466;-0.300000; 2.111859;,
         6.308466; 0.300000; 2.111859;,
         5.308466; 0.300000; 2.111859;,
         5.308466;-0.300000; 2.111859;,
         5.291068;-0.300000; 2.619198;,
         5.291068; 0.300000; 2.619198;,
         5.291068; 0.300000; 2.299198;,
         5.291068;-0.300000; 2.299198;,
         5.291068; 0.300000; 2.619198;,
         6.491067; 0.300000; 2.619198;,
         6.491067; 0.300000; 2.299198;,
         5.291068; 0.300000; 2.299198;,
         6.491067; 0.300000; 2.619198;,
         6.491067;-0.300000; 2.619198;,
         6.491067;-0.300000; 2.299198;,
         6.491067; 0.300000; 2.299198;,
         6.491067;-0.300000; 2.619198;,
         5.291068;-0.300000; 2.619198;,
         5.291068;-0.300000; 2.299198;,
         6.491067;-0.300000; 2.299198;,
         5.291068;-0.300000; 2.299198;,
         5.291068; 0.300000; 2.299198;,
         6.491067; 0.300000; 2.299198;,
         6.491067;-0.300000; 2.299198;,
         6.491067;-0.300000; 2.619198;,
         6.491067; 0.300000; 2.619198;,
         5.291068; 0.300000; 2.619198;,
         5.291068;-0.300000; 2.619198;,
         3.290938; 1.400000;-1.000000;,
         3.290938;-1.400000;-1.000000;,
         0.890938;-1.400000;-1.000000;,
         0.890938; 1.400000;-1.000000;,
         3.290938; 1.399999; 1.000000;,
         0.890938; 1.400000; 1.000000;,
         0.890937;-1.399999; 1.000000;,
         3.290937;-1.400001; 1.000000;,
         3.290938; 1.400000;-1.000000;,
         3.290938; 1.399999; 1.000000;,
         3.290937;-1.400001; 1.000000;,
         3.290938;-1.400000;-1.000000;,
         3.290938;-1.400000;-1.000000;,
         3.290937;-1.400001; 1.000000;,
         0.890937;-1.399999; 1.000000;,
         0.890938;-1.400000;-1.000000;,
         0.890938;-1.400000;-1.000000;,
         0.890937;-1.399999; 1.000000;,
         0.890938; 1.400000; 1.000000;,
         0.890938; 1.400000;-1.000000;,
         3.290938; 1.399999; 1.000000;,
         3.290938; 1.400000;-1.000000;,
         0.890938; 1.400000;-1.000000;,
         0.890938; 1.400000; 1.000000;,
        -3.566474;-1.067982; 1.853770;,
        -3.566474;-0.566466; 2.076221;,
        -2.566475; 0.011479; 0.467610;,
        -2.566475;-0.490036; 0.245159;,
        -3.566474;-0.566466; 2.076221;,
        -3.046859;-0.666570; 2.354841;,
        -2.046860;-0.088624; 0.746230;,
        -2.566475; 0.011479; 0.467610;,
        -3.046859;-0.666570; 2.354841;,
        -3.046859;-1.168085; 2.132389;,
        -2.046860;-0.590139; 0.523779;,
        -2.046860;-0.088624; 0.746230;,
        -3.046859;-1.168085; 2.132389;,
        -3.566474;-1.067982; 1.853770;,
        -2.566475;-0.490036; 0.245159;,
        -2.046860;-0.590139; 0.523779;,
        -2.566475;-0.490036; 0.245159;,
        -2.566475; 0.011479; 0.467610;,
        -2.046860;-0.088624; 0.746230;,
        -2.046860;-0.590139; 0.523779;,
        -3.046859;-1.168085; 2.132389;,
        -3.046859;-0.666570; 2.354841;,
        -3.566474;-0.566466; 2.076221;,
        -3.566474;-1.067982; 1.853770;,
        -3.586521; 0.592410; 2.076192;,
        -3.586521; 1.094346; 1.854915;,
        -2.586521; 0.519453; 0.244955;,
        -2.586521; 0.017517; 0.466231;,
        -3.586521; 1.094346; 1.854915;,
        -3.066905; 1.193920; 2.133769;,
        -2.066906; 0.619027; 0.523808;,
        -2.586521; 0.519453; 0.244955;,
        -3.066905; 1.193920; 2.133769;,
        -3.066905; 0.691984; 2.355045;,
        -2.066906; 0.117091; 0.745085;,
        -2.066906; 0.619027; 0.523808;,
        -3.066905; 0.691984; 2.355045;,
        -3.586521; 0.592410; 2.076192;,
        -2.586521; 0.017517; 0.466231;,
        -2.066906; 0.117091; 0.745085;,
        -2.586521; 0.017517; 0.466231;,
        -2.586521; 0.519453; 0.244955;,
        -2.066906; 0.619027; 0.523808;,
        -2.066906; 0.117091; 0.745085;,
        -3.066905; 0.691984; 2.355045;,
        -3.066905; 1.193920; 2.133769;,
        -3.586521; 1.094346; 1.854915;,
        -3.586521; 0.592410; 2.076192;,
        -3.991683;-0.270000; 2.016025;,
        -3.991683; 0.270000; 2.016025;,
        -2.991683; 0.270000; 0.283975;,
        -2.991683;-0.270000; 0.283975;,
        -3.991683; 0.270000; 2.016025;,
        -3.472068; 0.270000; 2.316025;,
        -2.472069; 0.270000; 0.583975;,
        -2.991683; 0.270000; 0.283975;,
        -3.472068; 0.270000; 2.316025;,
        -3.472068;-0.270000; 2.316025;,
        -2.472069;-0.270000; 0.583975;,
        -2.472069; 0.270000; 0.583975;,
        -3.472068;-0.270000; 2.316025;,
        -3.991683;-0.270000; 2.016025;,
        -2.991683;-0.270000; 0.283975;,
        -2.472069;-0.270000; 0.583975;,
        -2.991683;-0.270000; 0.283975;,
        -2.991683; 0.270000; 0.283975;,
        -2.472069; 0.270000; 0.583975;,
        -2.472069;-0.270000; 0.583975;,
