xof 0303txt 0032

template XSkinMeshHeader {
  <3cf169ce-ff7c-44ab-93c0-f78f62d172e2>
  WORD nMaxSkinWeightsPerVertex;
  WORD nMaxSkinWeightsPerFace;
  WORD nBones;
}

template SkinWeights {
  <6f0d123b-bad2-4167-a0d0-80224f25fabb>
  STRING transformNodeName;
  DWORD nWeights;
  array DWORD vertexIndices[nWeights];
  array float weights[nWeights];
  Matrix4x4 matrixOffset;
}

Frame Root {
  FrameTransformMatrix {
     1.000000, 0.000000, 0.000000, 0.000000,
     0.000000,-0.000000, 1.000000, 0.000000,
     0.000000, 1.000000, 0.000000, 0.000000,
     0.000000, 0.000000, 0.000000, 1.000000;;
  }
  Frame Armature {
    FrameTransformMatrix {
       1.000000, 0.000000, 0.000000, 0.000000,
       0.000000, 1.000000, 0.000000, 0.000000,
       0.000000, 0.000000, 1.000000, 0.000000,
      -0.613315, 0.000000, 0.000000, 1.000000;;
    }
    Frame Armature_Bone {
      FrameTransformMatrix {
        -0.097171, 0.003582,-0.995261, 0.000000,
         0.995200,-0.011311,-0.097206, 0.000000,
        -0.011606,-0.999930,-0.002466, 0.000000,
         0.657584, 0.000000, 0.201553, 1.000000;;
      }
      Frame Armature_Bone_021 {
        FrameTransformMatrix {
           0.929479, 0.368875, 0.000001, 0.000000,
          -0.368875, 0.929479,-0.000000, 0.000000,
          -0.000001, 0.000000, 1.000000, 0.000000,
           0.000000, 0.214030, 0.000000, 1.000000;;
        }
      } // End of Armature_Bone_021
      Frame Armature_Bone_022 {
        FrameTransformMatrix {
          -0.068500, 0.997651,-0.000000, 0.000000,
           0.997651, 0.068500, 0.000001, 0.000000,
           0.000001, 0.000000,-1.000000, 0.000000,
           0.000000, 0.214030, 0.000000, 1.000000;;
        }
        Frame Armature_Bone_023 {
          FrameTransformMatrix {
            -0.000000, 0.000000,-1.000000, 0.000000,
             0.999786, 0.020670, 0.000000, 0.000000,
             0.020670,-0.999786,-0.000000, 0.000000,
            -0.000000, 0.103997, 0.000000, 1.000000;;
          }
        } // End of Armature_Bone_023
      } // End of Armature_Bone_022
      Frame Armature_Bone_024 {
        FrameTransformMatrix {
          -0.000001,-0.000000, 1.000000, 0.000000,
           0.164775, 0.986331, 0.000000, 0.000000,
          -0.986331, 0.164775,-0.000001, 0.000000,
           0.000000, 0.214030, 0.000000, 1.000000;;
        }
        Frame Armature_Bone_025 {
          FrameTransformMatrix {
             0.149657, 0.966182, 0.209988, 0.000000,
            -0.971290, 0.103939, 0.213993, 0.000000,
             0.184930,-0.235985, 0.953998, 0.000000,
             0.000000, 0.094269,-0.000000, 1.000000;;
          }
          Frame Armature_Bone_029 {
            FrameTransformMatrix {
               0.475570,-0.862857, 0.171204, 0.000000,
               0.879454, 0.470748,-0.070403, 0.000000,
              -0.019846, 0.184048, 0.982717, 0.000000,
              -0.000000, 0.151711,-0.000000, 1.000000;;
            }
            Frame Armature_Bone_033 {
              FrameTransformMatrix {
                 0.898478,-0.439019, 0.000000, 0.000000,
                 0.439019, 0.898478, 0.000000, 0.000000,
                -0.000000,-0.000000, 1.000000, 0.000000,
                -0.000000, 0.074382,-0.000000, 1.000000;;
              }
              Frame Armature_Bone_037 {
                FrameTransformMatrix {
                  -0.000000,-1.000000, 0.000000, 0.000000,
                   1.000000,-0.000000,-0.000000, 0.000000,
                   0.000000, 0.000000, 1.000000, 0.000000,
                  -0.000000, 0.069737, 0.000000, 1.000000;;
                }
              } // End of Armature_Bone_037
            } // End of Armature_Bone_033
          } // End of Armature_Bone_029
        } // End of Armature_Bone_025
        Frame Armature_Bone_026 {
          FrameTransformMatrix {
             0.139365, 0.954175, 0.264816, 0.000000,
            -0.972968, 0.181677,-0.142569, 0.000000,
            -0.184147,-0.237788, 0.953702, 0.000000,
             0.000000, 0.094269,-0.000000, 1.000000;;
          }
          Frame Armature_Bone_030 {
            FrameTransformMatrix {
               0.348216,-0.919571,-0.182030, 0.000000,
               0.936712, 0.348845, 0.029611, 0.000000,
               0.036271,-0.180821, 0.982847, 0.000000,
               0.000000, 0.152325,-0.000000, 1.000000;;
            }
            Frame Armature_Bone_034 {
              FrameTransformMatrix {
                 0.973685,-0.227899, 0.000000, 0.000000,
                 0.227899, 0.973685,-0.000000, 0.000000,
                -0.000000, 0.000000, 1.000000, 0.000000,
                -0.000000, 0.074382, 0.000000, 1.000000;;
              }
              Frame Armature_Bone_038 {
                FrameTransformMatrix {
                  -0.000000,-1.000000,-0.000000, 0.000000,
                   1.000000, 0.000000, 0.000000, 0.000000,
                  -0.000000,-0.000000, 1.000000, 0.000000,
                  -0.000000, 0.069736, 0.000000, 1.000000;;
                }
              } // End of Armature_Bone_038
            } // End of Armature_Bone_034
          } // End of Armature_Bone_030
        } // End of Armature_Bone_026
        Frame Armature_Bone_027 {
          FrameTransformMatrix {
            -0.098582, 0.972907, 0.209126, 0.000000,
             0.977578, 0.055387, 0.203157, 0.000000,
             0.186070, 0.224465,-0.956553, 0.000000,
             0.000000, 0.094269,-0.000000, 1.000000;;
          }
          Frame Armature_Bone_031 {
            FrameTransformMatrix {
              -0.468521, 0.866246, 0.173509, 0.000000,
               0.883172, 0.464195, 0.067304, 0.000000,
              -0.022240, 0.184772,-0.982530, 0.000000,
               0.000000, 0.143248,-0.000000, 1.000000;;
            }
            Frame Armature_Bone_035 {
              FrameTransformMatrix {
                 0.869338, 0.494218, 0.000003, 0.000000,
                -0.494218, 0.869338,-0.000001, 0.000000,
                -0.000003,-0.000001, 1.000000, 0.000000,
                -0.000000, 0.074382, 0.000000, 1.000000;;
              }
              Frame Armature_Bone_039 {
                FrameTransformMatrix {
                   0.000000, 1.000000, 0.000005, 0.000000,
                  -1.000000, 0.000000,-0.000000, 0.000000,
                   0.000000,-0.000005, 1.000000, 0.000000,
                   0.000000, 0.069736,-0.000000, 1.000000;;
                }
              } // End of Armature_Bone_039
            } // End of Armature_Bone_035
          } // End of Armature_Bone_031
        } // End of Armature_Bone_027
        Frame Armature_Bone_028 {
          FrameTransformMatrix {
            -0.135273, 0.950495, 0.279750, 0.000000,
             0.970363, 0.184154,-0.156473, 0.000000,
            -0.200244, 0.250292,-0.947236, 0.000000,
             0.000000, 0.094269,-0.000000, 1.000000;;
          }
          Frame Armature_Bone_032 {
            FrameTransformMatrix {
              -0.361222, 0.910716,-0.200290, 0.000000,
               0.931048, 0.364148,-0.023368, 0.000000,
               0.051653,-0.194920,-0.979458, 0.000000,
              -0.000000, 0.146524, 0.000000, 1.000000;;
            }
            Frame Armature_Bone_036 {
              FrameTransformMatrix {
                 0.876484, 0.481432, 0.000001, 0.000000,
                -0.481432, 0.876484,-0.000000, 0.000000,
                -0.000001,-0.000000, 1.000000, 0.000000,
                 0.000000, 0.074382, 0.000000, 1.000000;;
              }
              Frame Armature_Bone_040 {
                FrameTransformMatrix {
                   0.000000, 1.000000, 0.000002, 0.000000,
                  -1.000000, 0.000000, 0.000000, 0.000000,
                  -0.000000,-0.000002, 1.000000, 0.000000,
                  -0.000000, 0.069736,-0.000000, 1.000000;;
                }
              } // End of Armature_Bone_040
            } // End of Armature_Bone_036
          } // End of Armature_Bone_032
        } // End of Armature_Bone_028
      } // End of Armature_Bone_024
    } // End of Armature_Bone
    Frame Armature_Bone_001 {
      FrameTransformMatrix {
         0.000000, 1.000000,-0.000000, 0.000000,
        -0.313828, 0.000000,-0.949480, 0.000000,
        -0.949480,-0.000000, 0.313828, 0.000000,
         0.646715, 0.000000, 0.201553, 1.000000;;
      }
      Frame Armature_Bone_002 {
        FrameTransformMatrix {
           1.000000, 0.000000,-0.000000, 0.000000,
           0.000000,-0.245431, 0.969414, 0.000000,
           0.000000,-0.969414,-0.245431, 0.000000,
          -0.000000, 0.108111, 0.000000, 1.000000;;
        }
        Frame Armature_Bone_003 {
          FrameTransformMatrix {
             1.000000, 0.000000, 0.000000, 0.000000,
             0.000000, 0.571074,-0.820899, 0.000000,
            -0.000000, 0.820899, 0.571074, 0.000000,
            -0.000000, 0.300941, 0.000000, 1.000000;;
          }
          Frame Armature_Bone_004 {
            FrameTransformMatrix {
               1.000000, 0.000000,-0.000000, 0.000000,
               0.000000, 0.977812, 0.209482, 0.000000,
               0.000000,-0.209482, 0.977812, 0.000000,
              -0.000000, 0.336100, 0.000000, 1.000000;;
            }
            Frame Armature_Bone_005 {
              FrameTransformMatrix {
                 1.000000, 0.000000, 0.000000, 0.000000,
                -0.000000, 0.999869, 0.016168, 0.000000,
                -0.000000,-0.016168, 0.999869, 0.000000,
                -0.000000, 0.333557, 0.000000, 1.000000;;
              }
              Frame Armature_Bone_006 {
                FrameTransformMatrix {
                   1.000000, 0.000000,-0.000000, 0.000000,
                   0.000000, 0.989499, 0.144539, 0.000000,
                   0.000000,-0.144539, 0.989499, 0.000000,
                  -0.000000, 0.341533, 0.000000, 1.000000;;
                }
                Frame Armature_Bone_007 {
                  FrameTransformMatrix {
                     1.000000, 0.000000,-0.000000, 0.000000,
                    -0.000000, 0.998763, 0.049725, 0.000000,
                     0.000000,-0.049725, 0.998763, 0.000000,
                    -0.000000, 0.328088,-0.000000, 1.000000;;
                  }
                  Frame Armature_Bone_008 {
                    FrameTransformMatrix {
                       1.000000, 0.000000,-0.000000, 0.000000,
                      -0.000000, 0.999278, 0.037990, 0.000000,
                       0.000000,-0.037990, 0.999278, 0.000000,
                      -0.000000, 0.332430,-0.000000, 1.000000;;
                    }
                  } // End of Armature_Bone_008
                } // End of Armature_Bone_007
              } // End of Armature_Bone_006
            } // End of Armature_Bone_005
          } // End of Armature_Bone_004
        } // End of Armature_Bone_003
      } // End of Armature_Bone_002
      Frame Armature_Bone_009 {
        FrameTransformMatrix {
           0.000000,-0.313828,-0.949480, 0.000000,
           0.937265, 0.331005,-0.109406, 0.000000,
           0.348617,-0.889915, 0.294140, 0.000000,
          -0.000000, 0.108111, 0.000000, 1.000000;;
        }
        Frame Armature_Bone_011 {
          FrameTransformMatrix {
             0.989515, 0.143935, 0.011950, 0.000000,
            -0.144431, 0.986122, 0.081872, 0.000000,
            -0.000000,-0.082740, 0.996571, 0.000000,
             0.000000, 0.181446,-0.000000, 1.000000;;
          }
          Frame Armature_Bone_012 {
            FrameTransformMatrix {
              -0.160630,-0.957917,-0.237895, 0.000000,
               0.982470,-0.132073,-0.131568, 0.000000,
               0.094612,-0.254859, 0.962339, 0.000000,
               0.000000, 0.123408, 0.000000, 1.000000;;
            }
            Frame Armature_Bone_013 {
              FrameTransformMatrix {
                 0.999520, 0.030944, 0.001674, 0.000000,
                -0.030986, 0.997294, 0.066668, 0.000000,
                 0.000394,-0.066688, 0.997774, 0.000000,
                -0.000000, 0.133781,-0.000000, 1.000000;;
              }
            } // End of Armature_Bone_013
            Frame Armature_Bone_014 {
              FrameTransformMatrix {
                 0.703999, 0.708866, 0.043530, 0.000000,
                -0.710191, 0.702344, 0.048391, 0.000000,
                 0.003730,-0.064981, 0.997879, 0.000000,
                -0.000000, 0.133781,-0.000000, 1.000000;;
              }
            } // End of Armature_Bone_014
            Frame Armature_Bone_015 {
              FrameTransformMatrix {
                 0.764115,-0.643847,-0.039865, 0.000000,
                 0.645073, 0.762359, 0.051863, 0.000000,
                -0.003000,-0.065345, 0.997858, 0.000000,
                -0.000000, 0.133781,-0.000000, 1.000000;;
              }
            } // End of Armature_Bone_015
          } // End of Armature_Bone_012
        } // End of Armature_Bone_011
      } // End of Armature_Bone_009
      Frame Armature_Bone_010 {
        FrameTransformMatrix {
           0.000000,-0.313825,-0.949481, 0.000000,
          -0.993980, 0.104029,-0.034384, 0.000000,
           0.109564, 0.943765,-0.311935, 0.000000,
          -0.000000, 0.108111, 0.000000, 1.000000;;
        }
        Frame Armature_Bone_016 {
          FrameTransformMatrix {
            -0.994672,-0.102146,-0.013916, 0.000000,
            -0.103090, 0.985564, 0.134299, 0.000000,
            -0.000003, 0.135018,-0.990843, 0.000000,
            -0.000000, 0.167277, 0.000000, 1.000000;;
          }
          Frame Armature_Bone_017 {
            FrameTransformMatrix {
              -0.079325, 0.978182, 0.192007, 0.000000,
              -0.990638,-0.055886,-0.124555, 0.000000,
              -0.111107,-0.200090, 0.973457, 0.000000,
              -0.000000, 0.134486,-0.000000, 1.000000;;
            }
            Frame Armature_Bone_018 {
              FrameTransformMatrix {
                 0.732624,-0.680625,-0.003541, 0.000000,
                 0.680633, 0.732607, 0.004965, 0.000000,
                -0.000785,-0.006048, 0.999981, 0.000000,
                -0.000000, 0.147940,-0.000000, 1.000000;;
              }
            } // End of Armature_Bone_018
            Frame Armature_Bone_019 {
              FrameTransformMatrix {
                 0.999987, 0.004994, 0.000829, 0.000000,
                -0.004999, 0.999969, 0.006058, 0.000000,
                -0.000798,-0.006063, 0.999981, 0.000000,
                -0.000000, 0.147940,-0.000000, 1.000000;;
              }
            } // End of Armature_Bone_019
            Frame Armature_Bone_020 {
              FrameTransformMatrix {
                 0.636960, 0.770880, 0.005155, 0.000000,
                -0.770791, 0.636968,-0.012325, 0.000000,
                -0.012785, 0.003877, 0.999911, 0.000000,
                -0.000000, 0.147940,-0.000000, 1.000000;;
              }
            } // End of Armature_Bone_020
          } // End of Armature_Bone_017
        } // End of Armature_Bone_016
      } // End of Armature_Bone_010
    } // End of Armature_Bone_001
    Frame Cube_005 {
      FrameTransformMatrix {
        -0.163778,-0.000000, 0.000000, 0.000000,
         0.000000,-0.163778, 0.000000, 0.000000,
         0.000000, 0.000000, 0.163778, 0.000000,
         0.160636, 0.000000, 0.200569, 1.000000;;
      }
      Mesh { // Cube_005 mesh
        768;
        -2.892131; 2.666972;-0.816290;,
        -2.892131; 3.481548;-0.816290;,
        -2.764508; 3.481548;-0.816290;,
        -2.764508; 2.666972;-0.816290;,
        -2.892131; 2.666972;-0.692810;,
        -2.764508; 2.666972;-0.692810;,
        -2.764508; 3.481547;-0.692810;,
        -2.892131; 3.481548;-0.692810;,
        -2.892131; 2.666972;-0.816290;,
        -2.892131; 2.666972;-0.692810;,
        -2.892131; 3.481548;-0.692810;,
        -2.892131; 3.481548;-0.816290;,
        -2.892131; 3.481548;-0.816290;,
        -2.892131; 3.481548;-0.692810;,
        -2.764508; 3.481547;-0.692810;,
        -2.764508; 3.481548;-0.816290;,
        -2.764508; 3.481548;-0.816290;,
        -2.764508; 3.481547;-0.692810;,
        -2.764508; 2.666972;-0.692810;,
        -2.764508; 2.666972;-0.816290;,
        -2.892131; 2.666972;-0.692810;,
        -2.892131; 2.666972;-0.816290;,
        -2.764508; 2.666972;-0.816290;,
        -2.764508; 2.666972;-0.692810;,
        -2.521314; 2.666972;-0.816290;,
        -2.521314; 3.481548;-0.816290;,
        -2.393691; 3.481548;-0.816290;,
        -2.393691; 2.666972;-0.816290;,
        -2.521314; 2.666972;-0.692810;,
        -2.393691; 2.666972;-0.692810;,
        -2.393691; 3.481547;-0.692810;,
        -2.521314; 3.481548;-0.692810;,
        -2.521314; 2.666972;-0.816290;,
        -2.521314; 2.666972;-0.692810;,
        -2.521314; 3.481548;-0.692810;,
        -2.521314; 3.481548;-0.816290;,
        -2.521314; 3.481548;-0.816290;,
        -2.521314; 3.481548;-0.692810;,
        -2.393691; 3.481547;-0.692810;,
        -2.393691; 3.481548;-0.816290;,
        -2.393691; 3.481548;-0.816290;,
        -2.393691; 3.481547;-0.692810;,
        -2.393691; 2.666972;-0.692810;,
        -2.393691; 2.666972;-0.816290;,
        -2.521314; 2.666972;-0.692810;,
        -2.521314; 2.666972;-0.816290;,
        -2.393691; 2.666972;-0.816290;,
        -2.393691; 2.666972;-0.692810;,
        -2.699968; 2.666972;-0.816290;,
        -2.699968; 3.481548;-0.816290;,
        -2.572344; 3.481548;-0.816290;,
        -2.572344; 2.666972;-0.816290;,
        -2.699968; 2.666972;-0.692810;,
        -2.572344; 2.666972;-0.692810;,
        -2.572344; 3.481547;-0.692810;,
        -2.699968; 3.481548;-0.692810;,
        -2.699968; 2.666972;-0.816290;,
        -2.699968; 2.666972;-0.692810;,
        -2.699968; 3.481548;-0.692810;,
        -2.699968; 3.481548;-0.816290;,
        -2.699968; 3.481548;-0.816290;,
        -2.699968; 3.481548;-0.692810;,
        -2.572344; 3.481547;-0.692810;,
        -2.572344; 3.481548;-0.816290;,
        -2.572344; 3.481548;-0.816290;,
        -2.572344; 3.481547;-0.692810;,
        -2.572344; 2.666972;-0.692810;,
        -2.572344; 2.666972;-0.816290;,
        -2.699968; 2.666972;-0.692810;,
        -2.699968; 2.666972;-0.816290;,
        -2.572344; 2.666972;-0.816290;,
        -2.572344; 2.666972;-0.692810;,
        -2.785745; 1.847182;-0.854292;,
        -2.785745; 2.661758;-0.854292;,
        -2.486566; 2.661757;-0.854292;,
        -2.486566; 1.847182;-0.854292;,
        -2.785745; 1.847182;-0.654807;,
        -2.486566; 1.847182;-0.654807;,
        -2.486566; 2.661757;-0.654807;,
        -2.785745; 2.661758;-0.654807;,
        -2.785745; 1.847182;-0.854292;,
        -2.785745; 1.847182;-0.654807;,
        -2.785745; 2.661758;-0.654807;,
        -2.785745; 2.661758;-0.854292;,
        -2.785745; 2.661758;-0.854292;,
        -2.785745; 2.661758;-0.654807;,
        -2.486566; 2.661757;-0.654807;,
        -2.486566; 2.661757;-0.854292;,
        -2.486566; 2.661757;-0.854292;,
        -2.486566; 2.661757;-0.654807;,
        -2.486566; 1.847182;-0.654807;,
        -2.486566; 1.847182;-0.854292;,
        -2.785745; 1.847182;-0.654807;,
        -2.785745; 1.847182;-0.854292;,
        -2.486566; 1.847182;-0.854292;,
        -2.486566; 1.847182;-0.654807;,
        -2.837796; 1.014604;-0.918218;,
        -2.837796; 1.829180;-0.918218;,
        -2.434515; 1.829180;-0.918218;,
        -2.434515; 1.014604;-0.918218;,
        -2.837796; 1.014604;-0.590882;,
        -2.434515; 1.014604;-0.590882;,
        -2.434515; 1.829180;-0.590882;,
        -2.837796; 1.829180;-0.590882;,
        -2.837796; 1.014604;-0.918218;,
        -2.837796; 1.014604;-0.590882;,
        -2.837796; 1.829180;-0.590882;,
        -2.837796; 1.829180;-0.918218;,
        -2.837796; 1.829180;-0.918218;,
        -2.837796; 1.829180;-0.590882;,
        -2.434515; 1.829180;-0.590882;,
        -2.434515; 1.829180;-0.918218;,
        -2.434515; 1.829180;-0.918218;,
        -2.434515; 1.829180;-0.590882;,
        -2.434515; 1.014604;-0.590882;,
        -2.434515; 1.014604;-0.918218;,
        -2.837796; 1.014604;-0.590882;,
        -2.837796; 1.014604;-0.918218;,
        -2.434515; 1.014604;-0.918218;,
        -2.434515; 1.014604;-0.590882;,
        -5.908284; 0.803263;-0.014669;,
        -5.956058; 0.800972;-0.014692;,
        -5.944205; 0.553852;-0.017232;,
        -5.896431; 0.556143;-0.017208;,
        -5.908284; 0.803865;-0.073263;,
        -5.896431; 0.556745;-0.075803;,
        -5.944205; 0.554454;-0.075826;,
        -5.956058; 0.801574;-0.073287;,
        -5.908284; 0.803263;-0.014669;,
        -5.908284; 0.803865;-0.073263;,
        -5.956058; 0.801574;-0.073287;,
        -5.956058; 0.800972;-0.014692;,
        -5.956058; 0.800972;-0.014692;,
        -5.956058; 0.801574;-0.073287;,
        -5.944205; 0.554454;-0.075826;,
        -5.944205; 0.553852;-0.017232;,
        -5.944205; 0.553852;-0.017232;,
        -5.944205; 0.554454;-0.075826;,
        -5.896431; 0.556745;-0.075803;,
        -5.896431; 0.556143;-0.017208;,
        -5.908284; 0.803865;-0.073263;,
        -5.908284; 0.803263;-0.014669;,
        -5.896431; 0.556143;-0.017208;,
        -5.896431; 0.556745;-0.075803;,
        -5.055919; 0.928374; 0.005396;,
        -5.505030; 0.906835; 0.005174;,
        -5.499822; 0.798254; 0.004059;,
        -5.050711; 0.819793; 0.004280;,
        -5.055919; 0.929362;-0.090753;,
        -5.050711; 0.820781;-0.091868;,
        -5.499822; 0.799242;-0.092090;,
        -5.505030; 0.907823;-0.090974;,
        -5.055919; 0.928374; 0.005396;,
        -5.055919; 0.929362;-0.090753;,
        -5.505030; 0.907823;-0.090974;,
        -5.505030; 0.906835; 0.005174;,
        -5.505030; 0.906835; 0.005174;,
        -5.505030; 0.907823;-0.090974;,
        -5.499822; 0.799242;-0.092090;,
        -5.499822; 0.798254; 0.004059;,
        -5.499822; 0.798254; 0.004059;,
        -5.499822; 0.799242;-0.092090;,
        -5.050711; 0.820781;-0.091868;,
        -5.050711; 0.819793; 0.004280;,
        -5.055919; 0.929362;-0.090753;,
        -5.055919; 0.928374; 0.005396;,
        -5.050711; 0.819793; 0.004280;,
        -5.050711; 0.820781;-0.091868;,
        -5.513569; 0.903951;-0.013634;,
        -5.962680; 0.882413;-0.013855;,
        -5.958817; 0.801861;-0.014683;,
        -5.509706; 0.823399;-0.014462;,
        -5.513569; 0.904553;-0.072229;,
        -5.509706; 0.824001;-0.073056;,
        -5.958817; 0.802463;-0.073278;,
        -5.962681; 0.883015;-0.072450;,
        -5.513569; 0.903951;-0.013634;,
        -5.513569; 0.904553;-0.072229;,
        -5.962681; 0.883015;-0.072450;,
        -5.962680; 0.882413;-0.013855;,
        -5.962680; 0.882413;-0.013855;,
        -5.962681; 0.883015;-0.072450;,
        -5.958817; 0.802463;-0.073278;,
        -5.958817; 0.801861;-0.014683;,
        -5.958817; 0.801861;-0.014683;,
        -5.958817; 0.802463;-0.073278;,
        -5.509706; 0.824001;-0.073056;,
        -5.509706; 0.823399;-0.014462;,
        -5.513569; 0.904553;-0.072229;,
        -5.513569; 0.903951;-0.013634;,
        -5.509706; 0.823399;-0.014462;,
        -5.509706; 0.824001;-0.073056;,
        -5.908284; 0.806853;-0.364109;,
        -5.956058; 0.804562;-0.364133;,
        -5.944205; 0.557442;-0.366672;,
        -5.896431; 0.559734;-0.366649;,
        -5.908284; 0.807456;-0.422704;,
        -5.896431; 0.560336;-0.425243;,
        -5.944205; 0.558044;-0.425267;,
        -5.956058; 0.805164;-0.422727;,
        -5.908284; 0.806853;-0.364109;,
        -5.908284; 0.807456;-0.422704;,
        -5.956058; 0.805164;-0.422727;,
        -5.956058; 0.804562;-0.364133;,
        -5.956058; 0.804562;-0.364133;,
        -5.956058; 0.805164;-0.422727;,
        -5.944205; 0.558044;-0.425267;,
        -5.944205; 0.557442;-0.366672;,
        -5.944205; 0.557442;-0.366672;,
        -5.944205; 0.558044;-0.425267;,
        -5.896431; 0.560336;-0.425243;,
        -5.896431; 0.559734;-0.366649;,
        -5.908284; 0.807456;-0.422704;,
        -5.908284; 0.806853;-0.364109;,
        -5.896431; 0.559734;-0.366649;,
        -5.896431; 0.560336;-0.425243;,
        -5.055919; 0.931964;-0.344045;,
        -5.505030; 0.910426;-0.344266;,
        -5.499822; 0.801845;-0.345382;,
        -5.050711; 0.823383;-0.345160;,
        -5.055919; 0.932952;-0.440193;,
        -5.050711; 0.824371;-0.441309;,
        -5.499822; 0.802833;-0.441530;,
        -5.505030; 0.911414;-0.440414;,
        -5.055919; 0.931964;-0.344045;,
        -5.055919; 0.932952;-0.440193;,
        -5.505030; 0.911414;-0.440414;,
        -5.505030; 0.910426;-0.344266;,
        -5.505030; 0.910426;-0.344266;,
        -5.505030; 0.911414;-0.440414;,
        -5.499822; 0.802833;-0.441530;,
        -5.499822; 0.801845;-0.345382;,
        -5.499822; 0.801845;-0.345382;,
        -5.499822; 0.802833;-0.441530;,
        -5.050711; 0.824371;-0.441309;,
        -5.050711; 0.823383;-0.345160;,
        -5.055919; 0.932952;-0.440193;,
        -5.055919; 0.931964;-0.344045;,
        -5.050711; 0.823383;-0.345160;,
        -5.050711; 0.824371;-0.441309;,
        -5.513569; 0.907542;-0.363075;,
        -5.962680; 0.886004;-0.363296;,
        -5.958817; 0.805451;-0.364124;,
        -5.509706; 0.826990;-0.363902;,
        -5.513569; 0.908144;-0.421669;,
        -5.509706; 0.827592;-0.422497;,
        -5.958817; 0.806053;-0.422718;,
        -5.962681; 0.886606;-0.421890;,
        -5.513569; 0.907542;-0.363075;,
        -5.513569; 0.908144;-0.421669;,
        -5.962681; 0.886606;-0.421890;,
        -5.962680; 0.886004;-0.363296;,
        -5.962680; 0.886004;-0.363296;,
        -5.962681; 0.886606;-0.421890;,
        -5.958817; 0.806053;-0.422718;,
        -5.958817; 0.805451;-0.364124;,
        -5.958817; 0.805451;-0.364124;,
        -5.958817; 0.806053;-0.422718;,
        -5.509706; 0.827592;-0.422497;,
        -5.509706; 0.826990;-0.363902;,
        -5.513569; 0.908144;-0.421669;,
        -5.513569; 0.907542;-0.363075;,
        -5.509706; 0.826990;-0.363902;,
        -5.509706; 0.827592;-0.422497;,
        -5.908284;-0.838304;-0.072637;,
        -5.956058;-0.836013;-0.072637;,
        -5.944205;-0.588880;-0.072637;,
        -5.896431;-0.591171;-0.072637;,
        -5.908284;-0.838304;-0.014039;,
        -5.896431;-0.591171;-0.014039;,
        -5.944205;-0.588880;-0.014039;,
        -5.956058;-0.836013;-0.014039;,
        -5.908284;-0.838304;-0.072637;,
        -5.908284;-0.838304;-0.014039;,
        -5.956058;-0.836013;-0.014039;,
        -5.956058;-0.836013;-0.072637;,
        -5.956058;-0.836013;-0.072637;,
        -5.956058;-0.836013;-0.014039;,
        -5.944205;-0.588880;-0.014039;,
        -5.944205;-0.588880;-0.072637;,
        -5.944205;-0.588880;-0.072637;,
        -5.944205;-0.588880;-0.014039;,
        -5.896431;-0.591171;-0.014039;,
        -5.896431;-0.591171;-0.072637;,
        -5.908284;-0.838304;-0.014039;,
        -5.908284;-0.838304;-0.072637;,
        -5.896431;-0.591171;-0.072637;,
        -5.896431;-0.591171;-0.014039;,
        -5.055919;-0.963615;-0.091414;,
        -5.505030;-0.942075;-0.091414;,
        -5.499822;-0.833488;-0.091414;,
        -5.050711;-0.855028;-0.091414;,
        -5.055919;-0.963615; 0.004739;,
        -5.050711;-0.855028; 0.004739;,
        -5.499822;-0.833488; 0.004739;,
        -5.505030;-0.942075; 0.004739;,
        -5.055919;-0.963615;-0.091414;,
        -5.055919;-0.963615; 0.004739;,
        -5.505030;-0.942075; 0.004739;,
        -5.505030;-0.942075;-0.091414;,
        -5.505030;-0.942075;-0.091414;,
        -5.505030;-0.942075; 0.004739;,
        -5.499822;-0.833488; 0.004739;,
        -5.499822;-0.833488;-0.091414;,
        -5.499822;-0.833488;-0.091414;,
        -5.499822;-0.833488; 0.004739;,
        -5.050711;-0.855028; 0.004739;,
        -5.050711;-0.855028;-0.091414;,
        -5.055919;-0.963615; 0.004739;,
        -5.055919;-0.963615;-0.091414;,
        -5.050711;-0.855028;-0.091414;,
        -5.050711;-0.855028; 0.004739;,
        -5.513569;-0.938998;-0.072637;,
        -5.962680;-0.917459;-0.072637;,
        -5.958817;-0.836902;-0.072637;,
        -5.509706;-0.858442;-0.072637;,
        -5.513569;-0.938998;-0.014039;,
        -5.509706;-0.858442;-0.014039;,
        -5.958817;-0.836902;-0.014039;,
        -5.962681;-0.917459;-0.014039;,
        -5.513569;-0.938998;-0.072637;,
        -5.513569;-0.938998;-0.014039;,
        -5.962681;-0.917459;-0.014039;,
        -5.962680;-0.917459;-0.072637;,
        -5.962680;-0.917459;-0.072637;,
        -5.962681;-0.917459;-0.014039;,
        -5.958817;-0.836902;-0.014039;,
        -5.958817;-0.836902;-0.072637;,
        -5.958817;-0.836902;-0.072637;,
        -5.958817;-0.836902;-0.014039;,
        -5.509706;-0.858442;-0.014039;,
        -5.509706;-0.858442;-0.072637;,
        -5.513569;-0.938998;-0.014039;,
        -5.513569;-0.938998;-0.072637;,
        -5.509706;-0.858442;-0.072637;,
        -5.509706;-0.858442;-0.014039;,
        -5.908284;-0.838304;-0.422096;,
        -5.956058;-0.836013;-0.422096;,
        -5.944205;-0.588880;-0.422096;,
        -5.896431;-0.591171;-0.422096;,
        -5.908284;-0.838304;-0.363498;,
        -5.896431;-0.591171;-0.363498;,
        -5.944205;-0.588880;-0.363498;,
        -5.956058;-0.836013;-0.363498;,
        -5.908284;-0.838304;-0.422096;,
        -5.908284;-0.838304;-0.363498;,
        -5.956058;-0.836013;-0.363498;,
        -5.956058;-0.836013;-0.422096;,
        -5.956058;-0.836013;-0.422096;,
        -5.956058;-0.836013;-0.363498;,
        -5.944205;-0.588880;-0.363498;,
        -5.944205;-0.588880;-0.422096;,
        -5.944205;-0.588880;-0.422096;,
        -5.944205;-0.588880;-0.363498;,
        -5.896431;-0.591171;-0.363498;,
        -5.896431;-0.591171;-0.422096;,
        -5.908284;-0.838304;-0.363498;,
        -5.908284;-0.838304;-0.422096;,
        -5.896431;-0.591171;-0.422096;,
        -5.896431;-0.591171;-0.363498;,
        -5.055919;-0.963615;-0.440873;,
        -5.505030;-0.942075;-0.440873;,
        -5.499822;-0.833488;-0.440873;,
        -5.050711;-0.855028;-0.440873;,
        -5.055919;-0.963615;-0.344720;,
        -5.050711;-0.855028;-0.344720;,
        -5.499822;-0.833488;-0.344720;,
        -5.505030;-0.942075;-0.344720;,
        -5.055919;-0.963615;-0.440873;,
        -5.055919;-0.963615;-0.344720;,
        -5.505030;-0.942075;-0.344720;,
        -5.505030;-0.942075;-0.440873;,
        -5.505030;-0.942075;-0.440873;,
        -5.505030;-0.942075;-0.344720;,
        -5.499822;-0.833488;-0.344720;,
        -5.499822;-0.833488;-0.440873;,
        -5.499822;-0.833488;-0.440873;,
        -5.499822;-0.833488;-0.344720;,
        -5.050711;-0.855028;-0.344720;,
        -5.050711;-0.855028;-0.440873;,
        -5.055919;-0.963615;-0.344720;,
        -5.055919;-0.963615;-0.440873;,
        -5.050711;-0.855028;-0.440873;,
        -5.050711;-0.855028;-0.344720;,
        -5.513569;-0.938998;-0.422096;,
        -5.962680;-0.917459;-0.422096;,
        -5.958817;-0.836902;-0.422096;,
        -5.509706;-0.858442;-0.422096;,
        -5.513569;-0.938998;-0.363498;,
        -5.509706;-0.858442;-0.363498;,
        -5.958817;-0.836902;-0.363498;,
        -5.962681;-0.917459;-0.363498;,
        -5.513569;-0.938998;-0.422096;,
        -5.513569;-0.938998;-0.363498;,
        -5.962681;-0.917459;-0.363498;,
        -5.962680;-0.917459;-0.422096;,
        -5.962680;-0.917459;-0.422096;,
        -5.962681;-0.917459;-0.363498;,
        -5.958817;-0.836902;-0.363498;,
        -5.958817;-0.836902;-0.422096;,
        -5.958817;-0.836902;-0.422096;,
        -5.958817;-0.836902;-0.363498;,
        -5.509706;-0.858442;-0.363498;,
        -5.509706;-0.858442;-0.422096;,
        -5.513569;-0.938998;-0.363498;,
        -5.513569;-0.938998;-0.422096;,
        -5.509706;-0.858442;-0.422096;,
        -5.509706;-0.858442;-0.363498;,
        -5.054115; 0.786826;-0.869789;,
        -5.054115;-0.786826;-0.869789;,
        -5.684277;-0.786825;-0.869789;,
        -5.684277; 0.786826;-0.869789;,
        -5.054115; 0.786825;-0.609649;,
        -5.684277; 0.786826;-0.609649;,
        -5.684277;-0.786825;-0.609649;,
        -5.054115;-0.786826;-0.609649;,
        -5.054115; 0.786826;-0.869789;,
        -5.054115; 0.786825;-0.609649;,
        -5.054115;-0.786826;-0.609649;,
        -5.054115;-0.786826;-0.869789;,
        -5.054115;-0.786826;-0.869789;,
        -5.054115;-0.786826;-0.609649;,
        -5.684277;-0.786825;-0.609649;,
        -5.684277;-0.786825;-0.869789;,
        -5.684277;-0.786825;-0.869789;,
        -5.684277;-0.786825;-0.609649;,
        -5.684277; 0.786826;-0.609649;,
        -5.684277; 0.786826;-0.869789;,
        -5.054115; 0.786825;-0.609649;,
        -5.054115; 0.786826;-0.869789;,
        -5.684277; 0.786826;-0.869789;,
        -5.684277; 0.786826;-0.609649;,
        -2.380180;-2.664093;-0.816290;,
        -2.380180;-3.478668;-0.816290;,
        -2.507803;-3.478668;-0.816290;,
        -2.507803;-2.664093;-0.816290;,
        -2.380180;-2.664093;-0.692810;,
        -2.507803;-2.664093;-0.692810;,
        -2.507803;-3.478668;-0.692810;,
        -2.380180;-3.478668;-0.692810;,
        -2.380180;-2.664093;-0.816290;,
        -2.380180;-2.664093;-0.692810;,
        -2.380180;-3.478668;-0.692810;,
        -2.380180;-3.478668;-0.816290;,
        -2.380180;-3.478668;-0.816290;,
        -2.380180;-3.478668;-0.692810;,
        -2.507803;-3.478668;-0.692810;,
        -2.507803;-3.478668;-0.816290;,
        -2.507803;-3.478668;-0.816290;,
        -2.507803;-3.478668;-0.692810;,
        -2.507803;-2.664093;-0.692810;,
        -2.507803;-2.664093;-0.816290;,
        -2.380180;-2.664093;-0.692810;,
        -2.380180;-2.664093;-0.816290;,
        -2.507803;-2.664093;-0.816290;,
        -2.507803;-2.664093;-0.692810;,
        -2.750997;-2.664093;-0.816290;,
        -2.750997;-3.478668;-0.816290;,
        -2.878621;-3.478668;-0.816290;,
        -2.878621;-2.664093;-0.816290;,
        -2.750997;-2.664093;-0.692810;,
        -2.878621;-2.664093;-0.692810;,
        -2.878621;-3.478668;-0.692810;,
        -2.750997;-3.478668;-0.692810;,
        -2.750997;-2.664093;-0.816290;,
        -2.750997;-2.664093;-0.692810;,
        -2.750997;-3.478668;-0.692810;,
        -2.750997;-3.478668;-0.816290;,
        -2.750997;-3.478668;-0.816290;,
        -2.750997;-3.478668;-0.692810;,
        -2.878621;-3.478668;-0.692810;,
        -2.878621;-3.478668;-0.816290;,
        -2.878621;-3.478668;-0.816290;,
        -2.878621;-3.478668;-0.692810;,
        -2.878621;-2.664093;-0.692810;,
        -2.878621;-2.664093;-0.816290;,
        -2.750997;-2.664093;-0.692810;,
        -2.750997;-2.664093;-0.816290;,
        -2.878621;-2.664093;-0.816290;,
        -2.878621;-2.664093;-0.692810;,
        -2.572344;-2.664093;-0.816290;,
        -2.572344;-3.478668;-0.816290;,
        -2.699967;-3.478668;-0.816290;,
        -2.699967;-2.664093;-0.816290;,
        -2.572344;-2.664093;-0.692810;,
        -2.699967;-2.664093;-0.692810;,
        -2.699967;-3.478668;-0.692810;,
        -2.572344;-3.478668;-0.692810;,
        -2.572344;-2.664093;-0.816290;,
        -2.572344;-2.664093;-0.692810;,
        -2.572344;-3.478668;-0.692810;,
        -2.572344;-3.478668;-0.816290;,
        -2.572344;-3.478668;-0.816290;,
        -2.572344;-3.478668;-0.692810;,
        -2.699967;-3.478668;-0.692810;,
        -2.699967;-3.478668;-0.816290;,
        -2.699967;-3.478668;-0.816290;,
        -2.699967;-3.478668;-0.692810;,
        -2.699967;-2.664093;-0.692810;,
        -2.699967;-2.664093;-0.816290;,
        -2.572344;-2.664093;-0.692810;,
        -2.572344;-2.664093;-0.816290;,
        -2.699967;-2.664093;-0.816290;,
        -2.699967;-2.664093;-0.692810;,
        -2.486566;-1.844303;-0.854292;,
        -2.486566;-2.658879;-0.854292;,
        -2.785745;-2.658878;-0.854292;,
        -2.785745;-1.844303;-0.854292;,
        -2.486566;-1.844303;-0.654807;,
        -2.785745;-1.844303;-0.654807;,
        -2.785745;-2.658878;-0.654807;,
        -2.486566;-2.658879;-0.654807;,
        -2.486566;-1.844303;-0.854292;,
        -2.486566;-1.844303;-0.654807;,
        -2.486566;-2.658879;-0.654807;,
        -2.486566;-2.658879;-0.854292;,
        -2.486566;-2.658879;-0.854292;,
        -2.486566;-2.658879;-0.654807;,
        -2.785745;-2.658878;-0.654807;,
        -2.785745;-2.658878;-0.854292;,
        -2.785745;-2.658878;-0.854292;,
        -2.785745;-2.658878;-0.654807;,
        -2.785745;-1.844303;-0.654807;,
        -2.785745;-1.844303;-0.854292;,
        -2.486566;-1.844303;-0.654807;,
        -2.486566;-1.844303;-0.854292;,
        -2.785745;-1.844303;-0.854292;,
        -2.785745;-1.844303;-0.654807;,
        -2.434515;-1.011725;-0.918218;,
        -2.434515;-1.826301;-0.918218;,
        -2.837796;-1.826301;-0.918218;,
        -2.837796;-1.011725;-0.918218;,
        -2.434515;-1.011725;-0.590882;,
        -2.837796;-1.011725;-0.590882;,
        -2.837796;-1.826301;-0.590882;,
        -2.434515;-1.826301;-0.590882;,
        -2.434515;-1.011725;-0.918218;,
        -2.434515;-1.011725;-0.590882;,
        -2.434515;-1.826301;-0.590882;,
        -2.434515;-1.826301;-0.918218;,
        -2.434515;-1.826301;-0.918218;,
        -2.434515;-1.826301;-0.590882;,
        -2.837796;-1.826301;-0.590882;,
        -2.837796;-1.826301;-0.918218;,
        -2.837796;-1.826301;-0.918218;,
        -2.837796;-1.826301;-0.590882;,
        -2.837796;-1.011725;-0.590882;,
        -2.837796;-1.011725;-0.918218;,
        -2.434515;-1.011725;-0.590882;,
        -2.434515;-1.011725;-0.918218;,
        -2.837796;-1.011725;-0.918218;,
        -2.837796;-1.011725;-0.590882;,
        -5.054115; 0.786826; 0.192385;,
        -5.054115;-0.786826; 0.192385;,
        -5.684277;-0.786825; 0.192385;,
        -5.684277; 0.786826; 0.192385;,
        -5.054115; 0.786825; 0.452525;,
        -5.684277; 0.786826; 0.452525;,
        -5.684277;-0.786825; 0.452525;,
        -5.054115;-0.786826; 0.452525;,
        -5.054115; 0.786826; 0.192385;,
        -5.054115; 0.786825; 0.452525;,
        -5.054115;-0.786826; 0.452525;,
        -5.054115;-0.786826; 0.192385;,
        -5.054115;-0.786826; 0.192385;,
        -5.054115;-0.786826; 0.452525;,
        -5.684277;-0.786825; 0.452525;,
        -5.684277;-0.786825; 0.192385;,
        -5.684277;-0.786825; 0.192385;,
        -5.684277;-0.786825; 0.452525;,
        -5.684277; 0.786826; 0.452525;,
        -5.684277; 0.786826; 0.192385;,
        -5.054115; 0.786825; 0.452525;,
        -5.054115; 0.786826; 0.192385;,
        -5.684277; 0.786826; 0.192385;,
        -5.684277; 0.786826; 0.452525;,
        -3.052222; 1.000000;-1.000000;,
        -3.052222;-1.000000;-1.000000;,
        -5.052222;-1.000000;-1.000000;,
        -5.052222; 1.000000;-1.000000;,
        -3.052222; 0.999999; 1.000000;,
        -5.052222; 1.000000; 1.000000;,
        -5.052223;-1.000000; 1.000000;,
        -3.052223;-1.000001; 1.000000;,
        -3.052222; 1.000000;-1.000000;,
        -3.052222; 0.999999; 1.000000;,
        -3.052223;-1.000001; 1.000000;,
        -3.052222;-1.000000;-1.000000;,
        -3.052222;-1.000000;-1.000000;,
        -3.052223;-1.000001; 1.000000;,
        -5.052223;-1.000000; 1.000000;,
        -5.052222;-1.000000;-1.000000;,
