xof 0303txt 0032

template XSkinMeshHeader {
  <3cf169ce-ff7c-44ab-93c0-f78f62d172e2>
  WORD nMaxSkinWeightsPerVertex;
  WORD nMaxSkinWeightsPerFace;
  WORD nBones;
}

template SkinWeights {
  <6f0d123b-bad2-4167-a0d0-80224f25fabb>
  STRING transformNodeName;
  DWORD nWeights;
  array DWORD vertexIndices[nWeights];
  array float weights[nWeights];
  Matrix4x4 matrixOffset;
}

Frame Root {
  FrameTransformMatrix {
     1.000000, 0.000000, 0.000000, 0.000000,
     0.000000,-0.000000, 1.000000, 0.000000,
     0.000000, 1.000000, 0.000000, 0.000000,
     0.000000, 0.000000, 0.000000, 1.000000;;
  }
  Frame Armature {
    FrameTransformMatrix {
       1.000000, 0.000000, 0.000000, 0.000000,
       0.000000, 1.000000, 0.000000, 0.000000,
       0.000000, 0.000000, 1.000000, 0.000000,
       0.000000, 0.000000, 0.000000, 1.000000;;
    }
    Frame Armature_Bone {
      FrameTransformMatrix {
         0.000000,-0.063115, 0.998006, 0.000000,
         0.000000,-0.998006,-0.063115, 0.000000,
         1.000012,-0.000001,-0.000000, 0.000000,
        -0.000102, 0.141068, 0.374228, 1.000000;;
      }
      Frame Armature_Bone_001 {
        FrameTransformMatrix {
          -0.000000, 0.000000,-1.000000, 0.000000,
           0.440720, 0.897645,-0.000000, 0.000000,
           0.897645,-0.440720,-0.000001, 0.000000,
          -0.000000, 0.274451,-0.000000, 1.000000;;
        }
      } // End of Armature_Bone_001
    } // End of Armature_Bone
    Frame Armature_Bone_002 {
      FrameTransformMatrix {
         1.000000, 0.000000, 0.000000, 0.000000,
        -0.000000, 1.000000, 0.000000, 0.000000,
         0.000000, 0.000000, 1.000000, 0.000000,
        -0.000102, 0.141068, 0.374228, 1.000000;;
      }
      Frame Armature_Bone_003 {
        FrameTransformMatrix {
           0.982125,-0.188218, 0.001892, 0.000000,
           0.187522, 0.979265, 0.076645, 0.000000,
          -0.016279,-0.074921, 0.997057, 0.000000,
          -0.000000, 0.645495, 0.000000, 1.000000;;
        }
        Frame Armature_Bone_005 {
          FrameTransformMatrix {
            -0.187751, 0.969820,-0.155559, 0.000000,
             0.013383,-0.155834,-0.987692, 0.000000,
            -0.982125,-0.187522, 0.016279, 0.000000,
             0.000000, 0.961194, 0.000000, 1.000000;;
          }
          Frame Armature_Bone_008 {
            FrameTransformMatrix {
               0.993410,-0.114615,-0.000000, 0.000000,
               0.114615, 0.993410, 0.000000, 0.000000,
               0.000000,-0.000000, 1.000000, 0.000000,
               0.000000, 0.434909,-0.000000, 1.000000;;
            }
          } // End of Armature_Bone_008
        } // End of Armature_Bone_005
      } // End of Armature_Bone_003
      Frame Armature_Bone_004 {
        FrameTransformMatrix {
           0.980926, 0.194383,-0.000000, 0.000000,
          -0.193684, 0.977399, 0.084724, 0.000000,
           0.016469,-0.083108, 0.996404, 0.000000,
          -0.000000, 0.645495, 0.000000, 1.000000;;
        }
        Frame Armature_Bone_006 {
          FrameTransformMatrix {
             0.194190, 0.972660,-0.127370, 0.000000,
            -0.008651,-0.128139,-0.991719, 0.000000,
            -0.980926, 0.193684,-0.016469, 0.000000,
             0.000000, 0.949431,-0.000000, 1.000000;;
          }
          Frame Armature_Bone_007 {
            FrameTransformMatrix {
               0.996138,-0.087802,-0.000001, 0.000000,
               0.087802, 0.996138,-0.000000, 0.000000,
               0.000001,-0.000000, 1.000000, 0.000000,
               0.000000, 0.446608,-0.000000, 1.000000;;
            }
          } // End of Armature_Bone_007
        } // End of Armature_Bone_006
      } // End of Armature_Bone_004
      Frame Armature_Bone_009 {
        FrameTransformMatrix {
          -0.667507, 0.744604, 0.000000, 0.000000,
          -0.744604,-0.667506, 0.000000, 0.000000,
           0.000000, 0.000000, 1.000000, 0.000000,
          -0.000000, 0.645495, 0.000000, 1.000000;;
        }
        Frame Armature_Bone_017 {
          FrameTransformMatrix {
             0.988150, 0.153491, 0.000000, 0.000000,
            -0.148817, 0.958065, 0.244877, 0.000000,
             0.037586,-0.241975, 0.969554, 0.000000,
             0.000000, 0.774795,-0.000000, 1.000000;;
          }
          Frame Armature_Bone_020 {
            FrameTransformMatrix {
               1.000000, 0.000000,-0.000000, 0.000000,
              -0.000000, 0.875933,-0.482433, 0.000000,
               0.000000, 0.482433, 0.875933, 0.000000,
              -0.000000, 1.296202,-0.000000, 1.000000;;
            }
            Frame Armature_Bone_023 {
              FrameTransformMatrix {
                 1.000000,-0.000000,-0.000000, 0.000000,
                 0.000000, 0.791219,-0.611533, 0.000000,
                 0.000000, 0.611533, 0.791219, 0.000000,
                 0.000000, 1.243421, 0.000000, 1.000000;;
              }
            } // End of Armature_Bone_023
          } // End of Armature_Bone_020
        } // End of Armature_Bone_017
      } // End of Armature_Bone_009
      Frame Armature_Bone_010 {
        FrameTransformMatrix {
          -0.331786, 0.943355, 0.000000, 0.000000,
          -0.943355,-0.331786, 0.000000, 0.000000,
           0.000000, 0.000000, 1.000000, 0.000000,
          -0.000000, 0.645495, 0.000000, 1.000000;;
        }
        Frame Armature_Bone_018 {
          FrameTransformMatrix {
             0.999263, 0.000802,-0.038367, 0.000000,
             0.009606, 0.962719, 0.270334, 0.000000,
             0.037153,-0.270504, 0.962002, 0.000000,
             0.000000, 0.611191, 0.000000, 1.000000;;
          }
          Frame Armature_Bone_021 {
            FrameTransformMatrix {
               1.000000,-0.000000,-0.000000, 0.000000,
               0.000000, 0.861007,-0.508593, 0.000000,
               0.000000, 0.508593, 0.861007, 0.000000,
              -0.000000, 1.296201,-0.000000, 1.000000;;
            }
            Frame Armature_Bone_024 {
              FrameTransformMatrix {
                 1.000000, 0.000000,-0.000000, 0.000000,
                -0.000000, 0.637943,-0.770084, 0.000000,
                -0.000000, 0.770084, 0.637943, 0.000000,
                -0.000000, 1.243420, 0.000000, 1.000000;;
              }
            } // End of Armature_Bone_024
          } // End of Armature_Bone_021
        } // End of Armature_Bone_018
      } // End of Armature_Bone_010
      Frame Armature_Bone_011 {
        FrameTransformMatrix {
           0.679499, 0.733677, 0.000000, 0.000000,
          -0.733677, 0.679499, 0.000000, 0.000000,
           0.000000, 0.000000, 1.000000, 0.000000,
          -0.000000, 0.645495, 0.000000, 1.000000;;
        }
        Frame Armature_Bone_033 {
          FrameTransformMatrix {
             0.938875,-0.344236, 0.003863, 0.000000,
             0.329686, 0.902306, 0.277763, 0.000000,
            -0.099101,-0.259511, 0.960642, 0.000000,
             0.000000, 0.784760,-0.000000, 1.000000;;
          }
          Frame Armature_Bone_037 {
            FrameTransformMatrix {
               0.999287,-0.036650, 0.009031, 0.000000,
               0.037396, 0.928752,-0.368809, 0.000000,
               0.005130, 0.368884, 0.929461, 0.000000,
              -0.000000, 2.581794, 0.000000, 1.000000;;
            }
            Frame Armature_Bone_040 {
              FrameTransformMatrix {
                 0.999700, 0.024478,-0.000000, 0.000000,
                -0.015212, 0.621261,-0.783456, 0.000000,
                -0.019178, 0.783221, 0.621447, 0.000000,
                -0.000000, 1.466544, 0.000000, 1.000000;;
              }
            } // End of Armature_Bone_040
          } // End of Armature_Bone_037
        } // End of Armature_Bone_033
      } // End of Armature_Bone_011
      Frame Armature_Bone_012 {
        FrameTransformMatrix {
           0.292954, 0.956127,-0.000000, 0.000000,
          -0.955843, 0.292867,-0.024351, 0.000000,
          -0.023283, 0.007134, 0.999703, 0.000000,
          -0.000000, 0.645495, 0.000000, 1.000000;;
        }
        Frame Armature_Bone_019 {
          FrameTransformMatrix {
             0.998965, 0.014865, 0.042977, 0.000000,
            -0.026687, 0.956845, 0.289370, 0.000000,
            -0.036821,-0.290218, 0.956252, 0.000000,
             0.000000, 0.606473, 0.000000, 1.000000;;
          }
          Frame Armature_Bone_022 {
            FrameTransformMatrix {
               1.000000,-0.000000,-0.000000, 0.000000,
               0.000000, 0.886332,-0.463051, 0.000000,
               0.000000, 0.463051, 0.886332, 0.000000,
               0.000000, 1.296201, 0.000000, 1.000000;;
            }
            Frame Armature_Bone_025 {
              FrameTransformMatrix {
                 1.000000, 0.000000,-0.000000, 0.000000,
                -0.000000, 0.808667,-0.588266, 0.000000,
                -0.000000, 0.588266, 0.808667, 0.000000,
                -0.000000, 1.243421,-0.000000, 1.000000;;
              }
            } // End of Armature_Bone_025
          } // End of Armature_Bone_022
        } // End of Armature_Bone_019
      } // End of Armature_Bone_012
      Frame Armature_Bone_013 {
        FrameTransformMatrix {
          -0.693421,-0.720533, 0.000000, 0.000000,
           0.720533,-0.693421, 0.000000, 0.000000,
           0.000000, 0.000000, 1.000000, 0.000000,
          -0.000000, 0.645495, 0.000000, 1.000000;;
        }
        Frame Armature_Bone_028 {
          FrameTransformMatrix {
             0.986603,-0.145649,-0.073489, 0.000000,
             0.158390, 0.963085, 0.217668, 0.000000,
             0.039073,-0.226391, 0.973252, 0.000000,
             0.000000, 0.792133, 0.000000, 1.000000;;
          }
          Frame Armature_Bone_032 {
            FrameTransformMatrix {
               1.000000,-0.000000,-0.000000, 0.000000,
              -0.000000, 0.890226,-0.455520, 0.000000,
               0.000000, 0.455520, 0.890226, 0.000000,
               0.000000, 1.301565, 0.000000, 1.000000;;
            }
            Frame Armature_Bone_036 {
              FrameTransformMatrix {
                 1.000000, 0.000000,-0.000000, 0.000000,
                 0.000000, 0.757227,-0.653152, 0.000000,
                 0.000000, 0.653152, 0.757227, 0.000000,
                 0.000000, 1.247040,-0.000000, 1.000000;;
              }
            } // End of Armature_Bone_036
          } // End of Armature_Bone_032
        } // End of Armature_Bone_028
      } // End of Armature_Bone_013
      Frame Armature_Bone_014 {
        FrameTransformMatrix {
          -0.326621,-0.945156, 0.000000, 0.000000,
           0.945156,-0.326621, 0.000000, 0.000000,
           0.000000, 0.000000, 1.000000, 0.000000,
          -0.000000, 0.645495, 0.000000, 1.000000;;
        }
        Frame Armature_Bone_031 {
          FrameTransformMatrix {
             0.998820,-0.001975, 0.048515, 0.000000,
            -0.014680, 0.940126, 0.340512, 0.000000,
            -0.046283,-0.340823, 0.938988, 0.000000,
             0.000000, 0.634433, 0.000000, 1.000000;;
          }
          Frame Armature_Bone_035 {
            FrameTransformMatrix {
               1.000000, 0.000000,-0.000000, 0.000000,
              -0.000000, 0.743315,-0.668941, 0.000000,
               0.000000, 0.668941, 0.743315, 0.000000,
              -0.000000, 1.301565,-0.000000, 1.000000;;
            }
            Frame Armature_Bone_039 {
              FrameTransformMatrix {
                -1.000000,-0.000017,-0.000012, 0.000000,
                -0.000000, 0.560389,-0.828229, 0.000000,
                 0.000021,-0.828230,-0.560389, 0.000000,
                -0.000000, 1.247040,-0.000000, 1.000000;;
              }
            } // End of Armature_Bone_039
          } // End of Armature_Bone_035
        } // End of Armature_Bone_031
      } // End of Armature_Bone_014
      Frame Armature_Bone_015 {
        FrameTransformMatrix {
           0.292123,-0.956381, 0.000000, 0.000000,
           0.956381, 0.292123, 0.000000, 0.000000,
           0.000000, 0.000000, 1.000000, 0.000000,
          -0.000000, 0.645495, 0.000000, 1.000000;;
        }
        Frame Armature_Bone_030 {
          FrameTransformMatrix {
            -0.998949, 0.025943, 0.037790, 0.000000,
             0.034676, 0.966873, 0.252893, 0.000000,
            -0.029977, 0.253938,-0.966756, 0.000000,
            -0.000000, 0.594200, 0.000000, 1.000000;;
          }
          Frame Armature_Bone_034 {
            FrameTransformMatrix {
              -0.999947,-0.007290,-0.007261, 0.000000,
              -0.009879, 0.877480, 0.479513, 0.000000,
               0.002875, 0.479559,-0.877505, 0.000000,
              -0.000000, 1.301699, 0.000000, 1.000000;;
            }
            Frame Armature_Bone_038 {
              FrameTransformMatrix {
                 0.907991, 0.403691,-0.112190, 0.000000,
                -0.391784, 0.723117,-0.568865, 0.000000,
                -0.148519, 0.560478, 0.814743, 0.000000,
                 0.000000, 1.247245,-0.000000, 1.000000;;
              }
            } // End of Armature_Bone_038
          } // End of Armature_Bone_034
        } // End of Armature_Bone_030
      } // End of Armature_Bone_015
      Frame Armature_Bone_016 {
        FrameTransformMatrix {
           0.689289,-0.724486, 0.000000, 0.000000,
           0.724486, 0.689289, 0.000000, 0.000000,
           0.000000, 0.000000, 1.000000, 0.000000,
          -0.000000, 0.645495, 0.000000, 1.000000;;
        }
        Frame Armature_Bone_041 {
          FrameTransformMatrix {
             0.940849, 0.184826,-0.283975, 0.000000,
            -0.133509, 0.972538, 0.190643, 0.000000,
             0.311413,-0.141453, 0.939688, 0.000000,
             0.000000, 0.789920, 0.000000, 1.000000;;
          }
          Frame Armature_Bone_042 {
            FrameTransformMatrix {
               0.962042, 0.260618,-0.080956, 0.000000,
              -0.270732, 0.874089,-0.403326, 0.000000,
              -0.034351, 0.409934, 0.911468, 0.000000,
               0.000000, 2.547053,-0.000000, 1.000000;;
            }
            Frame Armature_Bone_043 {
              FrameTransformMatrix {
                 0.991226,-0.061467,-0.117015, 0.000000,
                -0.010399, 0.846279,-0.532639, 0.000000,
                 0.131767, 0.529182, 0.838215, 0.000000,
                 0.000000, 1.541121,-0.000000, 1.000000;;
              }
            } // End of Armature_Bone_043
          } // End of Armature_Bone_042
        } // End of Armature_Bone_041
      } // End of Armature_Bone_016
    } // End of Armature_Bone_002
    Frame Cube_001 {
      FrameTransformMatrix {
         1.000000, 0.000000, 0.000000, 0.000000,
         0.000000, 1.000000, 0.000000, 0.000000,
         0.000000, 0.000000, 1.000000, 0.000000,
         0.000000, 0.000000, 0.000000, 1.000000;;
      }
      Mesh { // Cube_001 mesh
        744;
         5.929180; 1.260833; 0.222817;,
         4.675549; 1.260832; 0.222817;,
         4.675548; 1.340832; 0.222817;,
         5.929180; 1.340833; 0.222817;,
         5.929180; 1.260833; 0.322817;,
         5.929180; 1.340833; 0.322817;,
         4.675548; 1.340832; 0.322817;,
         4.675549; 1.260832; 0.322817;,
         5.929180; 1.260833; 0.222817;,
         5.929180; 1.260833; 0.322817;,
         4.675549; 1.260832; 0.322817;,
         4.675549; 1.260832; 0.222817;,
         4.675549; 1.260832; 0.222817;,
         4.675549; 1.260832; 0.322817;,
         4.675548; 1.340832; 0.322817;,
         4.675548; 1.340832; 0.222817;,
         4.675548; 1.340832; 0.222817;,
         4.675548; 1.340832; 0.322817;,
         5.929180; 1.340833; 0.322817;,
         5.929180; 1.340833; 0.222817;,
         5.929180; 1.260833; 0.322817;,
         5.929180; 1.260833; 0.222817;,
         5.929180; 1.340833; 0.222817;,
         5.929180; 1.340833; 0.322817;,
         4.673208; 1.220832; 0.192817;,
         3.155830; 1.220831; 0.192817;,
         3.155831; 1.380831; 0.192817;,
         4.673208; 1.380832; 0.192817;,
         4.673207; 1.220832; 0.352817;,
         4.673207; 1.380832; 0.352817;,
         3.155831; 1.380831; 0.352817;,
         3.155830; 1.220831; 0.352817;,
         4.673208; 1.220832; 0.192817;,
         4.673207; 1.220832; 0.352817;,
         3.155830; 1.220831; 0.352817;,
         3.155830; 1.220831; 0.192817;,
         3.155830; 1.220831; 0.192817;,
         3.155830; 1.220831; 0.352817;,
         3.155831; 1.380831; 0.352817;,
         3.155831; 1.380831; 0.192817;,
         3.155831; 1.380831; 0.192817;,
         3.155831; 1.380831; 0.352817;,
         4.673207; 1.380832; 0.352817;,
         4.673208; 1.380832; 0.192817;,
         4.673207; 1.220832; 0.352817;,
         4.673208; 1.220832; 0.192817;,
         4.673208; 1.380832; 0.192817;,
         4.673207; 1.380832; 0.352817;,
         3.151064; 1.210831; 0.182817;,
         0.648000; 1.210829; 0.182817;,
         0.648000; 1.390829; 0.182817;,
         3.151064; 1.390831; 0.182817;,
         3.151063; 1.210831; 0.362817;,
         3.151064; 1.390831; 0.362817;,
         0.648000; 1.390829; 0.362817;,
         0.647999; 1.210829; 0.362817;,
         3.151064; 1.210831; 0.182817;,
         3.151063; 1.210831; 0.362817;,
         0.647999; 1.210829; 0.362817;,
         0.648000; 1.210829; 0.182817;,
         0.648000; 1.210829; 0.182817;,
         0.647999; 1.210829; 0.362817;,
         0.648000; 1.390829; 0.362817;,
         0.648000; 1.390829; 0.182817;,
         0.648000; 1.390829; 0.182817;,
         0.648000; 1.390829; 0.362817;,
         3.151064; 1.390831; 0.362817;,
         3.151064; 1.390831; 0.182817;,
         3.151063; 1.210831; 0.362817;,
         3.151064; 1.210831; 0.182817;,
         3.151064; 1.390831; 0.182817;,
         3.151064; 1.390831; 0.362817;,
         3.688984; 0.905502; 0.232817;,
         3.096483; 0.905501; 0.232817;,
         3.096483; 0.965501; 0.232817;,
         3.688984; 0.965502; 0.232817;,
         3.688984; 0.905502; 0.312817;,
         3.688984; 0.965502; 0.312817;,
         3.096483; 0.965501; 0.312817;,
         3.096483; 0.905501; 0.312817;,
         3.688984; 0.905502; 0.232817;,
         3.688984; 0.905502; 0.312817;,
         3.096483; 0.905501; 0.312817;,
         3.096483; 0.905501; 0.232817;,
         3.096483; 0.905501; 0.232817;,
         3.096483; 0.905501; 0.312817;,
         3.096483; 0.965501; 0.312817;,
         3.096483; 0.965501; 0.232817;,
         3.096483; 0.965501; 0.232817;,
         3.096483; 0.965501; 0.312817;,
         3.688984; 0.965502; 0.312817;,
         3.688984; 0.965502; 0.232817;,
         3.688984; 0.905502; 0.312817;,
         3.688984; 0.905502; 0.232817;,
         3.688984; 0.965502; 0.232817;,
         3.688984; 0.965502; 0.312817;,
         1.850905; 0.855500; 0.192817;,
         0.620905; 0.855499; 0.192817;,
         0.620905; 1.015499; 0.192817;,
         1.850905; 1.015500; 0.192817;,
         1.850905; 0.855500; 0.352817;,
         1.850905; 1.015500; 0.352817;,
         0.620905; 1.015499; 0.352817;,
         0.620904; 0.855500; 0.352817;,
         1.850905; 0.855500; 0.192817;,
         1.850905; 0.855500; 0.352817;,
         0.620904; 0.855500; 0.352817;,
         0.620905; 0.855499; 0.192817;,
         0.620905; 0.855499; 0.192817;,
         0.620904; 0.855500; 0.352817;,
         0.620905; 1.015499; 0.352817;,
         0.620905; 1.015499; 0.192817;,
         0.620905; 1.015499; 0.192817;,
         0.620905; 1.015499; 0.352817;,
         1.850905; 1.015500; 0.352817;,
         1.850905; 1.015500; 0.192817;,
         1.850905; 0.855500; 0.352817;,
         1.850905; 0.855500; 0.192817;,
         1.850905; 1.015500; 0.192817;,
         1.850905; 1.015500; 0.352817;,
         3.089204; 0.865501; 0.202817;,
         1.859205; 0.865500; 0.202817;,
         1.859204; 1.005500; 0.202817;,
         3.089204; 1.005501; 0.202817;,
         3.089204; 0.865501; 0.342817;,
         3.089204; 1.005501; 0.342817;,
         1.859205; 1.005500; 0.342817;,
         1.859204; 0.865500; 0.342817;,
         3.089204; 0.865501; 0.202817;,
         3.089204; 0.865501; 0.342817;,
         1.859204; 0.865500; 0.342817;,
         1.859205; 0.865500; 0.202817;,
         1.859205; 0.865500; 0.202817;,
         1.859204; 0.865500; 0.342817;,
         1.859205; 1.005500; 0.342817;,
         1.859204; 1.005500; 0.202817;,
         1.859204; 1.005500; 0.202817;,
         1.859205; 1.005500; 0.342817;,
         3.089204; 1.005501; 0.342817;,
         3.089204; 1.005501; 0.202817;,
         3.089204; 0.865501; 0.342817;,
         3.089204; 0.865501; 0.202817;,
         3.089204; 1.005501; 0.202817;,
         3.089204; 1.005501; 0.342817;,
         3.089205; 0.507238; 0.202817;,
         1.859205; 0.507237; 0.202817;,
         1.859205; 0.647237; 0.202817;,
         3.089205; 0.647238; 0.202817;,
         3.089205; 0.507238; 0.342817;,
         3.089204; 0.647238; 0.342817;,
         1.859205; 0.647237; 0.342817;,
         1.859204; 0.507237; 0.342817;,
         3.089205; 0.507238; 0.202817;,
         3.089205; 0.507238; 0.342817;,
         1.859204; 0.507237; 0.342817;,
         1.859205; 0.507237; 0.202817;,
         1.859205; 0.507237; 0.202817;,
         1.859204; 0.507237; 0.342817;,
         1.859205; 0.647237; 0.342817;,
         1.859205; 0.647237; 0.202817;,
         1.859205; 0.647237; 0.202817;,
         1.859205; 0.647237; 0.342817;,
         3.089204; 0.647238; 0.342817;,
         3.089205; 0.647238; 0.202817;,
         3.089205; 0.507238; 0.342817;,
         3.089205; 0.507238; 0.202817;,
         3.089205; 0.647238; 0.202817;,
         3.089204; 0.647238; 0.342817;,
         1.850905; 0.497237; 0.192817;,
         0.620905; 0.497236; 0.192817;,
         0.620905; 0.657236; 0.192817;,
         1.850905; 0.657237; 0.192817;,
         1.850905; 0.497237; 0.352817;,
         1.850905; 0.657237; 0.352817;,
         0.620905; 0.657236; 0.352817;,
         0.620905; 0.497236; 0.352817;,
         1.850905; 0.497237; 0.192817;,
         1.850905; 0.497237; 0.352817;,
         0.620905; 0.497236; 0.352817;,
         0.620905; 0.497236; 0.192817;,
         0.620905; 0.497236; 0.192817;,
         0.620905; 0.497236; 0.352817;,
         0.620905; 0.657236; 0.352817;,
         0.620905; 0.657236; 0.192817;,
         0.620905; 0.657236; 0.192817;,
         0.620905; 0.657236; 0.352817;,
         1.850905; 0.657237; 0.352817;,
         1.850905; 0.657237; 0.192817;,
         1.850905; 0.497237; 0.352817;,
         1.850905; 0.497237; 0.192817;,
         1.850905; 0.657237; 0.192817;,
         1.850905; 0.657237; 0.352817;,
         3.688984; 0.547238; 0.232817;,
         3.096484; 0.547238; 0.232817;,
         3.096484; 0.607238; 0.232817;,
         3.688984; 0.607239; 0.232817;,
         3.688984; 0.547238; 0.312817;,
         3.688984; 0.607239; 0.312817;,
         3.096484; 0.607238; 0.312817;,
         3.096484; 0.547238; 0.312817;,
         3.688984; 0.547238; 0.232817;,
         3.688984; 0.547238; 0.312817;,
         3.096484; 0.547238; 0.312817;,
         3.096484; 0.547238; 0.232817;,
         3.096484; 0.547238; 0.232817;,
         3.096484; 0.547238; 0.312817;,
         3.096484; 0.607238; 0.312817;,
         3.096484; 0.607238; 0.232817;,
         3.096484; 0.607238; 0.232817;,
         3.096484; 0.607238; 0.312817;,
         3.688984; 0.607239; 0.312817;,
         3.688984; 0.607239; 0.232817;,
         3.688984; 0.547238; 0.312817;,
         3.688984; 0.547238; 0.232817;,
         3.688984; 0.607239; 0.232817;,
         3.688984; 0.607239; 0.312817;,
         3.688984; 0.226279; 0.232817;,
         3.096484; 0.226278; 0.232817;,
         3.096484; 0.286278; 0.232817;,
         3.688984; 0.286279; 0.232817;,
         3.688984; 0.226279; 0.312817;,
         3.688984; 0.286279; 0.312817;,
         3.096484; 0.286278; 0.312817;,
         3.096484; 0.226278; 0.312817;,
         3.688984; 0.226279; 0.232817;,
         3.688984; 0.226279; 0.312817;,
         3.096484; 0.226278; 0.312817;,
         3.096484; 0.226278; 0.232817;,
         3.096484; 0.226278; 0.232817;,
         3.096484; 0.226278; 0.312817;,
         3.096484; 0.286278; 0.312817;,
         3.096484; 0.286278; 0.232817;,
         3.096484; 0.286278; 0.232817;,
         3.096484; 0.286278; 0.312817;,
         3.688984; 0.286279; 0.312817;,
         3.688984; 0.286279; 0.232817;,
         3.688984; 0.226279; 0.312817;,
         3.688984; 0.226279; 0.232817;,
         3.688984; 0.286279; 0.232817;,
         3.688984; 0.286279; 0.312817;,
         1.850905; 0.176278; 0.192817;,
         0.620905; 0.176277; 0.192817;,
         0.620905; 0.336277; 0.192817;,
         1.850906; 0.336278; 0.192817;,
         1.850905; 0.176278; 0.352817;,
         1.850905; 0.336278; 0.352817;,
         0.620905; 0.336277; 0.352817;,
         0.620905; 0.176277; 0.352817;,
         1.850905; 0.176278; 0.192817;,
         1.850905; 0.176278; 0.352817;,
         0.620905; 0.176277; 0.352817;,
         0.620905; 0.176277; 0.192817;,
         0.620905; 0.176277; 0.192817;,
         0.620905; 0.176277; 0.352817;,
         0.620905; 0.336277; 0.352817;,
         0.620905; 0.336277; 0.192817;,
         0.620905; 0.336277; 0.192817;,
         0.620905; 0.336277; 0.352817;,
         1.850905; 0.336278; 0.352817;,
         1.850906; 0.336278; 0.192817;,
         1.850905; 0.176278; 0.352817;,
         1.850905; 0.176278; 0.192817;,
         1.850906; 0.336278; 0.192817;,
         1.850905; 0.336278; 0.352817;,
         3.089205; 0.186278; 0.202817;,
         1.859205; 0.186278; 0.202817;,
         1.859205; 0.326278; 0.202817;,
         3.089205; 0.326278; 0.202817;,
         3.089205; 0.186278; 0.342817;,
         3.089205; 0.326278; 0.342817;,
         1.859205; 0.326278; 0.342817;,
         1.859205; 0.186278; 0.342817;,
         3.089205; 0.186278; 0.202817;,
         3.089205; 0.186278; 0.342817;,
         1.859205; 0.186278; 0.342817;,
         1.859205; 0.186278; 0.202817;,
         1.859205; 0.186278; 0.202817;,
         1.859205; 0.186278; 0.342817;,
         1.859205; 0.326278; 0.342817;,
         1.859205; 0.326278; 0.202817;,
         1.859205; 0.326278; 0.202817;,
         1.859205; 0.326278; 0.342817;,
         3.089205; 0.326278; 0.342817;,
         3.089205; 0.326278; 0.202817;,
         3.089205; 0.186278; 0.342817;,
         3.089205; 0.186278; 0.202817;,
         3.089205; 0.326278; 0.202817;,
         3.089205; 0.326278; 0.342817;,
        -0.628705; 0.176276; 0.192817;,
        -1.858705; 0.176275; 0.192817;,
        -1.858705; 0.336275; 0.192817;,
        -0.628705; 0.336276; 0.192817;,
        -0.628705; 0.176276; 0.352817;,
        -0.628705; 0.336276; 0.352817;,
        -1.858705; 0.336275; 0.352817;,
        -1.858705; 0.176275; 0.352817;,
        -0.628705; 0.176276; 0.192817;,
        -0.628705; 0.176276; 0.352817;,
        -1.858705; 0.176275; 0.352817;,
        -1.858705; 0.176275; 0.192817;,
        -1.858705; 0.176275; 0.192817;,
        -1.858705; 0.176275; 0.352817;,
        -1.858705; 0.336275; 0.352817;,
        -1.858705; 0.336275; 0.192817;,
        -1.858705; 0.336275; 0.192817;,
        -1.858705; 0.336275; 0.352817;,
        -0.628705; 0.336276; 0.352817;,
        -0.628705; 0.336276; 0.192817;,
        -0.628705; 0.176276; 0.352817;,
        -0.628705; 0.176276; 0.192817;,
        -0.628705; 0.336276; 0.192817;,
        -0.628705; 0.336276; 0.352817;,
        -1.867004; 0.186275; 0.202817;,
        -3.097004; 0.186274; 0.202817;,
        -3.097005; 0.326274; 0.202817;,
        -1.867004; 0.326275; 0.202817;,
        -1.867005; 0.186275; 0.342817;,
        -1.867005; 0.326275; 0.342817;,
        -3.097004; 0.326274; 0.342817;,
        -3.097005; 0.186274; 0.342817;,
        -1.867004; 0.186275; 0.202817;,
        -1.867005; 0.186275; 0.342817;,
        -3.097005; 0.186274; 0.342817;,
        -3.097004; 0.186274; 0.202817;,
        -3.097004; 0.186274; 0.202817;,
        -3.097005; 0.186274; 0.342817;,
        -3.097004; 0.326274; 0.342817;,
        -3.097005; 0.326274; 0.202817;,
        -3.097005; 0.326274; 0.202817;,
        -3.097004; 0.326274; 0.342817;,
        -1.867005; 0.326275; 0.342817;,
        -1.867004; 0.326275; 0.202817;,
        -1.867005; 0.186275; 0.342817;,
        -1.867004; 0.186275; 0.202817;,
        -1.867004; 0.326275; 0.202817;,
        -1.867005; 0.326275; 0.342817;,
        -3.104064; 0.226274; 0.242817;,
        -3.696565; 0.226274; 0.242817;,
        -3.696565; 0.286274; 0.242817;,
        -3.104064; 0.286274; 0.242817;,
        -3.104065; 0.226274; 0.302817;,
        -3.104064; 0.286274; 0.302817;,
        -3.696565; 0.286274; 0.302817;,
        -3.696565; 0.226274; 0.302817;,
        -3.104064; 0.226274; 0.242817;,
        -3.104065; 0.226274; 0.302817;,
        -3.696565; 0.226274; 0.302817;,
        -3.696565; 0.226274; 0.242817;,
        -3.696565; 0.226274; 0.242817;,
        -3.696565; 0.226274; 0.302817;,
        -3.696565; 0.286274; 0.302817;,
        -3.696565; 0.286274; 0.242817;,
        -3.696565; 0.286274; 0.242817;,
        -3.696565; 0.286274; 0.302817;,
        -3.104064; 0.286274; 0.302817;,
        -3.104064; 0.286274; 0.242817;,
        -3.104065; 0.226274; 0.302817;,
        -3.104064; 0.226274; 0.242817;,
        -3.104064; 0.286274; 0.242817;,
        -3.104064; 0.286274; 0.302817;,
        -3.104064; 0.544909; 0.232817;,
        -3.696565; 0.544909; 0.232817;,
        -3.696565; 0.604909; 0.232817;,
        -3.104064; 0.604909; 0.232817;,
        -3.104065; 0.544909; 0.312817;,
        -3.104064; 0.604909; 0.312817;,
        -3.696565; 0.604909; 0.312817;,
        -3.696565; 0.544909; 0.312817;,
        -3.104064; 0.544909; 0.232817;,
        -3.104065; 0.544909; 0.312817;,
        -3.696565; 0.544909; 0.312817;,
        -3.696565; 0.544909; 0.232817;,
        -3.696565; 0.544909; 0.232817;,
        -3.696565; 0.544909; 0.312817;,
        -3.696565; 0.604909; 0.312817;,
        -3.696565; 0.604909; 0.232817;,
        -3.696565; 0.604909; 0.232817;,
        -3.696565; 0.604909; 0.312817;,
        -3.104064; 0.604909; 0.312817;,
        -3.104064; 0.604909; 0.232817;,
        -3.104065; 0.544909; 0.312817;,
        -3.104064; 0.544909; 0.232817;,
        -3.104064; 0.604909; 0.232817;,
        -3.104064; 0.604909; 0.312817;,
        -1.867005; 0.504910; 0.202817;,
        -3.097005; 0.504909; 0.202817;,
        -3.097005; 0.644909; 0.202817;,
        -1.867005; 0.644910; 0.202817;,
        -1.867005; 0.504910; 0.342817;,
        -1.867005; 0.644910; 0.342817;,
        -3.097005; 0.644909; 0.342817;,
        -3.097005; 0.504909; 0.342817;,
        -1.867005; 0.504910; 0.202817;,
        -1.867005; 0.504910; 0.342817;,
        -3.097005; 0.504909; 0.342817;,
        -3.097005; 0.504909; 0.202817;,
        -3.097005; 0.504909; 0.202817;,
        -3.097005; 0.504909; 0.342817;,
        -3.097005; 0.644909; 0.342817;,
        -3.097005; 0.644909; 0.202817;,
        -3.097005; 0.644909; 0.202817;,
        -3.097005; 0.644909; 0.342817;,
        -1.867005; 0.644910; 0.342817;,
        -1.867005; 0.644910; 0.202817;,
        -1.867005; 0.504910; 0.342817;,
        -1.867005; 0.504910; 0.202817;,
        -1.867005; 0.644910; 0.202817;,
        -1.867005; 0.644910; 0.342817;,
        -0.628705; 0.494911; 0.192817;,
        -1.858705; 0.494910; 0.192817;,
        -1.858705; 0.654910; 0.192817;,
        -0.628705; 0.654911; 0.192817;,
        -0.628705; 0.494911; 0.352817;,
        -0.628705; 0.654911; 0.352817;,
        -1.858705; 0.654910; 0.352817;,
        -1.858705; 0.494910; 0.352817;,
        -0.628705; 0.494911; 0.192817;,
        -0.628705; 0.494911; 0.352817;,
        -1.858705; 0.494910; 0.352817;,
        -1.858705; 0.494910; 0.192817;,
        -1.858705; 0.494910; 0.192817;,
        -1.858705; 0.494910; 0.352817;,
        -1.858705; 0.654910; 0.352817;,
        -1.858705; 0.654910; 0.192817;,
        -1.858705; 0.654910; 0.192817;,
        -1.858705; 0.654910; 0.352817;,
        -0.628705; 0.654911; 0.352817;,
        -0.628705; 0.654911; 0.192817;,
        -0.628705; 0.494911; 0.352817;,
        -0.628705; 0.494911; 0.192817;,
        -0.628705; 0.654911; 0.192817;,
        -0.628705; 0.654911; 0.352817;,
        -0.628705; 0.881233; 0.192817;,
        -1.858705; 0.881232; 0.192817;,
        -1.858705; 1.041232; 0.192817;,
        -0.628705; 1.041233; 0.192817;,
        -0.628705; 0.881233; 0.352817;,
        -0.628705; 1.041233; 0.352817;,
        -1.858705; 1.041232; 0.352817;,
        -1.858705; 0.881232; 0.352817;,
        -0.628705; 0.881233; 0.192817;,
        -0.628705; 0.881233; 0.352817;,
        -1.858705; 0.881232; 0.352817;,
        -1.858705; 0.881232; 0.192817;,
        -1.858705; 0.881232; 0.192817;,
        -1.858705; 0.881232; 0.352817;,
        -1.858705; 1.041232; 0.352817;,
        -1.858705; 1.041232; 0.192817;,
        -1.858705; 1.041232; 0.192817;,
        -1.858705; 1.041232; 0.352817;,
        -0.628705; 1.041233; 0.352817;,
        -0.628705; 1.041233; 0.192817;,
        -0.628705; 0.881233; 0.352817;,
        -0.628705; 0.881233; 0.192817;,
        -0.628705; 1.041233; 0.192817;,
        -0.628705; 1.041233; 0.352817;,
        -1.867005; 0.891232; 0.202817;,
        -3.097005; 0.891231; 0.202817;,
        -3.097005; 1.031231; 0.202817;,
        -1.867005; 1.031232; 0.202817;,
        -1.867005; 0.891232; 0.342817;,
        -1.867005; 1.031232; 0.342817;,
        -3.097005; 1.031231; 0.342817;,
        -3.097005; 0.891231; 0.342817;,
        -1.867005; 0.891232; 0.202817;,
        -1.867005; 0.891232; 0.342817;,
        -3.097005; 0.891231; 0.342817;,
        -3.097005; 0.891231; 0.202817;,
        -3.097005; 0.891231; 0.202817;,
        -3.097005; 0.891231; 0.342817;,
        -3.097005; 1.031231; 0.342817;,
        -3.097005; 1.031231; 0.202817;,
        -3.097005; 1.031231; 0.202817;,
        -3.097005; 1.031231; 0.342817;,
        -1.867005; 1.031232; 0.342817;,
        -1.867005; 1.031232; 0.202817;,
        -1.867005; 0.891232; 0.342817;,
        -1.867005; 0.891232; 0.202817;,
        -1.867005; 1.031232; 0.202817;,
        -1.867005; 1.031232; 0.342817;,
        -3.104065; 0.931231; 0.242817;,
        -3.696566; 0.931231; 0.242817;,
        -3.696565; 0.991231; 0.242817;,
        -3.104065; 0.991231; 0.242817;,
        -3.104065; 0.931231; 0.302817;,
        -3.104065; 0.991231; 0.302817;,
        -3.696565; 0.991231; 0.302817;,
        -3.696566; 0.931231; 0.302817;,
        -3.104065; 0.931231; 0.242817;,
        -3.104065; 0.931231; 0.302817;,
        -3.696566; 0.931231; 0.302817;,
        -3.696566; 0.931231; 0.242817;,
        -3.696566; 0.931231; 0.242817;,
        -3.696566; 0.931231; 0.302817;,
        -3.696565; 0.991231; 0.302817;,
        -3.696565; 0.991231; 0.242817;,
        -3.696565; 0.991231; 0.242817;,
        -3.696565; 0.991231; 0.302817;,
        -3.104065; 0.991231; 0.302817;,
        -3.104065; 0.991231; 0.242817;,
        -3.104065; 0.931231; 0.302817;,
        -3.104065; 0.931231; 0.242817;,
        -3.104065; 0.991231; 0.242817;,
        -3.104065; 0.991231; 0.302817;,
        -4.669324; 1.260826; 0.222817;,
        -5.922956; 1.260825; 0.222817;,
        -5.922956; 1.340825; 0.222817;,
        -4.669324; 1.340826; 0.222817;,
        -4.669325; 1.260826; 0.322817;,
        -4.669325; 1.340826; 0.322817;,
        -5.922956; 1.340825; 0.322817;,
        -5.922956; 1.260825; 0.322817;,
        -4.669324; 1.260826; 0.222817;,
        -4.669325; 1.260826; 0.322817;,
        -5.922956; 1.260825; 0.322817;,
        -5.922956; 1.260825; 0.222817;,
        -5.922956; 1.260825; 0.222817;,
        -5.922956; 1.260825; 0.322817;,
        -5.922956; 1.340825; 0.322817;,
        -5.922956; 1.340825; 0.222817;,
        -5.922956; 1.340825; 0.222817;,
        -5.922956; 1.340825; 0.322817;,
        -4.669325; 1.340826; 0.322817;,
        -4.669324; 1.340826; 0.222817;,
        -4.669325; 1.260826; 0.322817;,
        -4.669324; 1.260826; 0.222817;,
        -4.669324; 1.340826; 0.222817;,
        -4.669325; 1.340826; 0.322817;,
        -3.146100; 1.220827; 0.192817;,
        -4.663476; 1.220826; 0.192817;,
        -4.663476; 1.380826; 0.192817;,
        -3.146100; 1.380827; 0.192817;,
        -3.146101; 1.220827; 0.352817;,
        -3.146100; 1.380827; 0.352817;,
        -4.663476; 1.380826; 0.352817;,
        -4.663476; 1.220826; 0.352817;,
        -3.146100; 1.220827; 0.192817;,
        -3.146101; 1.220827; 0.352817;,
        -4.663476; 1.220826; 0.352817;,
        -4.663476; 1.220826; 0.192817;,
        -4.663476; 1.220826; 0.192817;,
        -4.663476; 1.220826; 0.352817;,
        -4.663476; 1.380826; 0.352817;,
        -4.663476; 1.380826; 0.192817;,
        -4.663476; 1.380826; 0.192817;,
        -4.663476; 1.380826; 0.352817;,
        -3.146100; 1.380827; 0.352817;,
        -3.146100; 1.380827; 0.192817;,
        -3.146101; 1.220827; 0.352817;,
        -3.146100; 1.220827; 0.192817;,
        -3.146100; 1.380827; 0.192817;,
        -3.146100; 1.380827; 0.352817;,
        -0.631145; 1.210828; 0.182817;,
        -3.134209; 1.210827; 0.182817;,
        -3.134209; 1.390827; 0.182817;,
        -0.631145; 1.390828; 0.182817;,
        -0.631146; 1.210828; 0.362817;,
        -0.631145; 1.390828; 0.362817;,
        -3.134209; 1.390827; 0.362817;,
        -3.134210; 1.210827; 0.362817;,
        -0.631145; 1.210828; 0.182817;,
        -0.631146; 1.210828; 0.362817;,
        -3.134210; 1.210827; 0.362817;,
        -3.134209; 1.210827; 0.182817;,
        -3.134209; 1.210827; 0.182817;,
        -3.134210; 1.210827; 0.362817;,
        -3.134209; 1.390827; 0.362817;,
        -3.134209; 1.390827; 0.182817;,
        -3.134209; 1.390827; 0.182817;,
        -3.134209; 1.390827; 0.362817;,
        -0.631145; 1.390828; 0.362817;,
        -0.631145; 1.390828; 0.182817;,
        -0.631146; 1.210828; 0.362817;,
        -0.631145; 1.210828; 0.182817;,
        -0.631145; 1.390828; 0.182817;,
        -0.631145; 1.390828; 0.362817;,
        -0.167312; 1.681909;-0.391992;,
        -0.207312; 1.681909;-0.391992;,
        -0.207312; 1.721909;-0.391992;,
        -0.167312; 1.721909;-0.391992;,
        -0.167312; 1.681909;-0.091992;,
        -0.167312; 1.721909;-0.091992;,
        -0.207312; 1.721909;-0.091992;,
        -0.207312; 1.681909;-0.091992;,
        -0.167312; 1.681909;-0.391992;,
        -0.167312; 1.681909;-0.091992;,
        -0.207312; 1.681909;-0.091992;,
        -0.207312; 1.681909;-0.391992;,
        -0.207312; 1.681909;-0.391992;,
        -0.207312; 1.681909;-0.091992;,
        -0.207312; 1.721909;-0.091992;,
        -0.207312; 1.721909;-0.391992;,
        -0.207312; 1.721909;-0.391992;,
        -0.207312; 1.721909;-0.091992;,
        -0.167312; 1.721909;-0.091992;,
        -0.167312; 1.721909;-0.391992;,
        -0.167312; 1.681909;-0.091992;,
        -0.167312; 1.681909;-0.391992;,
        -0.167312; 1.721909;-0.391992;,
        -0.167312; 1.721909;-0.091992;,
         0.196916; 1.681909;-0.390748;,
         0.156916; 1.681909;-0.390748;,
         0.156916; 1.721909;-0.390748;,
         0.196916; 1.721909;-0.390748;,
