xof 0303txt 0032

template XSkinMeshHeader {
  <3cf169ce-ff7c-44ab-93c0-f78f62d172e2>
  WORD nMaxSkinWeightsPerVertex;
  WORD nMaxSkinWeightsPerFace;
  WORD nBones;
}

template SkinWeights {
  <6f0d123b-bad2-4167-a0d0-80224f25fabb>
  STRING transformNodeName;
  DWORD nWeights;
  array DWORD vertexIndices[nWeights];
  array float weights[nWeights];
  Matrix4x4 matrixOffset;
}

Frame Root {
  FrameTransformMatrix {
     1.000000, 0.000000, 0.000000, 0.000000,
     0.000000,-0.000000, 1.000000, 0.000000,
     0.000000, 1.000000, 0.000000, 0.000000,
     0.000000, 0.000000, 0.000000, 1.000000;;
  }
  Frame Armature {
    FrameTransformMatrix {
       1.000000, 0.000000, 0.000000, 0.000000,
       0.000000, 1.000000, 0.000000, 0.000000,
       0.000000, 0.000000, 1.000000, 0.000000,
       0.726324, 0.838242, 0.891086, 1.000000;;
    }
    Frame Armature_Bone {
      FrameTransformMatrix {
        -0.063115, 0.000000, 0.998006, 0.000000,
        -0.998006, 0.000000,-0.063115, 0.000000,
        -0.000000,-1.000000, 0.000000, 0.000000,
        -0.697174,-0.840635,-0.516858, 1.000000;;
      }
      Frame Armature_Bone_001 {
        FrameTransformMatrix {
          -0.005474,-0.085179,-0.996351, 0.000000,
           0.442329, 0.893384,-0.078807, 0.000000,
           0.896836,-0.441146, 0.032787, 0.000000,
           0.000000, 0.274451,-0.000000, 1.000000;;
        }
      } // End of Armature_Bone_001
    } // End of Armature_Bone
    Frame Armature_Bone_002 {
      FrameTransformMatrix {
         0.000000,-1.000000, 0.000000, 0.000000,
         1.000000, 0.000000, 0.000000, 0.000000,
         0.000000, 0.000000, 1.000000, 0.000000,
        -0.697174,-0.840635,-0.516858, 1.000000;;
      }
      Frame Armature_Bone_003 {
        FrameTransformMatrix {
           0.982125,-0.188218, 0.001892, 0.000000,
           0.187522, 0.979265, 0.076645, 0.000000,
          -0.016279,-0.074921, 0.997057, 0.000000,
           0.000000, 0.645495, 0.000000, 1.000000;;
        }
        Frame Armature_Bone_005 {
          FrameTransformMatrix {
            -0.187751, 0.969820,-0.155559, 0.000000,
             0.013383,-0.155834,-0.987693, 0.000000,
            -0.982126,-0.187522, 0.016279, 0.000000,
            -0.000000, 0.961194, 0.000000, 1.000000;;
          }
          Frame Armature_Bone_008 {
            FrameTransformMatrix {
               0.993410,-0.114614, 0.000000, 0.000000,
               0.114614, 0.993410, 0.000000, 0.000000,
              -0.000000, 0.000000, 1.000000, 0.000000,
              -0.000000, 0.434909, 0.000000, 1.000000;;
            }
          } // End of Armature_Bone_008
        } // End of Armature_Bone_005
      } // End of Armature_Bone_003
      Frame Armature_Bone_004 {
        FrameTransformMatrix {
           0.980926, 0.194383, 0.000000, 0.000000,
          -0.193684, 0.977399, 0.084724, 0.000000,
           0.016469,-0.083108, 0.996404, 0.000000,
           0.000000, 0.645495, 0.000000, 1.000000;;
        }
        Frame Armature_Bone_006 {
          FrameTransformMatrix {
             0.194191, 0.972660,-0.127370, 0.000000,
            -0.008651,-0.128138,-0.991719, 0.000000,
            -0.980926, 0.193684,-0.016469, 0.000000,
            -0.000000, 0.949431,-0.000000, 1.000000;;
          }
          Frame Armature_Bone_007 {
            FrameTransformMatrix {
               0.996138,-0.087801, 0.000000, 0.000000,
               0.087801, 0.996138, 0.000000, 0.000000,
              -0.000000, 0.000000, 1.000000, 0.000000,
              -0.000000, 0.446608,-0.000000, 1.000000;;
            }
          } // End of Armature_Bone_007
        } // End of Armature_Bone_006
      } // End of Armature_Bone_004
      Frame Armature_Bone_009 {
        FrameTransformMatrix {
          -0.667506, 0.744604, 0.000000, 0.000000,
          -0.744604,-0.667506, 0.000000, 0.000000,
           0.000000, 0.000000, 1.000000, 0.000000,
           0.000000, 0.645495, 0.000000, 1.000000;;
        }
        Frame Armature_Bone_017 {
          FrameTransformMatrix {
             0.837253, 0.350914,-0.419365, 0.000000,
            -0.108561, 0.858328, 0.501486, 0.000000,
             0.535931,-0.374344, 0.756733, 0.000000,
             0.000000, 0.774795, 0.000000, 1.000000;;
          }
          Frame Armature_Bone_020 {
            FrameTransformMatrix {
               0.809098, 0.477144, 0.343065, 0.000000,
               0.110916, 0.449290,-0.886474, 0.000000,
              -0.577112, 0.755296, 0.310597, 0.000000,
              -0.000000, 1.296202, 0.000000, 1.000000;;
            }
            Frame Armature_Bone_023 {
              FrameTransformMatrix {
                 0.981973,-0.073984,-0.173942, 0.000000,
                -0.058154, 0.757341,-0.650425, 0.000000,
                 0.179855, 0.648815, 0.739385, 0.000000,
                 0.000000, 1.243421,-0.000000, 1.000000;;
              }
            } // End of Armature_Bone_023
          } // End of Armature_Bone_020
        } // End of Armature_Bone_017
      } // End of Armature_Bone_009
      Frame Armature_Bone_010 {
        FrameTransformMatrix {
          -0.331786, 0.943355, 0.000000, 0.000000,
          -0.943355,-0.331786, 0.000000, 0.000000,
           0.000000, 0.000000, 1.000000, 0.000000,
           0.000000, 0.645495, 0.000000, 1.000000;;
        }
        Frame Armature_Bone_018 {
          FrameTransformMatrix {
             0.974584, 0.194721, 0.110770, 0.000000,
            -0.223965, 0.835699, 0.501444, 0.000000,
             0.005071,-0.513508, 0.858070, 0.000000,
             0.000000, 0.611191, 0.000000, 1.000000;;
          }
          Frame Armature_Bone_021 {
            FrameTransformMatrix {
               0.934901,-0.237162,-0.264034, 0.000000,
               0.053209, 0.829204,-0.556407, 0.000000,
               0.350897, 0.506136, 0.787843, 0.000000,
               0.000000, 1.296201, 0.000000, 1.000000;;
            }
            Frame Armature_Bone_024 {
              FrameTransformMatrix {
                 0.948777,-0.309031, 0.065737, 0.000000,
                 0.305717, 0.845456,-0.437882, 0.000000,
                 0.079741, 0.435550, 0.896626, 0.000000,
                -0.000000, 1.243421,-0.000000, 1.000000;;
              }
            } // End of Armature_Bone_024
          } // End of Armature_Bone_021
        } // End of Armature_Bone_018
      } // End of Armature_Bone_010
      Frame Armature_Bone_011 {
        FrameTransformMatrix {
           0.679499, 0.733677, 0.000000, 0.000000,
          -0.733677, 0.679499, 0.000000, 0.000000,
           0.000000, 0.000000, 1.000000, 0.000000,
           0.000000, 0.645495, 0.000000, 1.000000;;
        }
        Frame Armature_Bone_033 {
          FrameTransformMatrix {
             0.853496,-0.521079,-0.004599, 0.000000,
             0.407563, 0.662013, 0.628992, 0.000000,
            -0.324709,-0.538716, 0.777399, 0.000000,
             0.000000, 0.784760, 0.000000, 1.000000;;
          }
          Frame Armature_Bone_037 {
            FrameTransformMatrix {
               0.994118,-0.107018, 0.016646, 0.000000,
               0.081045, 0.633107,-0.769810, 0.000000,
               0.071845, 0.766631, 0.638056, 0.000000,
               0.000000, 2.581795, 0.000000, 1.000000;;
            }
            Frame Armature_Bone_040 {
              FrameTransformMatrix {
                 0.980758,-0.062593, 0.184922, 0.000000,
                 0.142065, 0.878518,-0.456095, 0.000000,
                -0.133909, 0.473590, 0.870506, 0.000000,
                -0.000000, 1.466544,-0.000000, 1.000000;;
              }
            } // End of Armature_Bone_040
          } // End of Armature_Bone_037
        } // End of Armature_Bone_033
      } // End of Armature_Bone_011
      Frame Armature_Bone_012 {
        FrameTransformMatrix {
           0.292954, 0.956127, 0.000000, 0.000000,
          -0.955843, 0.292867,-0.024351, 0.000000,
          -0.023283, 0.007134, 0.999703, 0.000000,
           0.000000, 0.645495, 0.000000, 1.000000;;
        }
        Frame Armature_Bone_019 {
          FrameTransformMatrix {
             0.885452,-0.413860, 0.211409, 0.000000,
             0.297936, 0.854646, 0.425222, 0.000000,
            -0.356663,-0.313528, 0.880052, 0.000000,
             0.000000, 0.606473, 0.000000, 1.000000;;
          }
          Frame Armature_Bone_022 {
            FrameTransformMatrix {
               0.969986,-0.161357,-0.181908, 0.000000,
              -0.046900, 0.609904,-0.791086, 0.000000,
               0.238593, 0.775874, 0.584031, 0.000000,
               0.000000, 1.296201, 0.000000, 1.000000;;
            }
            Frame Armature_Bone_025 {
              FrameTransformMatrix {
                 0.974460,-0.211371, 0.075825, 0.000000,
                 0.186200, 0.571797,-0.798986, 0.000000,
                 0.125526, 0.792698, 0.596551, 0.000000,
                 0.000000, 1.243421, 0.000000, 1.000000;;
              }
            } // End of Armature_Bone_025
          } // End of Armature_Bone_022
        } // End of Armature_Bone_019
      } // End of Armature_Bone_012
      Frame Armature_Bone_013 {
        FrameTransformMatrix {
          -0.693421,-0.720533, 0.000000, 0.000000,
           0.720533,-0.693421, 0.000000, 0.000000,
           0.000000, 0.000000, 1.000000, 0.000000,
           0.000000, 0.645495, 0.000000, 1.000000;;
        }
        Frame Armature_Bone_028 {
          FrameTransformMatrix {
             0.448589, 0.523729,-0.724207, 0.000000,
             0.252395, 0.703093, 0.664798, 0.000000,
             0.857359,-0.481007, 0.183214, 0.000000,
             0.000000, 0.792133, 0.000000, 1.000000;;
          }
          Frame Armature_Bone_032 {
            FrameTransformMatrix {
               0.616495,-0.412938, 0.670385, 0.000000,
               0.695296, 0.685045,-0.217435, 0.000000,
              -0.369457, 0.600164, 0.709440, 0.000000,
              -0.000000, 1.301565, 0.000000, 1.000000;;
            }
            Frame Armature_Bone_036 {
              FrameTransformMatrix {
                 0.912946, 0.118572, 0.390474, 0.000000,
                 0.002120, 0.955465,-0.295096, 0.000000,
                -0.408074, 0.270235, 0.872037, 0.000000,
                 0.000000, 1.247040,-0.000000, 1.000000;;
              }
            } // End of Armature_Bone_036
          } // End of Armature_Bone_032
        } // End of Armature_Bone_028
      } // End of Armature_Bone_013
      Frame Armature_Bone_014 {
        FrameTransformMatrix {
          -0.326621,-0.945156, 0.000000, 0.000000,
           0.945156,-0.326621, 0.000000, 0.000000,
           0.000000, 0.000000, 1.000000, 0.000000,
           0.000000, 0.645495, 0.000000, 1.000000;;
        }
        Frame Armature_Bone_031 {
          FrameTransformMatrix {
             0.786625,-0.067829,-0.613695, 0.000000,
             0.441086, 0.757249, 0.481682, 0.000000,
             0.432047,-0.649595, 0.625589, 0.000000,
             0.000000, 0.634433, 0.000000, 1.000000;;
          }
          Frame Armature_Bone_035 {
            FrameTransformMatrix {
               0.508784, 0.453856, 0.731542, 0.000000,
               0.740332, 0.203019,-0.640853, 0.000000,
              -0.439372, 0.867639,-0.232711, 0.000000,
              -0.000000, 1.301565,-0.000000, 1.000000;;
            }
            Frame Armature_Bone_039 {
              FrameTransformMatrix {
                -0.990360, 0.023867,-0.136442, 0.000000,
                 0.111516, 0.721667,-0.683199, 0.000000,
                 0.082159,-0.691830,-0.717372, 0.000000,
                 0.000000, 1.247040,-0.000000, 1.000000;;
              }
            } // End of Armature_Bone_039
          } // End of Armature_Bone_035
        } // End of Armature_Bone_031
      } // End of Armature_Bone_014
      Frame Armature_Bone_015 {
        FrameTransformMatrix {
           0.292123,-0.956381, 0.000000, 0.000000,
           0.956381, 0.292123, 0.000000, 0.000000,
           0.000000, 0.000000, 1.000000, 0.000000,
           0.000000, 0.645495, 0.000000, 1.000000;;
        }
        Frame Armature_Bone_030 {
          FrameTransformMatrix {
            -0.521925,-0.739750, 0.424693, 0.000000,
            -0.396003, 0.651117, 0.647478, 0.000000,
            -0.755497, 0.169756,-0.632778, 0.000000,
             0.000000, 0.594200, 0.000000, 1.000000;;
          }
          Frame Armature_Bone_034 {
            FrameTransformMatrix {
              -0.875701,-0.480514,-0.047477, 0.000000,
              -0.412203, 0.692739, 0.591777, 0.000000,
              -0.251468, 0.537790,-0.804702, 0.000000,
              -0.000000, 1.301699, 0.000000, 1.000000;;
            }
            Frame Armature_Bone_038 {
              FrameTransformMatrix {
                 0.964469,-0.044906, 0.260353, 0.000000,
                 0.178356, 0.837674,-0.516228, 0.000000,
                -0.194909, 0.544321, 0.815920, 0.000000,
                 0.000000, 1.247245,-0.000000, 1.000000;;
              }
            } // End of Armature_Bone_038
          } // End of Armature_Bone_034
        } // End of Armature_Bone_030
      } // End of Armature_Bone_015
      Frame Armature_Bone_016 {
        FrameTransformMatrix {
           0.689289,-0.724486, 0.000000, 0.000000,
           0.724486, 0.689289, 0.000000, 0.000000,
           0.000000, 0.000000, 1.000000, 0.000000,
           0.000000, 0.645495, 0.000000, 1.000000;;
        }
        Frame Armature_Bone_041 {
          FrameTransformMatrix {
             0.706701, 0.636938,-0.308034, 0.000000,
            -0.511002, 0.760620, 0.400418, 0.000000,
             0.489338,-0.125570, 0.863007, 0.000000,
             0.000000, 0.789920,-0.000000, 1.000000;;
          }
          Frame Armature_Bone_042 {
            FrameTransformMatrix {
               0.992090, 0.041957, 0.118311, 0.000000,
               0.074109, 0.564946,-0.821793, 0.000000,
              -0.101319, 0.824060, 0.557368, 0.000000,
              -0.000000, 2.547052, 0.000000, 1.000000;;
            }
            Frame Armature_Bone_043 {
              FrameTransformMatrix {
                 0.976000,-0.088710,-0.198884, 0.000000,
                -0.037068, 0.832269,-0.553132, 0.000000,
                 0.214593, 0.547229, 0.809006, 0.000000,
                -0.000000, 1.541120,-0.000000, 1.000000;;
              }
            } // End of Armature_Bone_043
          } // End of Armature_Bone_042
        } // End of Armature_Bone_041
      } // End of Armature_Bone_016
    } // End of Armature_Bone_002
    Frame Cube_001 {
      FrameTransformMatrix {
        -0.119140,-0.000000, 0.000000, 0.000000,
         0.000000,-0.444127, 0.000000, 0.000000,
         0.000000, 0.000000, 0.189174, 0.000000,
        -0.831328,-0.838242,-0.618269, 1.000000;;
      }
      Mesh { // Cube_001 mesh
        744;
        -10.524686;13.355803;-0.264306;,
        -10.524686;10.533117;-0.264306;,
        -11.196162;10.533117;-0.264306;,
        -11.196162;13.355803;-0.264306;,
        -10.524686;13.355802; 0.264306;,
        -11.196162;13.355803; 0.264306;,
        -11.196162;10.533117; 0.264306;,
        -10.524686;10.533116; 0.264306;,
        -10.524686;13.355803;-0.264306;,
        -10.524686;13.355802; 0.264306;,
        -10.524686;10.533116; 0.264306;,
        -10.524686;10.533117;-0.264306;,
        -10.524686;10.533117;-0.264306;,
        -10.524686;10.533116; 0.264306;,
        -11.196162;10.533117; 0.264306;,
        -11.196162;10.533117;-0.264306;,
        -11.196162;10.533117;-0.264306;,
        -11.196162;10.533117; 0.264306;,
        -11.196162;13.355803; 0.264306;,
        -11.196162;13.355803;-0.264306;,
        -10.524686;13.355802; 0.264306;,
        -10.524686;13.355803;-0.264306;,
        -11.196162;13.355803;-0.264306;,
        -11.196162;13.355803; 0.264306;,
        -10.188948;10.527846;-0.422890;,
        -10.188948; 7.111310;-0.422890;,
        -11.531900; 7.111310;-0.422890;,
        -11.531900;10.527847;-0.422890;,
        -10.188947;10.527845; 0.422890;,
        -11.531900;10.527846; 0.422890;,
        -11.531901; 7.111310; 0.422890;,
        -10.188948; 7.111309; 0.422890;,
        -10.188948;10.527846;-0.422890;,
        -10.188947;10.527845; 0.422890;,
        -10.188948; 7.111309; 0.422890;,
        -10.188948; 7.111310;-0.422890;,
        -10.188948; 7.111310;-0.422890;,
        -10.188948; 7.111309; 0.422890;,
        -11.531901; 7.111310; 0.422890;,
        -11.531900; 7.111310;-0.422890;,
        -11.531900; 7.111310;-0.422890;,
        -11.531901; 7.111310; 0.422890;,
        -11.531900;10.527846; 0.422890;,
        -11.531900;10.527847;-0.422890;,
        -10.188947;10.527845; 0.422890;,
        -10.188948;10.527846;-0.422890;,
        -11.531900;10.527847;-0.422890;,
        -11.531900;10.527846; 0.422890;,
        -10.105013; 7.100577;-0.475751;,
        -10.105013; 1.464660;-0.475751;,
        -11.615835; 1.464661;-0.475751;,
        -11.615835; 7.100579;-0.475751;,
        -10.105012; 7.100576; 0.475751;,
        -11.615835; 7.100578; 0.475751;,
        -11.615835; 1.464661; 0.475751;,
        -10.105013; 1.464658; 0.475751;,
        -10.105013; 7.100577;-0.475751;,
        -10.105012; 7.100576; 0.475751;,
        -10.105013; 1.464658; 0.475751;,
        -10.105013; 1.464660;-0.475751;,
        -10.105013; 1.464660;-0.475751;,
        -10.105013; 1.464658; 0.475751;,
        -11.615835; 1.464661; 0.475751;,
        -11.615835; 1.464661;-0.475751;,
        -11.615835; 1.464661;-0.475751;,
        -11.615835; 1.464661; 0.475751;,
        -11.615835; 7.100578; 0.475751;,
        -11.615835; 7.100579;-0.475751;,
        -10.105012; 7.100576; 0.475751;,
        -10.105013; 7.100577;-0.475751;,
        -11.615835; 7.100579;-0.475751;,
        -11.615835; 7.100578; 0.475751;,
        -7.542238; 8.311762;-0.211445;,
        -7.542238; 6.977683;-0.211445;,
        -8.045846; 6.977683;-0.211445;,
        -8.045846; 8.311762;-0.211445;,
        -7.542238; 8.311762; 0.211445;,
        -8.045846; 8.311762; 0.211445;,
        -8.045846; 6.977683; 0.211445;,
        -7.542238; 6.977683; 0.211445;,
        -7.542238; 8.311762;-0.211445;,
        -7.542238; 8.311762; 0.211445;,
        -7.542238; 6.977683; 0.211445;,
        -7.542238; 6.977683;-0.211445;,
        -7.542238; 6.977683;-0.211445;,
        -7.542238; 6.977683; 0.211445;,
        -8.045846; 6.977683; 0.211445;,
        -8.045846; 6.977683;-0.211445;,
        -8.045846; 6.977683;-0.211445;,
        -8.045846; 6.977683; 0.211445;,
        -8.045846; 8.311762; 0.211445;,
        -8.045846; 8.311762;-0.211445;,
        -7.542238; 8.311762; 0.211445;,
        -7.542238; 8.311762;-0.211445;,
        -8.045846; 8.311762;-0.211445;,
        -8.045846; 8.311762; 0.211445;,
        -7.122565; 4.173129;-0.422890;,
        -7.122565; 1.403652;-0.422890;,
        -8.465519; 1.403652;-0.422890;,
        -8.465519; 4.173130;-0.422890;,
        -7.122565; 4.173128; 0.422890;,
        -8.465519; 4.173129; 0.422890;,
        -8.465519; 1.403652; 0.422890;,
        -7.122566; 1.403651; 0.422890;,
        -7.122565; 4.173129;-0.422890;,
        -7.122565; 4.173128; 0.422890;,
        -7.122566; 1.403651; 0.422890;,
        -7.122565; 1.403652;-0.422890;,
        -7.122565; 1.403652;-0.422890;,
        -7.122566; 1.403651; 0.422890;,
        -8.465519; 1.403652; 0.422890;,
        -8.465519; 1.403652;-0.422890;,
        -8.465519; 1.403652;-0.422890;,
        -8.465519; 1.403652; 0.422890;,
        -8.465519; 4.173129; 0.422890;,
        -8.465519; 4.173130;-0.422890;,
        -7.122565; 4.173128; 0.422890;,
        -7.122565; 4.173129;-0.422890;,
        -8.465519; 4.173130;-0.422890;,
        -8.465519; 4.173129; 0.422890;,
        -7.206500; 6.961293;-0.370029;,
        -7.206500; 4.191816;-0.370029;,
        -8.381584; 4.191816;-0.370029;,
        -8.381584; 6.961294;-0.370029;,
        -7.206500; 6.961293; 0.370029;,
        -8.381584; 6.961293; 0.370029;,
        -8.381584; 4.191817; 0.370029;,
        -7.206500; 4.191815; 0.370029;,
        -7.206500; 6.961293;-0.370029;,
        -7.206500; 6.961293; 0.370029;,
        -7.206500; 4.191815; 0.370029;,
        -7.206500; 4.191816;-0.370029;,
        -7.206500; 4.191816;-0.370029;,
        -7.206500; 4.191815; 0.370029;,
        -8.381584; 4.191817; 0.370029;,
        -8.381584; 4.191816;-0.370029;,
        -8.381584; 4.191816;-0.370029;,
        -8.381584; 4.191817; 0.370029;,
        -8.381584; 6.961293; 0.370029;,
        -8.381584; 6.961294;-0.370029;,
        -7.206500; 6.961293; 0.370029;,
        -7.206500; 6.961293;-0.370029;,
        -8.381584; 6.961294;-0.370029;,
        -8.381584; 6.961293; 0.370029;,
        -4.199433; 6.961293;-0.370029;,
        -4.199433; 4.191816;-0.370029;,
        -5.374517; 4.191816;-0.370029;,
        -5.374517; 6.961294;-0.370029;,
        -4.199432; 6.961293; 0.370029;,
        -5.374517; 6.961293; 0.370029;,
        -5.374517; 4.191817; 0.370029;,
        -4.199433; 4.191815; 0.370029;,
        -4.199433; 6.961293;-0.370029;,
        -4.199432; 6.961293; 0.370029;,
        -4.199433; 4.191815; 0.370029;,
        -4.199433; 4.191816;-0.370029;,
        -4.199433; 4.191816;-0.370029;,
        -4.199433; 4.191815; 0.370029;,
        -5.374517; 4.191817; 0.370029;,
        -5.374517; 4.191816;-0.370029;,
        -5.374517; 4.191816;-0.370029;,
        -5.374517; 4.191817; 0.370029;,
        -5.374517; 6.961293; 0.370029;,
        -5.374517; 6.961294;-0.370029;,
        -4.199432; 6.961293; 0.370029;,
        -4.199433; 6.961293;-0.370029;,
        -5.374517; 6.961294;-0.370029;,
        -5.374517; 6.961293; 0.370029;,
        -4.115498; 4.173129;-0.422890;,
        -4.115498; 1.403652;-0.422890;,
        -5.458452; 1.403652;-0.422890;,
        -5.458451; 4.173130;-0.422890;,
        -4.115498; 4.173128; 0.422890;,
        -5.458452; 4.173129; 0.422890;,
        -5.458452; 1.403652; 0.422890;,
        -4.115499; 1.403651; 0.422890;,
        -4.115498; 4.173129;-0.422890;,
        -4.115498; 4.173128; 0.422890;,
        -4.115499; 1.403651; 0.422890;,
        -4.115498; 1.403652;-0.422890;,
        -4.115498; 1.403652;-0.422890;,
        -4.115499; 1.403651; 0.422890;,
        -5.458452; 1.403652; 0.422890;,
        -5.458452; 1.403652;-0.422890;,
        -5.458452; 1.403652;-0.422890;,
        -5.458452; 1.403652; 0.422890;,
        -5.458452; 4.173129; 0.422890;,
        -5.458451; 4.173130;-0.422890;,
        -4.115498; 4.173128; 0.422890;,
        -4.115498; 4.173129;-0.422890;,
        -5.458451; 4.173130;-0.422890;,
        -5.458452; 4.173129; 0.422890;,
        -4.535171; 8.311762;-0.211445;,
        -4.535171; 6.977683;-0.211445;,
        -5.038779; 6.977683;-0.211445;,
        -5.038779; 8.311762;-0.211445;,
        -4.535171; 8.311762; 0.211445;,
        -5.038779; 8.311762; 0.211445;,
        -5.038779; 6.977683; 0.211445;,
        -4.535171; 6.977683; 0.211445;,
        -4.535171; 8.311762;-0.211445;,
        -4.535171; 8.311762; 0.211445;,
        -4.535171; 6.977683; 0.211445;,
        -4.535171; 6.977683;-0.211445;,
        -4.535171; 6.977683;-0.211445;,
        -4.535171; 6.977683; 0.211445;,
        -5.038779; 6.977683; 0.211445;,
        -5.038779; 6.977683;-0.211445;,
        -5.038779; 6.977683;-0.211445;,
        -5.038779; 6.977683; 0.211445;,
        -5.038779; 8.311762; 0.211445;,
        -5.038779; 8.311762;-0.211445;,
        -4.535171; 8.311762; 0.211445;,
        -4.535171; 8.311762;-0.211445;,
        -5.038779; 8.311762;-0.211445;,
        -5.038779; 8.311762; 0.211445;,
        -1.841210; 8.311762;-0.211445;,
        -1.841210; 6.977683;-0.211445;,
        -2.344817; 6.977683;-0.211445;,
        -2.344817; 8.311762;-0.211445;,
        -1.841210; 8.311762; 0.211445;,
        -2.344817; 8.311762; 0.211445;,
        -2.344817; 6.977683; 0.211445;,
        -1.841210; 6.977683; 0.211445;,
        -1.841210; 8.311762;-0.211445;,
        -1.841210; 8.311762; 0.211445;,
        -1.841210; 6.977683; 0.211445;,
        -1.841210; 6.977683;-0.211445;,
        -1.841210; 6.977683;-0.211445;,
        -1.841210; 6.977683; 0.211445;,
        -2.344817; 6.977683; 0.211445;,
        -2.344817; 6.977683;-0.211445;,
        -2.344817; 6.977683;-0.211445;,
        -2.344817; 6.977683; 0.211445;,
        -2.344817; 8.311762; 0.211445;,
        -2.344817; 8.311762;-0.211445;,
        -1.841210; 8.311762; 0.211445;,
        -1.841210; 8.311762;-0.211445;,
        -2.344817; 8.311762;-0.211445;,
        -2.344817; 8.311762; 0.211445;,
        -1.421537; 4.173129;-0.422890;,
        -1.421537; 1.403652;-0.422890;,
        -2.764490; 1.403652;-0.422890;,
        -2.764490; 4.173130;-0.422890;,
        -1.421536; 4.173128; 0.422890;,
        -2.764490; 4.173129; 0.422890;,
        -2.764491; 1.403652; 0.422890;,
        -1.421537; 1.403651; 0.422890;,
        -1.421537; 4.173129;-0.422890;,
        -1.421536; 4.173128; 0.422890;,
        -1.421537; 1.403651; 0.422890;,
        -1.421537; 1.403652;-0.422890;,
        -1.421537; 1.403652;-0.422890;,
        -1.421537; 1.403651; 0.422890;,
        -2.764491; 1.403652; 0.422890;,
        -2.764490; 1.403652;-0.422890;,
        -2.764490; 1.403652;-0.422890;,
        -2.764491; 1.403652; 0.422890;,
        -2.764490; 4.173129; 0.422890;,
        -2.764490; 4.173130;-0.422890;,
        -1.421536; 4.173128; 0.422890;,
        -1.421537; 4.173129;-0.422890;,
        -2.764490; 4.173130;-0.422890;,
        -2.764490; 4.173129; 0.422890;,
        -1.505471; 6.961293;-0.370029;,
        -1.505471; 4.191816;-0.370029;,
        -2.680556; 4.191816;-0.370029;,
        -2.680555; 6.961294;-0.370029;,
        -1.505471; 6.961293; 0.370029;,
        -2.680556; 6.961293; 0.370029;,
        -2.680556; 4.191817; 0.370029;,
        -1.505472; 4.191815; 0.370029;,
        -1.505471; 6.961293;-0.370029;,
        -1.505471; 6.961293; 0.370029;,
        -1.505472; 4.191815; 0.370029;,
        -1.505471; 4.191816;-0.370029;,
        -1.505471; 4.191816;-0.370029;,
        -1.505472; 4.191815; 0.370029;,
        -2.680556; 4.191817; 0.370029;,
        -2.680556; 4.191816;-0.370029;,
        -2.680556; 4.191816;-0.370029;,
        -2.680556; 4.191817; 0.370029;,
        -2.680556; 6.961293; 0.370029;,
        -2.680555; 6.961294;-0.370029;,
        -1.505471; 6.961293; 0.370029;,
        -1.505471; 6.961293;-0.370029;,
        -2.680555; 6.961294;-0.370029;,
        -2.680556; 6.961293; 0.370029;,
        -1.421537;-1.409979;-0.422890;,
        -1.421537;-4.179456;-0.422890;,
        -2.764490;-4.179456;-0.422890;,
        -2.764490;-1.409979;-0.422890;,
        -1.421536;-1.409980; 0.422890;,
        -2.764490;-1.409979; 0.422890;,
        -2.764491;-4.179456; 0.422890;,
        -1.421537;-4.179457; 0.422890;,
        -1.421537;-1.409979;-0.422890;,
        -1.421536;-1.409980; 0.422890;,
        -1.421537;-4.179457; 0.422890;,
        -1.421537;-4.179456;-0.422890;,
        -1.421537;-4.179456;-0.422890;,
        -1.421537;-4.179457; 0.422890;,
        -2.764491;-4.179456; 0.422890;,
        -2.764490;-4.179456;-0.422890;,
        -2.764490;-4.179456;-0.422890;,
        -2.764491;-4.179456; 0.422890;,
        -2.764490;-1.409979; 0.422890;,
        -2.764490;-1.409979;-0.422890;,
        -1.421536;-1.409980; 0.422890;,
        -1.421537;-1.409979;-0.422890;,
        -2.764490;-1.409979;-0.422890;,
        -2.764490;-1.409979; 0.422890;,
        -1.505471;-4.198144;-0.370029;,
        -1.505471;-6.967621;-0.370029;,
        -2.680556;-6.967621;-0.370029;,
        -2.680555;-4.198143;-0.370029;,
        -1.505471;-4.198144; 0.370029;,
        -2.680556;-4.198144; 0.370029;,
        -2.680556;-6.967620; 0.370029;,
        -1.505472;-6.967622; 0.370029;,
        -1.505471;-4.198144;-0.370029;,
        -1.505471;-4.198144; 0.370029;,
        -1.505472;-6.967622; 0.370029;,
        -1.505471;-6.967621;-0.370029;,
        -1.505471;-6.967621;-0.370029;,
        -1.505472;-6.967622; 0.370029;,
        -2.680556;-6.967620; 0.370029;,
        -2.680556;-6.967621;-0.370029;,
        -2.680556;-6.967621;-0.370029;,
        -2.680556;-6.967620; 0.370029;,
        -2.680556;-4.198144; 0.370029;,
        -2.680555;-4.198143;-0.370029;,
        -1.505471;-4.198144; 0.370029;,
        -1.505471;-4.198144;-0.370029;,
        -2.680555;-4.198143;-0.370029;,
        -2.680556;-4.198144; 0.370029;,
        -1.841210;-6.983517;-0.158584;,
        -1.841210;-8.317596;-0.158584;,
        -2.344817;-8.317595;-0.158584;,
        -2.344817;-6.983517;-0.158584;,
        -1.841210;-6.983518; 0.158584;,
        -2.344817;-6.983517; 0.158584;,
        -2.344817;-8.317595; 0.158584;,
        -1.841210;-8.317596; 0.158584;,
        -1.841210;-6.983517;-0.158584;,
        -1.841210;-6.983518; 0.158584;,
        -1.841210;-8.317596; 0.158584;,
        -1.841210;-8.317596;-0.158584;,
        -1.841210;-8.317596;-0.158584;,
        -1.841210;-8.317596; 0.158584;,
        -2.344817;-8.317595; 0.158584;,
        -2.344817;-8.317595;-0.158584;,
        -2.344817;-8.317595;-0.158584;,
        -2.344817;-8.317595; 0.158584;,
        -2.344817;-6.983517; 0.158584;,
        -2.344817;-6.983517;-0.158584;,
        -1.841210;-6.983518; 0.158584;,
        -1.841210;-6.983517;-0.158584;,
        -2.344817;-6.983517;-0.158584;,
        -2.344817;-6.983517; 0.158584;,
        -4.515661;-6.983517;-0.211445;,
        -4.515661;-8.317596;-0.211445;,
        -5.019269;-8.317595;-0.211445;,
        -5.019269;-6.983517;-0.211445;,
        -4.515661;-6.983518; 0.211445;,
        -5.019269;-6.983517; 0.211445;,
        -5.019269;-8.317595; 0.211445;,
        -4.515661;-8.317596; 0.211445;,
        -4.515661;-6.983517;-0.211445;,
        -4.515661;-6.983518; 0.211445;,
        -4.515661;-8.317596; 0.211445;,
        -4.515661;-8.317596;-0.211445;,
        -4.515661;-8.317596;-0.211445;,
        -4.515661;-8.317596; 0.211445;,
        -5.019269;-8.317595; 0.211445;,
        -5.019269;-8.317595;-0.211445;,
        -5.019269;-8.317595;-0.211445;,
        -5.019269;-8.317595; 0.211445;,
        -5.019269;-6.983517; 0.211445;,
        -5.019269;-6.983517;-0.211445;,
        -4.515661;-6.983518; 0.211445;,
        -4.515661;-6.983517;-0.211445;,
        -5.019269;-6.983517;-0.211445;,
        -5.019269;-6.983517; 0.211445;,
        -4.179923;-4.198144;-0.370029;,
        -4.179923;-6.967621;-0.370029;,
        -5.355007;-6.967621;-0.370029;,
        -5.355007;-4.198143;-0.370029;,
        -4.179923;-4.198144; 0.370029;,
        -5.355007;-4.198144; 0.370029;,
        -5.355008;-6.967620; 0.370029;,
        -4.179923;-6.967622; 0.370029;,
        -4.179923;-4.198144;-0.370029;,
        -4.179923;-4.198144; 0.370029;,
        -4.179923;-6.967622; 0.370029;,
        -4.179923;-6.967621;-0.370029;,
        -4.179923;-6.967621;-0.370029;,
        -4.179923;-6.967622; 0.370029;,
        -5.355008;-6.967620; 0.370029;,
        -5.355007;-6.967621;-0.370029;,
        -5.355007;-6.967621;-0.370029;,
        -5.355008;-6.967620; 0.370029;,
        -5.355007;-4.198144; 0.370029;,
        -5.355007;-4.198143;-0.370029;,
        -4.179923;-4.198144; 0.370029;,
        -4.179923;-4.198144;-0.370029;,
        -5.355007;-4.198143;-0.370029;,
        -5.355007;-4.198144; 0.370029;,
        -4.095988;-1.409979;-0.422890;,
        -4.095988;-4.179456;-0.422890;,
        -5.438942;-4.179456;-0.422890;,
        -5.438941;-1.409979;-0.422890;,
        -4.095988;-1.409980; 0.422890;,
        -5.438942;-1.409979; 0.422890;,
        -5.438942;-4.179456; 0.422890;,
        -4.095989;-4.179457; 0.422890;,
        -4.095988;-1.409979;-0.422890;,
        -4.095988;-1.409980; 0.422890;,
        -4.095989;-4.179457; 0.422890;,
        -4.095988;-4.179456;-0.422890;,
        -4.095988;-4.179456;-0.422890;,
        -4.095989;-4.179457; 0.422890;,
        -5.438942;-4.179456; 0.422890;,
        -5.438942;-4.179456;-0.422890;,
        -5.438942;-4.179456;-0.422890;,
        -5.438942;-4.179456; 0.422890;,
        -5.438942;-1.409979; 0.422890;,
        -5.438941;-1.409979;-0.422890;,
        -4.095988;-1.409980; 0.422890;,
        -4.095988;-1.409979;-0.422890;,
        -5.438941;-1.409979;-0.422890;,
        -5.438942;-1.409979; 0.422890;,
        -7.338567;-1.409979;-0.422890;,
        -7.338567;-4.179456;-0.422890;,
        -8.681520;-4.179456;-0.422890;,
        -8.681520;-1.409979;-0.422890;,
        -7.338567;-1.409980; 0.422890;,
        -8.681520;-1.409979; 0.422890;,
        -8.681521;-4.179456; 0.422890;,
        -7.338568;-4.179457; 0.422890;,
        -7.338567;-1.409979;-0.422890;,
        -7.338567;-1.409980; 0.422890;,
        -7.338568;-4.179457; 0.422890;,
        -7.338567;-4.179456;-0.422890;,
        -7.338567;-4.179456;-0.422890;,
        -7.338568;-4.179457; 0.422890;,
        -8.681521;-4.179456; 0.422890;,
        -8.681520;-4.179456;-0.422890;,
        -8.681520;-4.179456;-0.422890;,
        -8.681521;-4.179456; 0.422890;,
        -8.681520;-1.409979; 0.422890;,
        -8.681520;-1.409979;-0.422890;,
        -7.338567;-1.409980; 0.422890;,
        -7.338567;-1.409979;-0.422890;,
        -8.681520;-1.409979;-0.422890;,
        -8.681520;-1.409979; 0.422890;,
        -7.422502;-4.198144;-0.370029;,
        -7.422502;-6.967621;-0.370029;,
        -8.597587;-6.967621;-0.370029;,
        -8.597586;-4.198143;-0.370029;,
        -7.422502;-4.198144; 0.370029;,
        -8.597587;-4.198144; 0.370029;,
        -8.597587;-6.967620; 0.370029;,
        -7.422503;-6.967622; 0.370029;,
        -7.422502;-4.198144;-0.370029;,
        -7.422502;-4.198144; 0.370029;,
        -7.422503;-6.967622; 0.370029;,
        -7.422502;-6.967621;-0.370029;,
        -7.422502;-6.967621;-0.370029;,
        -7.422503;-6.967622; 0.370029;,
        -8.597587;-6.967620; 0.370029;,
        -8.597587;-6.967621;-0.370029;,
        -8.597587;-6.967621;-0.370029;,
        -8.597587;-6.967620; 0.370029;,
        -8.597587;-4.198144; 0.370029;,
        -8.597586;-4.198143;-0.370029;,
        -7.422502;-4.198144; 0.370029;,
        -7.422502;-4.198144;-0.370029;,
        -8.597586;-4.198143;-0.370029;,
        -8.597587;-4.198144; 0.370029;,
        -7.758240;-6.983517;-0.158584;,
        -7.758240;-8.317596;-0.158584;,
        -8.261847;-8.317595;-0.158584;,
        -8.261847;-6.983517;-0.158584;,
        -7.758240;-6.983518; 0.158584;,
        -8.261847;-6.983517; 0.158584;,
        -8.261848;-8.317595; 0.158584;,
        -7.758241;-8.317596; 0.158584;,
        -7.758240;-6.983517;-0.158584;,
        -7.758240;-6.983518; 0.158584;,
        -7.758241;-8.317596; 0.158584;,
        -7.758240;-8.317596;-0.158584;,
        -7.758240;-8.317596;-0.158584;,
        -7.758241;-8.317596; 0.158584;,
        -8.261848;-8.317595; 0.158584;,
        -8.261847;-8.317595;-0.158584;,
        -8.261847;-8.317595;-0.158584;,
        -8.261848;-8.317595; 0.158584;,
        -8.261847;-6.983517; 0.158584;,
        -8.261847;-6.983517;-0.158584;,
        -7.758240;-6.983518; 0.158584;,
        -7.758240;-6.983517;-0.158584;,
        -8.261847;-6.983517;-0.158584;,
        -8.261847;-6.983517; 0.158584;,
        -10.524686;-10.507868;-0.264306;,
        -10.524686;-13.330553;-0.264306;,
        -11.196162;-13.330553;-0.264306;,
        -11.196162;-10.507867;-0.264306;,
        -10.524686;-10.507869; 0.264306;,
        -11.196162;-10.507868; 0.264306;,
        -11.196162;-13.330553; 0.264306;,
        -10.524686;-13.330554; 0.264306;,
        -10.524686;-10.507868;-0.264306;,
        -10.524686;-10.507869; 0.264306;,
        -10.524686;-13.330554; 0.264306;,
        -10.524686;-13.330553;-0.264306;,
        -10.524686;-13.330553;-0.264306;,
        -10.524686;-13.330554; 0.264306;,
        -11.196162;-13.330553; 0.264306;,
        -11.196162;-13.330553;-0.264306;,
        -11.196162;-13.330553;-0.264306;,
        -11.196162;-13.330553; 0.264306;,
        -11.196162;-10.507868; 0.264306;,
        -11.196162;-10.507867;-0.264306;,
        -10.524686;-10.507869; 0.264306;,
        -10.524686;-10.507868;-0.264306;,
        -11.196162;-10.507867;-0.264306;,
        -11.196162;-10.507868; 0.264306;,
        -10.188948;-7.078163;-0.422890;,
        -10.188948;-10.494699;-0.422890;,
        -11.531900;-10.494699;-0.422890;,
        -11.531900;-7.078163;-0.422890;,
        -10.188947;-7.078164; 0.422890;,
        -11.531900;-7.078163; 0.422890;,
        -11.531901;-10.494699; 0.422890;,
        -10.188948;-10.494700; 0.422890;,
        -10.188948;-7.078163;-0.422890;,
        -10.188947;-7.078164; 0.422890;,
        -10.188948;-10.494700; 0.422890;,
        -10.188948;-10.494699;-0.422890;,
        -10.188948;-10.494699;-0.422890;,
        -10.188948;-10.494700; 0.422890;,
        -11.531901;-10.494699; 0.422890;,
        -11.531900;-10.494699;-0.422890;,
        -11.531900;-10.494699;-0.422890;,
        -11.531901;-10.494699; 0.422890;,
        -11.531900;-7.078163; 0.422890;,
        -11.531900;-7.078163;-0.422890;,
        -10.188947;-7.078164; 0.422890;,
        -10.188948;-7.078163;-0.422890;,
        -11.531900;-7.078163;-0.422890;,
        -11.531900;-7.078163; 0.422890;,
        -10.105013;-1.415473;-0.475751;,
        -10.105013;-7.051390;-0.475751;,
        -11.615835;-7.051390;-0.475751;,
        -11.615835;-1.415472;-0.475751;,
        -10.105012;-1.415474; 0.475751;,
        -11.615835;-1.415473; 0.475751;,
        -11.615835;-7.051389; 0.475751;,
        -10.105013;-7.051392; 0.475751;,
        -10.105013;-1.415473;-0.475751;,
        -10.105012;-1.415474; 0.475751;,
        -10.105013;-7.051392; 0.475751;,
        -10.105013;-7.051390;-0.475751;,
        -10.105013;-7.051390;-0.475751;,
        -10.105013;-7.051392; 0.475751;,
        -11.615835;-7.051389; 0.475751;,
        -11.615835;-7.051390;-0.475751;,
        -11.615835;-7.051390;-0.475751;,
        -11.615835;-7.051389; 0.475751;,
        -11.615835;-1.415473; 0.475751;,
        -11.615835;-1.415472;-0.475751;,
        -10.105012;-1.415474; 0.475751;,
        -10.105013;-1.415473;-0.475751;,
        -11.615835;-1.415472;-0.475751;,
        -11.615835;-1.415473; 0.475751;,
        -14.059006;-0.371101;-3.514264;,
        -14.059006;-0.461165;-3.514264;,
        -14.394745;-0.461165;-3.514264;,
        -14.394745;-0.371101;-3.514264;,
        -14.059006;-0.371101;-1.928426;,
        -14.394745;-0.371101;-1.928426;,
        -14.394745;-0.461165;-1.928426;,
        -14.059007;-0.461165;-1.928426;,
        -14.059006;-0.371101;-3.514264;,
        -14.059006;-0.371101;-1.928426;,
        -14.059007;-0.461165;-1.928426;,
        -14.059006;-0.461165;-3.514264;,
        -14.059006;-0.461165;-3.514264;,
        -14.059007;-0.461165;-1.928426;,
        -14.394745;-0.461165;-1.928426;,
        -14.394745;-0.461165;-3.514264;,
        -14.394745;-0.461165;-3.514264;,
        -14.394745;-0.461165;-1.928426;,
        -14.394745;-0.371101;-1.928426;,
        -14.394745;-0.371101;-3.514264;,
        -14.059006;-0.371101;-1.928426;,
        -14.059006;-0.371101;-3.514264;,
        -14.394745;-0.371101;-3.514264;,
